data/obs/c2h6/WDCGG/event/CH0001G.20170101004800.20180821000000.online_gc.ethane.air.1y.2h.CH01L_Agilent_GC-MS-MEDUSA_Medusa-12_JFJ.CH01L_VOC_AIR_Medusa-12.lev2.nas
70 1001
Hill, Matz; Reimann, Stefan; Vollmer, Martin K.
CH01L, Swiss Federal Laboratories for Materials Science and Technology, EMPA, Section Air Pollution, Überlandstrasse 133, , 8600, Dübendorf, Switzerland
Hill, Matz
ACTRIS EMEP GAW-WDCRG
1 1
2017 01 01 2018 08 21
0
days from file reference point
5
1 1 1 1 1
999.999999 99999.999 9999.999 999.999 9.999
end_time of measurement, days from the file reference point
ethane, pmol/mol, Statistics=arithmetic mean, Detection limit=1.1 pmol/mol
ethane, pmol/mol, Statistics=expanded uncertainty 2sigma
ethane, pmol/mol, Statistics=precision
numflag, no unit
0
51
Data definition:              EBAS_1.1
Set type code:                TI
Timezone:                     UTC
File name:                    CH0001G.20170101004800.20180821000000.online_gc.ethane.air.1y.2h.CH01L_Agilent_GC-MS-MEDUSA_Medusa-12_JFJ.CH01L_VOC_AIR_Medusa-12.lev2.nas
File creation:                20190306184545
Startdate:                    20170101004800
Revision date:                20180821000000
Version:                      3
Version description:          Third submission
Data level:                   2
Period code:                  1y
Resolution code:              2h
Sample duration:              20mn
Orig. time res.:              2h
Station code:                 CH0001G
Platform code:                CH0001S
Station name:                 Jungfraujoch
Station GAW-ID:               JFJ
Station latitude:             46.5475
Station longitude:            7.985
Station altitude:             3578.0m
Measurement altitude:         3580.0m
Measurement height:           2.0m
Regime:                       IMG
Component:                    ethane
Unit:                         pmol/mol
Matrix:                       air
Instrument type:              online_gc
Laboratory code:              CH01L
Instrument name:              Agilent_GC-MS-MEDUSA_Medusa-12_JFJ
Instrument manufacturer:      AGAGE+Agilent+Agilent
Instrument model:             MEDUSA+6890N+5975B
Instrument serial number:     Medusa-12
Method ref:                   CH01L_VOC_AIR_Medusa-12
Standard method:              None
Calibration scale:            SIO-p
Inlet type:                   Hat or hood
Inlet description:            above the roof
Volume std. temperature:      273.15 K
Volume std. pressure:         1013.25 hPa
Detection limit expl.:        Determined by instrument counting statistics, no detection limit flag used
Measurement uncertainty expl.: Includes reproducibility (precision) + systematic errors (accuracy)
Zero/negative values code:    Zero/negative impossible
Zero/negative values:         Zero and neg. values do not appear because data was processed and zero/neg data taken out
Originator:                   Hill, Matz, matthias.hill@empa.ch, Swiss Federal Laboratories for Materials Science and Technology, Empa, Air Pollution/Environmental Technology, Ueberlandstrasse 129, , CH-8600, Duebendorf, Switzerland
Originator:                   Reimann, Stefan, , , , , , , , , 
Originator:                   Vollmer, Martin K., martin.vollmer@empa.ch, Swiss Federal Laboratories for Materials Science and Technology, Empa, Air Pollution/Environmental Technology, Ueberlandstrasse 129, , CH-8600, Duebendorf, Switzerland
Submitter:                    Hill, Matz, matthias.hill@empa.ch, Swiss Federal Laboratories for Materials Science and Technology, Empa, Air Pollution/Environmental Technology, Ueberlandstrasse 129, , CH-8600, Duebendorf, Switzerland
Acknowledgement:              Request acknowledgement details from data originator
Comment:                      "No SOP currently available, MEDUSA. Sample volume: 2L, trap at -170degC, trap material Hayesep D, Nafion dryer, no O3 removal, 2-hourly calibration interval"
starttime endtime C2H6 C2H6 C2H6 flag
[from data line 2328]
189.897222 189.911111   767.101   48.815   2.700 0.000
189.942361 189.956250   745.209   47.445   2.722 0.000
190.032639 190.046528   683.776   43.533   2.498 0.000
190.077778 190.091667   689.322   43.903   2.588 0.000
190.168056 190.181944   731.192   46.569   2.745 0.000
190.213194 190.227083   723.092   46.135   3.043 0.000
190.303472 190.317361   736.269   46.976   3.098 0.000
190.348611 190.362500   735.571   46.942   3.134 0.000
190.438889 190.452778   730.339   46.608   3.112 0.000
190.484028 190.497917   739.273   47.158   3.071 0.000
190.574306 190.588194   759.393   48.441   3.155 0.000
190.619444 190.633333   758.274   48.367   3.142 0.000
190.709722 190.723611   798.647   50.943   3.309 0.000
190.754861 190.768750   757.630   48.333   3.165 0.000
190.845139 190.859028   734.800   46.877   3.069 0.000
190.890278 190.904167   657.192   41.903   2.657 0.000
190.980556 190.994444   645.796   41.176   2.611 0.000
191.025694 191.039583   654.640   41.722   2.573 0.000
191.116667 191.130556   634.203   40.419   2.492 0.000
191.161806 191.175694   649.726   41.411   2.566 0.000
191.252083 191.265972   701.001   44.680   2.768 0.000
191.297222 191.311111   785.002   50.058   3.199 0.000
191.387500 191.401389   729.939   46.547   2.974 0.000
191.432639 191.446528   708.005   45.191   3.046 0.000
191.522917 191.536806   679.603   43.378   2.924 0.000
191.568056 191.581944   667.148   42.571   2.825 0.000
191.658333 191.672222   715.744   45.672   3.030 0.000
191.703472 191.717361   704.896   44.934   2.807 0.000
191.793750 191.807639   728.029   46.408   2.899 0.000
191.838889 191.852778   757.146   48.259   2.996 0.000
191.929167 191.943056   724.291   46.165   2.866 0.000
191.974306 191.988194   738.346   47.041   2.841 0.000
192.064583 192.078472   716.499   45.650   2.757 0.000
192.109722 192.123611   793.105   50.537   3.078 0.000
192.200000 192.213889   867.143   55.254   3.365 0.000
192.245139 192.259028   635.337   40.428   2.224 0.000
192.335417 192.349306   764.964   48.676   2.678 0.000
192.380556 192.394444 99999.999 9999.999 999.999 0.999
192.470833 192.484722   733.307   46.761   2.986 0.000
192.515972 192.529861   761.840   48.688   3.497 0.000
192.606250 192.620139   758.478   48.473   3.481 0.000
192.651389 192.665278   769.638   49.219   3.646 0.000
192.741667 192.755556   746.552   47.743   3.537 0.000
192.786806 192.800694 99999.999 9999.999 999.999 0.999
192.877083 192.890972   742.597   47.851   4.580 0.000
192.922222 192.936111   750.105   48.393   4.775 0.000
193.012500 193.026389   756.341   48.750   4.701 0.000
193.057639 193.071528   753.579   48.631   4.834 0.000
193.147917 193.161806   749.767   48.408   4.867 0.000
193.193056 193.206944   756.899   48.933   5.072 0.000
193.283333 193.297222   788.945   50.932   5.107 0.000
193.328472 193.342361   790.318   51.044   5.174 0.000
193.418750 193.432639   774.765   49.981   4.927 0.000
193.463889 193.477778   770.349   49.659   4.802 0.000
193.554167 193.568056   758.834   48.923   4.747 0.000
193.599306 193.613194   754.571   48.706   4.869 0.000
193.915278 193.929167   734.155   47.354   4.650 0.000
193.960417 193.974306   753.700   48.565   4.646 0.000
194.050694 194.064583   741.672   47.852   4.730 0.000
194.095833 194.109722   734.090   47.377   4.718 0.000
194.186111 194.200000   734.396   47.443   4.835 0.000
194.231250 194.245139   743.247   47.950   4.731 0.000
194.321528 194.335417   732.632   47.320   4.802 0.000
194.366667 194.380556   742.384   47.950   4.866 0.000
194.456944 194.470833   734.389   47.354   4.612 0.000
194.502083 194.515972   735.115   47.403   4.622 0.000
194.592361 194.606250   735.684   47.379   4.467 0.000
194.637500 194.651389   740.044   47.660   4.494 0.000
194.727778 194.741667   753.035   48.486   4.544 0.000
194.772917 194.786806   768.496   49.481   4.638 0.000
194.863194 194.877083   785.510   50.506   4.549 0.000
194.908333 194.922222   789.796   50.616   4.089 0.000
194.998611 195.012500   767.697   49.167   3.871 0.000
195.043750 195.057639   768.636   49.234   3.899 0.000
195.630556 195.644444   761.651   48.922   4.269 0.000
195.675694 195.689583   753.606   48.405   4.224 0.000
195.765972 195.779861   740.829   47.633   4.290 0.000
195.811111 195.825000   736.495   47.355   4.265 0.000
195.901389 195.915278   727.873   46.858   4.371 0.000
195.946528 195.960417   742.362   47.790   4.459 0.000
196.036806 196.050694   714.024   46.023   4.439 0.000
196.081944 196.095833   716.321   46.171   4.454 0.000
196.224306 196.238194   746.802   48.016   4.320 0.000
196.314583 196.328472   791.078   50.929   4.759 0.000
196.359722 196.373611   779.350   50.098   4.480 0.000
196.450000 196.463889   657.329   42.265   3.809 0.000
196.495139 196.509028   589.259   37.838   3.271 0.000
196.585417 196.599306   648.370   41.620   3.560 0.000
196.630556 196.644444   644.927   41.427   3.621 0.000
196.720833 196.734722 99999.999 9999.999 999.999 0.999
196.765972 196.779861 99999.999 9999.999 999.999 0.999
196.856250 196.870139 99999.999 9999.999 999.999 0.999
196.902083 196.915972 99999.999 9999.999 999.999 0.999
196.992361 197.006250   540.509   34.647   2.820 0.000
197.037500 197.051389   545.701   34.935   2.708 0.000
197.127778 197.141667   541.614   34.511   2.099 0.000
197.172917 197.186806   552.482   35.189   2.082 0.000
197.263194 197.277083   530.072   33.762   1.998 0.000
197.308333 197.322222   528.197   33.558   1.596 0.000
197.398611 197.412500   531.584   33.774   1.607 0.000
197.443750 197.457639   556.450   35.426   2.027 0.000
197.534028 197.547917   625.300   39.809   2.278 0.000
197.579167 197.593056   638.158   40.631   2.338 0.000
197.669444 197.683333 99999.999 9999.999 999.999 0.999
197.714583 197.728472   757.602   48.217   2.695 0.000
197.804861 197.818750   709.146   45.133   2.523 0.000
197.850000 197.863889   696.744   44.322   2.380 0.000
197.940278 197.954167   685.132   43.584   2.341 0.000
197.985417 197.999306   680.493   43.275   2.263 0.000
198.075694 198.089583   653.399   41.552   2.173 0.000
198.120833 198.134722   647.826   41.237   2.333 0.000
198.211111 198.225000 99999.999 9999.999 999.999 0.999
198.256250 198.270139 99999.999 9999.999 999.999 0.999
198.346528 198.360417   654.555   41.692   2.474 0.000
198.391667 198.405556   674.515   42.947   2.479 0.000
198.481944 198.495833   687.535   43.776   2.527 0.000
198.527083 198.540972   706.090   44.959   2.601 0.000
198.617361 198.631250   667.768   42.519   2.460 0.000
198.662500 198.676389   696.886   44.353   2.480 0.000
198.752778 198.766667   727.047   46.273   2.587 0.000
198.797917 198.811806   716.101   45.538   2.373 0.000
198.888194 198.902083   677.893   43.109   2.247 0.000
198.933333 198.947222   656.631   41.769   2.235 0.000
199.023611 199.037500   634.559   40.365   2.159 0.000
199.068750 199.082639   657.335   41.813   2.235 0.000
199.159028 199.172917   617.837   39.301   2.101 0.000
199.204167 199.218056   650.921   41.385   2.115 0.000
199.294444 199.308333   590.418   37.538   1.918 0.000
199.339583 199.353472   570.076   36.242   1.842 0.000
199.429861 199.443750   609.378   38.741   1.969 0.000
199.475000 199.488889   610.185   38.728   1.622 0.000
199.565278 199.579167   660.253   41.905   1.755 0.000
199.610417 199.624306   701.161   44.604   2.399 0.000
199.700694 199.714583   856.767   54.503   2.932 0.000
199.745833 199.759722   642.564   40.902   2.313 0.000
199.836111 199.850000   586.931   37.347   2.052 0.000
199.881250 199.895139   601.273   38.276   2.174 0.000
199.971528 199.985417   603.673   38.412   2.108 0.000
200.016667 200.030556   602.161   38.327   2.157 0.000
200.106944 200.120833   600.909   38.253   2.173 0.000
200.152083 200.165972   605.408   38.509   2.053 0.000
200.242361 200.256250   600.197   38.170   2.001 0.000
200.287500 200.301389   701.675   44.590   2.173 0.000
200.377778 200.391667   739.515   47.012   2.378 0.000
200.422917 200.436806   727.970   46.295   2.421 0.000
200.513194 200.527083   730.164   46.488   2.672 0.000
200.558333 200.572222   713.442   45.443   2.697 0.000
200.874306 200.888194   731.845   46.615   2.766 0.000
200.919444 200.933333   745.152   47.441   2.722 0.000
201.009722 201.023611   741.473   47.214   2.741 0.000
201.054861 201.068750   737.261   46.930   2.655 0.000
201.145139 201.159028   730.615   46.527   2.717 0.000
201.190278 201.204167   730.745   46.520   2.654 0.000
201.280556 201.294444   753.493   47.988   2.821 0.000
201.325694 201.339583   771.846   49.187   3.016 0.000
201.415972 201.429861   839.492   53.608   3.702 0.000
201.461111 201.475000   864.223   55.187   3.811 0.000
201.551389 201.565278   862.504   55.085   3.830 0.000
201.596528 201.610417   823.827   52.583   3.543 0.000
201.686806 201.700694   770.123   49.090   3.060 0.000
201.731944 201.745833   748.492   47.711   2.974 0.000
201.822222 201.836111   732.005   46.648   2.860 0.000
201.867361 201.881250   730.169   46.551   2.933 0.000
201.957639 201.971528   718.388   45.785   2.826 0.000
202.002778 202.016667   728.013   46.422   2.957 0.000
202.093056 202.106944   754.578   48.095   2.982 0.000
202.138194 202.152083   771.073   49.138   3.015 0.000
202.725694 202.739583   798.483   51.025   3.650 0.000
202.770833 202.784722   796.602   50.913   3.670 0.000
202.861111 202.875000   762.683   48.776   3.617 0.000
202.906250 202.920139   778.730   49.797   3.676 0.000
202.996528 203.010417   771.790   49.389   3.762 0.000
203.041667 203.055556   756.477   48.390   3.625 0.000
203.184028 203.197917   767.465   49.280   4.257 0.000
203.274306 203.288194   751.933   48.282   4.171 0.000
203.319444 203.333333   767.213   49.308   4.382 0.000
203.409722 203.423611   737.698   47.370   4.096 0.000
203.454861 203.468750   738.844   47.439   4.089 0.000
203.545139 203.559028   707.220   45.441   4.009 0.000
203.590278 203.604167   692.198   44.445   3.833 0.000
203.680556 203.694444   643.167   41.340   3.687 0.000
203.725694 203.739583   616.163   39.823   4.101 0.000
203.815972 203.829861   614.862   39.739   4.092 0.000
203.861111 203.875000   614.662   39.714   4.060 0.000
203.951389 203.965278   609.003   39.348   4.023 0.000
203.996528 204.010417   597.732   38.630   3.973 0.000
204.086806 204.100694   544.006   35.158   3.616 0.000
204.131944 204.145833   573.195   37.040   3.800 0.000
204.222222 204.236111   783.023   50.599   5.191 0.000
204.267361 204.281250   708.744   45.792   4.681 0.000
204.357639 204.371528   646.401   41.764   4.269 0.000
204.402778 204.416667   638.207   41.291   4.350 0.000
204.493056 204.506944   663.946   42.956   4.525 0.000
204.538194 204.552083   695.607   44.959   4.631 0.000
204.628472 204.642361   687.589   44.440   4.578 0.000
204.673611 204.687500   698.787   45.043   4.348 0.000
204.763889 204.777778   716.849   46.207   4.461 0.000
204.809028 204.822917   710.864   45.783   4.325 0.000
204.899306 204.913194   732.189   47.157   4.455 0.000
204.944444 204.958333   749.402   48.241   4.493 0.000
205.034722 205.048611   748.452   48.180   4.488 0.000
205.079861 205.093750   812.939   52.313   4.827 0.000
205.170139 205.184028   827.313   53.238   4.912 0.000
205.215278 205.229167   845.389   54.200   4.441 0.000
205.305556 205.319444   848.700   54.412   4.458 0.000
205.350694 205.364583   845.292   54.145   4.289 0.000
205.440972 205.454861   830.989   53.229   4.217 0.000
205.486111 205.500000   830.736   53.260   4.362 0.000
205.576389 205.590278   804.140   51.554   4.222 0.000
205.621528 205.635417   803.543   51.511   4.203 0.000
205.711806 205.725694   723.830   46.401   3.787 0.000
205.756944 205.770833   724.026   46.155   2.891 0.000
205.847222 205.861111   758.766   48.370   3.029 0.000
205.892361 205.906250   751.839   47.929   3.007 0.000
205.982639 205.996528   743.953   47.427   2.975 0.000
206.027778 206.041667   767.778   48.929   3.005 0.000
206.118056 206.131944   801.171   51.057   3.136 0.000
206.163194 206.177083   793.691   50.610   3.225 0.000
206.253472 206.267361   797.844   50.875   3.242 0.000
206.298611 206.312500   760.959   48.468   2.866 0.000
206.388889 206.402778   710.793   45.272   2.677 0.000
206.491667 206.505556   698.413   44.461   2.535 0.000
206.536806 206.550694   697.318   44.373   2.447 0.000
206.627083 206.640972   678.599   43.182   2.381 0.000
206.672222 206.686111 99999.999 9999.999 999.999 0.999
206.762500 206.776389   601.850   38.305   2.144 0.000
206.807639 206.821528   550.824   35.126   2.249 0.000
206.897917 206.911806   756.195   48.255   3.208 0.000
206.943056 206.956944   789.138   50.384   3.449 0.000
207.033333 207.047222   863.153   55.078   3.657 0.000
207.078472 207.092361   696.457   44.468   3.051 0.000
207.168750 207.182639   477.190   30.461   2.062 0.000
207.213889 207.227778   484.963   30.973   2.154 0.000
207.304167 207.318056   460.637   29.414   2.028 0.000
207.349306 207.363194   510.661   32.595   2.197 0.000
207.439583 207.453472   535.966   34.197   2.259 0.000
207.484722 207.498611   714.748   45.532   2.726 0.000
207.575000 207.588889   639.398   40.755   2.531 0.000
207.620139 207.634028   622.842   39.700   2.467 0.000
207.936806 207.950694   680.904   43.376   2.596 0.000
207.981944 207.995833   691.702   44.045   2.557 0.000
208.072222 208.086111   806.385   51.365   3.057 0.000
208.117361 208.131250   658.640   41.937   2.424 0.000
208.207639 208.221528   703.896   44.814   2.568 0.000
208.252778 208.266667   754.842   48.046   2.703 0.000
208.343056 208.356944   773.157   49.269   3.016 0.000
208.388194 208.402083   897.492   57.193   3.501 0.000
208.478472 208.492361   854.097   54.396   3.200 0.000
208.523611 208.537500   855.181   54.565   3.604 0.000
208.613889 208.627778   840.319   53.691   3.815 0.000
208.659028 208.672917   864.661   55.247   3.926 0.000
208.749306 208.763194   904.331   57.808   4.198 0.000
208.794444 208.808333   730.387   46.689   3.391 0.000
208.884722 208.898611   692.821   44.220   2.975 0.000
208.929861 208.943750   744.597   47.496   3.088 0.000
209.020139 209.034028   581.852   37.095   2.338 0.000
209.065278 209.079167   420.888   26.846   1.742 0.000
209.652083 209.665972   630.259   40.319   3.029 0.000
209.697222 209.711111   671.593   42.938   3.144 0.000
209.787500 209.801389   549.524   35.158   2.654 0.000
209.832639 209.846528   525.657   33.609   2.467 0.000
209.922917 209.936806   498.382   31.888   2.415 0.000
209.968056 209.981944   458.068   29.293   2.165 0.000
210.058333 210.072222   499.035   31.934   2.432 0.000
210.103472 210.117361   625.550   40.002   2.955 0.000
210.245833 210.259722   632.919   40.471   2.980 0.000
210.336111 210.350000   565.493   36.176   2.721 0.000
210.381250 210.395139   514.071   32.856   2.368 0.000
210.471528 210.485417   492.341   31.484   2.325 0.000
210.516667 210.530556   494.580   31.610   2.279 0.000
210.606944 210.620833   461.730   29.453   1.916 0.000
210.652083 210.665972   522.740   33.312   2.041 0.000
210.742361 210.756250   435.672   27.764   1.701 0.000
210.787500 210.801389   447.483   28.490   1.636 0.000
210.877778 210.891667   508.331   32.364   1.859 0.000
210.922917 210.936806   527.814   33.630   2.037 0.000
211.013194 211.027083   462.100   29.443   1.784 0.000
211.058333 211.072222   462.195   29.453   1.801 0.000
211.148611 211.162500   520.855   33.191   2.030 0.000
211.193750 211.207639   512.164   32.481   1.200 0.000
211.284028 211.297917   535.199   33.942   1.254 0.000
211.329167 211.343056   494.680   31.361   1.084 0.000
211.419444 211.433333   539.162   34.181   1.182 0.000
211.464583 211.478472   563.334   35.723   1.297 0.000
211.554861 211.568750 99999.999 9999.999 999.999 0.999
211.600000 211.613889 99999.999 9999.999 999.999 0.999
211.690278 211.704167 99999.999 9999.999 999.999 0.999
211.735417 211.749306   563.053   35.740   1.522 0.000
211.825694 211.839583   616.868   39.156   1.667 0.000
211.870833 211.884722   623.050   39.552   1.703 0.000
