data/obs/c2h6/WDCGG/event/CH0001G.20130101005200.20170425145159.online_gc.ethane.air.1y.2h.CH01L_Agilent_GC-MS-MEDUSA_Medusa-12_JFJ.CH01L_VOC_AIR_MEDUSA-12.lev2.nas
68 1001
Hill, Matz; Reimann, Stefan
CH01L, Swiss Federal Laboratories for Materials Science and Technology, EMPA, Section Air Pollution, Überlandstrasse 133, , 8600, Dübendorf, Switzerland
Hill, Matz
ACTRIS EMEP GAW-WDCGG-node GAW-WDCRG
1 1
2013 01 01 2017 04 25
0
days from file reference point
5
1 1 1 1 1
999.999999 99999.999 9999.999 999.999 9.999
end_time of measurement, days from the file reference point
ethane, pmol/mol, Statistics=arithmetic mean, Detection limit=1.1 pmol/mol
ethane, pmol/mol, Statistics=expanded uncertainty 2sigma
ethane, pmol/mol, Statistics=precision
numflag, no unit
0
49
Data definition:              EBAS_1.1
Set type code:                TI
Timezone:                     UTC
File name:                    CH0001G.20130101005200.20170425145159.online_gc.ethane.air.1y.2h.CH01L_Agilent_GC-MS-MEDUSA_Medusa-12_JFJ.CH01L_VOC_AIR_MEDUSA-12.lev2.nas
File creation:                20190306184543
Startdate:                    20130101005200
Revision date:                20170425145159
Version:                      3
Version description:          third revision, manually inspected
Data level:                   2
Period code:                  1y
Resolution code:              2h
Sample duration:              20mn
Orig. time res.:              2h
Station code:                 CH0001G
Platform code:                CH0001S
Station name:                 Jungfraujoch
Station GAW-ID:               JFJ
Station latitude:             46.5475
Station longitude:            7.985
Station altitude:             3578.0m
Measurement height:           4.0m
Regime:                       IMG
Component:                    ethane
Unit:                         pmol/mol
Matrix:                       air
Instrument type:              online_gc
Laboratory code:              CH01L
Instrument name:              Agilent_GC-MS-MEDUSA_Medusa-12_JFJ
Instrument manufacturer:      AGAGE+Agilent+Agilent
Instrument model:             MEDUSA+6890N+5975B
Instrument serial number:     Medusa-12
Method ref:                   CH01L_VOC_AIR_MEDUSA-12
Standard method:              None
Calibration scale:            SIO-p
Inlet type:                   Hat or hood
Inlet description:            above the roof
Volume std. temperature:      273.15 K
Volume std. pressure:         1013.25 hPa
Detection limit expl.:        Determined by instrument counting statistics, no detection limit flag used
Measurement uncertainty expl.: Includes reproducibility (precision) + systematic errors (accuracy)
Zero/negative values code:    Zero/negative impossible
Zero/negative values:         Zero and neg. values do not appear because data was processed and zero/neg data taken out
Originator:                   Hill, Matz, matthias.hill@empa.ch, Swiss Federal Laboratories for Materials Science and Technology, Empa, Air Pollution/Environmental Technology, Ueberlandstrasse 129, , CH-8600, Duebendorf, Switzerland
Originator:                   Reimann, Stefan, , , , , , , , , 
Submitter:                    Hill, Matz, matthias.hill@empa.ch, Swiss Federal Laboratories for Materials Science and Technology, Empa, Air Pollution/Environmental Technology, Ueberlandstrasse 129, , CH-8600, Duebendorf, Switzerland
Acknowledgement:              Request acknowledgement details from data originator
Comment:                      "No SOP currently available, MEDUSA. Sample volume: 2L, trap at -170degC, trap material Hayesep D, Nafion dryer, no O3 removal, 2-hourly calibration interval"
starttime endtime C2H6 C2H6 C2H6 flag
[from data line 291]
 25.842361  25.856250  1493.771   95.201   5.869 0.000
 25.884028  25.897917  1563.793   99.663   6.144 0.000
 25.967361  25.981250  1785.309  113.781   7.014 0.000
 26.009028  26.022917  1617.444  103.082   6.351 0.000
 26.175694  26.189583  1700.712  108.410   6.764 0.000
 26.217361  26.231250  1582.512  100.875   6.294 0.000
 26.300694  26.314583  1522.667   97.068   6.085 0.000
 26.342361  26.356250  1838.319  117.246   7.566 0.000
 26.425694  26.439583  1736.090  110.726   7.146 0.000
 26.467361  26.481250  1369.929   87.373   5.639 0.000
 26.550694  26.564583  1714.366  109.339   7.050 0.000
 26.592361  26.606250  1231.030   78.547   5.195 0.000
 26.675694  26.689583  1064.549   67.925   4.493 0.000
 26.717361  26.731250  1101.276   70.297   4.755 0.000
 26.800694  26.814583  1355.880   86.549   5.854 0.000
 26.842361  26.856250  1299.004   82.974   5.810 0.000
 26.925694  26.939583  1379.568   88.120   6.170 0.000
 26.967361  26.981250  1343.124   85.862   6.251 0.000
 27.050694  27.064583  1728.641  110.507   8.046 0.000
 27.092361  27.106250  1705.725  108.597   6.230 0.000
 27.175694  27.189583  1950.289  123.518   3.245 0.000
 27.217361  27.231250  2015.640  127.657   3.354 0.000
 27.300694  27.314583  1893.684  120.159   4.849 0.000
 27.342361  27.356250  1911.342  121.280   4.894 0.000
 27.425694  27.439583  1985.711  125.963   4.858 0.000
 27.467361  27.481250  2042.957  129.594   4.998 0.000
 27.550694  27.564583 99999.999 9999.999 999.999 0.999
 27.592361  27.606250  2097.518  133.110   5.476 0.000
 27.675694  27.689583 99999.999 9999.999 999.999 0.999
 27.913194  27.927083 99999.999 9999.999 999.999 0.999
 27.954861  27.968750 99999.999 9999.999 999.999 0.999
 28.038194  28.052083  3663.987  232.847  11.386 0.000
 28.079861  28.093750  3495.292  222.126  10.861 0.000
 28.163194  28.177083  2074.045  131.744   6.118 0.000
 28.204861  28.218750  2000.259  127.057   5.900 0.000
 28.288194  28.302083  1937.581  123.268   6.674 0.000
 28.329861  28.343750  2057.118  130.873   7.086 0.000
 28.413194  28.427083  2138.510  136.117   7.664 0.000
 28.454861  28.468750  2084.933  132.707   7.472 0.000
 28.538194  28.552083  1541.472   98.194   5.862 0.000
 28.579861  28.593750  1765.391  112.458   6.713 0.000
 28.663194  28.677083  1650.385  105.101   6.146 0.000
 28.704861  28.718750  1797.850  114.463   6.571 0.000
 28.788194  28.802083   989.161   62.959   3.537 0.000
 28.829861  28.843750  1141.336   72.644   4.081 0.000
 28.913194  28.927083  1035.232   65.912   3.795 0.000
 28.954861  28.968750  1008.063   64.182   3.695 0.000
 29.038194  29.052083   977.915   62.309   3.778 0.000
 29.079861  29.093750   904.184   57.611   3.494 0.000
 29.163194  29.177083   822.308   52.396   3.184 0.000
 29.204861  29.218750   706.930   45.044   2.737 0.000
 29.288194  29.302083 99999.999 9999.999 999.999 0.999
 29.329861  29.343750   724.635   46.133   2.640 0.000
 29.413194  29.427083   767.631   48.943   3.098 0.000
 29.454861  29.468750 99999.999 9999.999 999.999 0.999
 29.538194  29.552083   773.681   49.331   3.132 0.000
 29.579861  29.593750   867.921   55.340   3.514 0.000
 29.829861  29.843750  1330.247   84.789   5.266 0.000
 29.871528  29.885417  1424.763   90.813   5.640 0.000
 29.954861  29.968750  1637.683  104.446   6.725 0.000
 29.996528  30.010417  1700.859  108.475   6.984 0.000
 30.079861  30.093750  1829.831  116.724   7.604 0.000
 30.121528  30.135417  1893.718  120.799   7.869 0.000
 30.204861  30.218750  2042.731  130.306   8.494 0.000
 30.246528  30.260417  2064.389  131.687   8.584 0.000
 30.329861  30.343750  2073.646  132.095   7.890 0.000
 30.371528  30.385417  1914.811  121.977   7.286 0.000
 30.454861  30.468750  1785.302  113.777   6.999 0.000
 30.496528  30.510417  1769.966  112.799   6.939 0.000
 30.579861  30.593750  1704.986  108.677   6.758 0.000
 30.621528  30.635417  1385.759   88.329   5.493 0.000
 30.704861  30.718750  1618.234  103.182   6.553 0.000
 30.746528  30.760417  1877.998  119.774   7.719 0.000
 30.829861  30.843750  1834.497  117.139   8.062 0.000
 30.871528  30.885417  1835.083  117.176   8.065 0.000
 30.954861  30.968750  1968.794  125.877   9.224 0.000
 30.996528  31.010417  1882.974  120.390   8.822 0.000
 31.079861  31.093750  1897.594  121.242   8.604 0.000
 31.121528  31.135417  1911.188  122.110   8.666 0.000
 31.204861  31.218750  1965.376  125.584   8.952 0.000
 31.246528  31.260417  1825.269  116.631   8.314 0.000
 31.329861  31.343750  1586.192  101.379   7.310 0.000
 31.371528  31.385417  1452.821   92.792   6.472 0.000
 31.454861  31.468750   989.716   63.124   4.079 0.000
 31.496528  31.510417   954.051   60.850   3.932 0.000
 31.579861  31.593750 99999.999 9999.999 999.999 0.999
 31.621528  31.635417 99999.999 9999.999 999.999 0.999
 31.704861  31.718750  1142.136   72.893   4.885 0.000
 31.746528  31.760417  1168.774   74.595   5.006 0.000
 31.829861  31.843750  1006.093   64.235   4.393 0.000
 31.871528  31.885417   963.542   61.504   4.155 0.000
 31.954861  31.968750  1196.292   76.340   5.082 0.000
 31.996528  32.010417  1164.103   74.326   5.094 0.000
 32.079861  32.093750  1353.531   86.436   5.978 0.000
 32.121528  32.135417  1393.457   88.985   6.155 0.000
 32.663194  32.677083  2363.122  151.736  13.099 0.000
 32.704861  32.718750  2424.681  155.724  13.543 0.000
 32.788194  32.802083  2266.207  145.466  12.426 0.000
 32.829861  32.843750  2370.483  151.990  12.492 0.000
 32.913194  32.927083  2457.888  157.464  12.549 0.000
 32.954861  32.968750  2490.060  159.492  12.610 0.000
 33.038194  33.052083  2482.202  158.992  12.581 0.000
 33.079861  33.093750  2285.969  146.327  11.282 0.000
 33.246528  33.260417  2410.218  154.298  11.950 0.000
 33.288194  33.302083  2444.570  156.530  12.225 0.000
 33.371528  33.385417  2505.480  160.283  12.052 0.000
 33.413194  33.427083  2490.631  159.473  12.437 0.000
 33.496528  33.510417  2520.119  161.336  12.504 0.000
 33.538194  33.552083  2484.764  159.073  12.328 0.000
 33.621528  33.635417  2511.615  160.797  12.477 0.000
 33.663194  33.677083  2297.860  147.112  11.415 0.000
 33.746528  33.760417  2235.235  143.179  11.347 0.000
 33.788194  33.802083  2180.941  139.732  11.170 0.000
 33.871528  33.885417  2108.422  135.013  10.569 0.000
 33.913194  33.927083  2133.752  136.703  10.911 0.000
 33.996528  34.010417  2090.885  134.052  10.986 0.000
 34.038194  34.052083  2022.984  129.652  10.484 0.000
 34.121528  34.135417  2030.785  130.050  10.205 0.000
 34.163194  34.177083  2018.775  129.281  10.145 0.000
 34.246528  34.260417  1959.224  125.431   9.729 0.000
 34.288194  34.302083  1988.401  127.299   9.874 0.000
 34.371528  34.385417  1887.810  120.914   9.552 0.000
 34.413194  34.427083  1848.038  118.367   9.351 0.000
 34.496528  34.510417  1860.318  118.908   8.604 0.000
 34.538194  34.552083  1868.636  119.440   8.642 0.000
 34.621528  34.635417  1953.524  124.599   8.059 0.000
 34.663194  34.677083  1880.172  119.920   7.757 0.000
 34.746528  34.760417  1585.478  101.180   6.754 0.000
 34.788194  34.802083  1512.041   96.494   6.441 0.000
 34.871528  34.885417  1554.989   99.254   6.696 0.000
 34.913194  34.927083  1561.099   99.644   6.722 0.000
 34.996528  35.010417  1522.411   97.092   6.243 0.000
 35.038194  35.052083  1486.204   94.783   6.094 0.000
 35.121528  35.135417  1544.014   98.489   6.407 0.000
 35.163194  35.177083  1654.426  105.532   6.865 0.000
 35.246528  35.260417  1664.488  106.278   7.294 0.000
 35.288194  35.302083  1688.628  107.819   7.400 0.000
 35.371528  35.385417  1743.417  111.422   8.015 0.000
 35.413194  35.427083  1677.907  107.236   7.713 0.000
 35.496528  35.510417  2123.681  135.874  10.268 0.000
 35.538194  35.552083  2202.761  140.934  10.650 0.000
 35.621528  35.635417  2228.771  142.486  10.400 0.000
 35.663194  35.677083  2207.095  141.100  10.299 0.000
 35.746528  35.760417  2244.138  143.864  11.750 0.000
 35.788194  35.802083  2158.188  138.583  11.982 0.000
 35.871528  35.885417  1874.533  120.328  10.286 0.000
 35.913194  35.927083  1882.010  120.808  10.327 0.000
 35.996528  36.010417  1933.703  124.053  10.395 0.000
 36.038194  36.052083  1925.133  123.503  10.349 0.000
 36.121528  36.135417  1955.896  125.483  10.535 0.000
 36.163194  36.177083  1977.893  126.895  10.654 0.000
 36.246528  36.260417  2186.894  140.259  11.646 0.000
 36.288194  36.302083  2260.653  144.989  12.039 0.000
 36.371528  36.385417  2303.726  147.741  12.235 0.000
 36.413194  36.427083  2283.452  146.441  12.127 0.000
 36.496528  36.510417  2245.139  143.948  11.815 0.000
 36.538194  36.552083  2310.758  148.155  12.160 0.000
 36.621528  36.635417  2293.445  146.957  11.800 0.000
 36.663194  36.677083  2341.559  150.040  12.047 0.000
 36.913194  36.927083  2401.003  154.102  13.116 0.000
 36.954861  36.968750  2656.506  170.500  14.511 0.000
 37.038194  37.052083  2592.051  166.401  14.268 0.000
 37.079861  37.093750  2585.025  165.950  14.229 0.000
 37.163194  37.177083  2725.197  175.047  15.286 0.000
 37.204861  37.218750  2525.513  162.221  14.166 0.000
 37.288194  37.302083  2518.816  161.635  13.676 0.000
 37.329861  37.343750  2362.862  151.627  12.829 0.000
 37.413194  37.427083  2137.654  137.160  11.561 0.000
 37.454861  37.468750  2276.646  146.079  12.313 0.000
 37.538194  37.552083  2334.537  149.772  12.564 0.000
 37.579861  37.593750  2487.304  159.573  13.386 0.000
 37.663194  37.677083  2421.621  155.336  12.965 0.000
 37.704861  37.718750  2425.528  155.587  12.986 0.000
 37.788194  37.802083  2520.688  160.691  10.078 0.000
 37.829861  37.843750  2543.316  162.134  10.168 0.000
 37.913194  37.927083  2532.150  161.411  10.080 0.000
 37.954861  37.968750  2489.665  158.703   9.910 0.000
 38.038194  38.052083  2416.297  153.920   9.183 0.000
 38.079861  38.093750  2473.805  157.583   9.401 0.000
 38.163194  38.177083  2462.209  156.802   9.178 0.000
 38.204861  38.218750  2420.438  154.142   9.022 0.000
 38.288194  38.302083  2448.774  155.972   9.238 0.000
 38.329861  38.343750  2422.769  154.271   8.946 0.000
 38.413194  38.427083 99999.999 9999.999 999.999 0.999
 38.454861  38.468750 99999.999 9999.999 999.999 0.999
 38.538194  38.552083  2384.796  151.807   8.605 0.000
 38.579861  38.593750  2424.045  154.270   8.592 0.000
 38.663194  38.677083  2286.531  145.556   8.273 0.000
 38.704861  38.718750  2334.042  148.549   8.304 0.000
 38.788194  38.802083  2414.564  153.706   8.732 0.000
 38.829861  38.843750  2378.142  151.339   8.384 0.000
 38.913194  38.927083  2350.497  149.111   5.805 0.000
 38.954861  38.968750  2358.066  149.561   5.627 0.000
 39.038194  39.052083  2391.021  151.658   5.753 0.000
 39.079861  39.093750  2433.021  154.420   6.462 0.000
 39.621528  39.635417  2321.755  147.823   8.508 0.000
 39.663194  39.677083  2315.272  147.404   8.458 0.000
 39.746528  39.760417  2328.375  148.239   8.505 0.000
 39.788194  39.802083  2355.268  150.028   8.932 0.000
 39.871528  39.885417  2284.900  145.545   8.665 0.000
 39.913194  39.927083  2189.117  139.522   8.622 0.000
 39.996528  40.010417  2188.179  139.462   8.618 0.000
 40.038194  40.052083  2205.986  140.602   8.710 0.000
 40.204861  40.218750  2291.681  146.064   9.047 0.000
 40.246528  40.260417  2288.688  145.873   9.035 0.000
 40.329861  40.343750  2257.878  143.863   8.727 0.000
 40.371528  40.385417  2261.286  144.126   8.927 0.000
 40.454861  40.468750  1958.035  124.791   7.700 0.000
 40.496528  40.510417  1803.324  114.931   7.091 0.000
 40.579861  40.593750  1930.006  122.985   7.512 0.000
 40.621528  40.635417  1911.607  121.848   7.582 0.000
 40.704861  40.718750  2052.479  130.794   8.006 0.000
 40.746528  40.760417  1927.854  122.881   7.637 0.000
 40.829861  40.843750  1897.699  120.903   7.289 0.000
 40.871528  40.885417  1946.100  124.039   7.689 0.000
 40.954861  40.968750  1896.980  120.851   7.258 0.000
 40.996528  41.010417  1914.726  122.040   7.566 0.000
 41.079861  41.093750  2136.669  136.186   8.443 0.000
 41.121528  41.135417  2229.265  141.989   8.403 0.000
 41.204861  41.218750  2105.524  133.782   6.417 0.000
 41.246528  41.260417  2094.566  133.046   6.171 0.000
 41.329861  41.343750  2299.093  145.899   5.982 0.000
 41.371528  41.385417  2357.794  149.616   6.087 0.000
 41.454861  41.468750  2447.821  155.323   6.280 0.000
 41.496528  41.510417  2484.104  157.625   6.373 0.000
 41.584028  41.597917  2460.519  155.993   5.416 0.000
 41.629861  41.643750  2539.995  161.032   5.591 0.000
 41.721528  41.735417  2486.399  157.600   5.224 0.000
 41.767361  41.781250  2502.978  158.651   5.259 0.000
 41.886806  41.900694  2453.498  155.408   4.278 0.000
 41.904861  41.918750  2468.176  156.338   4.303 0.000
 41.996528  42.010417  2442.232  154.588   3.138 0.000
 42.042361  42.056250  2442.720  154.622   3.175 0.000
 42.134028  42.147917  2455.567  155.425   3.075 0.000
 42.179861  42.193750  2510.376  158.904   3.256 0.000
 42.271528  42.285417  2488.451  157.507   3.113 0.000
 42.345139  42.359028  2447.727  154.929   3.059 0.000
 42.409028  42.422917  2471.286  156.420   3.088 0.000
 42.454861  42.468750  2498.004  158.119   3.219 0.000
 42.546528  42.560417  2421.404  153.275   3.175 0.000
 42.592361  42.606250  2426.609  153.604   3.182 0.000
 42.684028  42.697917  2533.610  160.382   3.379 0.000
 42.729861  42.743750  2649.570  167.722   3.534 0.000
 42.821528  42.835417  2673.225  169.231   3.691 0.000
 42.867361  42.881250  2249.954  142.435   3.107 0.000
 42.959028  42.972917  2269.120  143.659   3.254 0.000
 43.004861  43.018750  2336.071  147.898   3.350 0.000
 43.096528  43.110417  2236.359  141.573   3.065 0.000
 43.142361  43.156250  2205.913  139.645   3.024 0.000
 43.261806  43.275694  2230.719  141.234   3.262 0.000
 43.279861  43.293750  2254.385  142.732   3.297 0.000
 43.371528  43.385417  2276.723  144.112   2.930 0.000
 43.417361  43.431250  2275.323  144.023   2.929 0.000
 43.509028  43.522917  2247.233  142.231   2.711 0.000
 43.554861  43.568750  2201.500  139.336   2.656 0.000
 43.813194  43.827083 99999.999 9999.999 999.999 0.999
 43.886806  43.900694  2067.968  131.115   4.613 0.000
 43.950694  43.964583 99999.999 9999.999 999.999 0.999
 43.996528  44.010417 99999.999 9999.999 999.999 0.999
 44.088194  44.102083  1912.001  121.301   4.768 0.000
 44.134028  44.147917  2042.227  129.563   5.093 0.000
 44.225694  44.239583  2189.664  138.945   5.642 0.000
 44.271528  44.285417  2235.236  141.837   5.759 0.000
 44.363194  44.377083  2267.709  143.897   5.841 0.000
 44.409028  44.422917  2250.657  142.815   5.797 0.000
 44.500694  44.514583  2227.494  141.335   5.672 0.000
 44.546528  44.560417  2141.554  135.882   5.453 0.000
 44.638194  44.652083  1738.109  110.235   4.115 0.000
 44.684028  44.697917  1792.762  113.702   4.245 0.000
 44.803472  44.817361  1411.573   89.504   3.193 0.000
 44.821528  44.835417  1231.952   78.115   2.787 0.000
 44.913194  44.927083  1283.333   81.399   3.085 0.000
 44.959028  44.972917  1560.477   98.978   3.751 0.000
 45.050694  45.064583  1695.916  107.545   3.921 0.000
 45.096528  45.110417  1807.854  114.644   4.180 0.000
 45.188194  45.202083  1942.250  123.152   4.391 0.000
 45.261806  45.275694  1907.965  120.959   4.174 0.000
 45.325694  45.339583  2147.690  136.166   4.768 0.000
 45.371528  45.385417  2157.408  136.782   4.790 0.000
 45.463194  45.477083  2077.390  131.741   4.836 0.000
 45.509028  45.522917  2101.383  133.244   4.763 0.000
 45.600694  45.614583  2139.827  135.692   4.920 0.000
 45.646528  45.660417  2085.218  132.229   4.794 0.000
 45.738194  45.752083  2072.901  131.456   4.823 0.000
 45.784028  45.797917  2131.614  135.180   4.960 0.000
 45.875694  45.889583  2178.761  137.990   3.646 0.000
 45.921528  45.935417  2199.477  139.302   3.681 0.000
 46.013194  46.027083  2249.683  142.460   3.554 0.000
 46.059028  46.072917  1752.792  110.995   2.769 0.000
 46.636806  46.650694  2028.617  128.704   5.089 0.000
