data/obs/c2h6/WDCGG/event/CH0005R.20150101011100.20160915102628.online_gc.ethane.air.1y.2h.CH01L_Agilent_ADS-GC-FID_cn10450060_RIG.CH01L_ADS_GC_FID_VOCAIR_RIGI.lev2.nas
68 1001
Hill, Matz; Reimann, Stefan
CH01L, Swiss Federal Laboratories for Materials Science and Technology, EMPA, Section Air Pollution, Überlandstrasse 133, , 8600, Dübendorf, Switzerland
Hill, Matz
ACTRIS EMEP GAW-WDCRG
1 1
2015 01 01 2016 09 15
0
days from file reference point
5
1 1 1 1 1
999.999999 99999 999.99 99.99 9.999
end_time of measurement, days from the file reference point
ethane, pmol/mol, Statistics=arithmetic mean, Data level=, Standard method=, Calibration scale=, Inlet type=, Detection limit=9.0 pmol/mol
ethane, pmol/mol, Revision date=20160725000000, Statistics=expanded uncertainty 2sigma
ethane, pmol/mol, Revision date=20160725000000, Statistics=precision
numflag, no unit
0
49
Data definition:              EBAS_1.1
Set type code:                TI
Timezone:                     UTC
File name:                    CH0005R.20150101011100.20160915102628.online_gc.ethane.air.1y.2h.CH01L_Agilent_ADS-GC-FID_cn10450060_RIG.CH01L_ADS_GC_FID_VOCAIR_RIGI.lev2.nas
File creation:                20190306184553
Startdate:                    20150101011100
Revision date:                20160915102628
Version:                      2
Version description:          initial revision, manually inspected
Data level:                   2
Period code:                  1y
Resolution code:              2h
Sample duration:              40mn
Orig. time res.:              2h
Station code:                 CH0005R
Platform code:                CH0005S
Station name:                 Rigi
Station GAW-ID:               RIG
Station latitude:             47.0675
Station longitude:            8.463889
Station altitude:             1031.0m
Measurement height:           4.0m
Regime:                       IMG
Component:                    ethane
Unit:                         pmol/mol
Matrix:                       air
Instrument type:              online_gc
Laboratory code:              CH01L
Instrument name:              Agilent_ADS-GC-FID_cn10450060_RIG
Instrument manufacturer:      Agilent
Instrument model:             6890GC/FID
Instrument serial number:     cn10450060
Method ref:                   CH01L_ADS_GC_FID_VOCAIR_RIGI
Standard method:              None
Calibration scale:            NPL
Inlet type:                   Hat or hood
Inlet description:            above the roof
Volume std. temperature:      273.15 K
Volume std. pressure:         1013.25 hPa
Detection limit expl.:        Determined by integration of a baseline signal multiplied by a factor of 3, detection     limit flag 147
Measurement uncertainty expl.: Includes reproducibility (precision) + systematic errors (accuracy)
Zero/negative values code:    Zero/negative impossible
Zero/negative values:         Neg. values don't appear because data was processed and neg data taken out
Originator:                   Hill, Matz, matthias.hill@empa.ch, Swiss Federal Laboratories for Materials Science and Technology, Empa, Air Pollution/Environmental Technology, Ueberlandstrasse 129, , CH-8600, Duebendorf, Switzerland
Originator:                   Reimann, Stefan, , , , , , , , , 
Submitter:                    Hill, Matz, matthias.hill@empa.ch, Swiss Federal Laboratories for Materials Science and Technology, Empa, Air Pollution/Environmental Technology, Ueberlandstrasse 129, , CH-8600, Duebendorf, Switzerland
Acknowledgement:              Request acknowledgement details from data originator
Comment:                      "No SOP currently available, o3 removed with an ozone scrubber, nafion dryer, Calibration interval:1/month calibration interval"
starttime endtime C2H6 C2H6 C2H6 flag
[from data line 1703]
146.197916 146.225694  1732  37.15  6.71 0.000
146.497916 146.525694  1415  30.94  6.25 0.000
146.581249 146.609027  1400  30.65  6.23 0.000
146.664583 146.692361  1393  30.51  6.22 0.000
146.747916 146.775694  1375  30.16  6.19 0.000
146.831249 146.859027  1398  30.61  6.23 0.000
146.914583 146.942361  1382  30.29  6.20 0.000
146.997916 147.025694  1388  30.41  6.21 0.000
147.081249 147.109027  1384  30.34  6.21 0.000
147.164583 147.192361  1383  30.32  6.21 0.000
147.247916 147.275694  1374  30.14  6.19 0.000
147.331249 147.359027  1380  30.26  6.20 0.000
147.414583 147.442361  1409  30.82  6.24 0.000
147.497916 147.525694  1381  30.28  6.20 0.000
147.581249 147.609027  1326  29.21  6.12 0.000
147.664583 147.692361  1304  28.78  6.09 0.000
147.747916 147.775694  1348  29.63  6.15 0.000
147.831249 147.859027  1410  30.84  6.24 0.000
147.914583 147.942361  1398  30.61  6.23 0.000
147.997916 148.025694  1364  29.95  6.18 0.000
148.081249 148.109027  1371  30.09  6.19 0.000
148.164583 148.192361  1361  29.89  6.17 0.000
148.247916 148.275694  1344  29.56  6.15 0.000
148.330556 148.358333  1333  29.34  6.13 0.000
148.413888 148.441666  1359  29.85  6.17 0.000
148.497222 148.525000  1370  30.07  6.19 0.000
148.580556 148.608333  1323  29.15  6.12 0.000
148.663888 148.691666  1305  28.80  6.09 0.000
148.747222 148.775000  1291  28.53  6.07 0.000
148.830556 148.858333  1364  29.95  6.18 0.000
148.913888 148.941666  1259  27.92  6.03 0.000
148.997222 149.025000  1221  27.18  5.97 0.000
149.080556 149.108333  1179  26.38  5.91 0.000
149.163888 149.191666  1159  25.99  5.88 0.000
149.247222 149.275000  1156  25.94  5.88 0.000
149.330556 149.358333  1139  25.61  5.85 0.000
149.413888 149.441666  1141  25.64  5.85 0.000
149.497222 149.525000  1101  24.89  5.80 0.000
149.580556 149.608333  1110  25.06  5.81 0.000
149.663888 149.691666  1206  26.90  5.95 0.000
149.747222 149.775000  1210  26.97  5.95 0.000
149.830556 149.858333  1207  26.91  5.95 0.000
149.913888 149.941666  1225  27.26  5.98 0.000
149.997222 150.025000  1219  27.15  5.97 0.000
150.080556 150.108333  1235  27.45  5.99 0.000
150.163888 150.191666  1236  27.47  5.99 0.000
150.247222 150.275000  1270  28.13  6.04 0.000
150.330556 150.358333  1227  27.30  5.98 0.000
150.529166 150.556944  1157  25.96  5.88 0.000
150.612499 150.640277  1139  25.61  5.85 0.000
150.695833 150.723611  1137  25.57  5.85 0.000
150.779166 150.806944  1158  25.97  5.88 0.000
150.862499 150.890277  1208  26.93  5.95 0.000
150.945833 150.973611  1193  26.65  5.93 0.000
151.029166 151.056944  1199  26.76  5.94 0.000
151.112499 151.140277  1162  26.05  5.88 0.000
151.195833 151.223611  1169  26.19  5.90 0.000
151.279166 151.306944  1155  25.91  5.87 0.000
151.362499 151.390277  1195  26.68  5.93 0.000
151.445833 151.473611  1166  26.13  5.89 0.000
151.529166 151.556944  1136  25.56  5.85 0.000
151.612499 151.640277  1136  25.56  5.85 0.000
151.695833 151.723611  1134  25.51  5.84 0.000
151.779166 151.806944  1124  25.32  5.83 0.000
151.862499 151.890277  1080  24.49  5.77 0.000
151.945833 151.973611  1090  24.68  5.78 0.000
152.029166 152.056944  1083  24.54  5.77 0.000
152.112499 152.140277  1086  24.60  5.77 0.000
152.195833 152.223611  1086  24.60  5.77 0.000
152.279166 152.306944  1088  24.64  5.78 0.000
152.362499 152.390277  1082  24.52  5.77 0.000
152.445833 152.473611  1119  25.23  5.82 0.000
152.529166 152.556944  1090  24.68  5.78 0.000
152.612499 152.640277  1083  24.54  5.77 0.000
152.695833 152.723611  1069  24.28  5.75 0.000
152.779166 152.806944  1108  25.02  5.81 0.000
152.862499 152.890277  1045  23.83  5.72 0.000
152.945833 152.973611  1001  22.99  5.65 0.000
153.029166 153.056944  1041  23.75  5.71 0.000
153.112499 153.140277  1048  23.88  5.72 0.000
153.195833 153.223611  1085  24.58  5.77 0.000
153.279166 153.306944  1106  24.98  5.80 0.000
153.362499 153.390277  1100  24.87  5.80 0.000
153.445833 153.473611  1088  24.64  5.78 0.000
153.529166 153.556944  1079  24.46  5.76 0.000
153.612499 153.640277  1045  23.83  5.72 0.000
153.695833 153.723611  1118  25.21  5.82 0.000
153.779166 153.806944  1174  26.28  5.90 0.000
153.862499 153.890277  1133  25.49  5.84 0.000
153.945833 153.973611  1194  26.66  5.93 0.000
154.029166 154.056944  1192  26.63  5.93 0.000
154.112499 154.140277  1194  26.66  5.93 0.000
154.195833 154.223611  1176  26.32  5.91 0.000
154.279166 154.306944  1239  27.53  6.00 0.000
154.362499 154.390277  1307  28.85  6.10 0.000
154.445833 154.473611  1274  28.21  6.05 0.000
154.529166 154.556944  1172  26.24  5.90 0.000
154.612499 154.640277  1112  25.09  5.81 0.000
154.695833 154.723611  1101  24.89  5.80 0.000
154.779166 154.806944  1116  25.17  5.82 0.000
154.862499 154.890277  1112  25.09  5.81 0.000
154.945833 154.973611  1112  25.09  5.81 0.000
155.029166 155.056944  1107  25.00  5.81 0.000
155.112499 155.140277  1113  25.11  5.81 0.000
155.195833 155.223611  1135  25.54  5.85 0.000
155.279166 155.306944  1155  25.91  5.87 0.000
155.362499 155.390277  1148  25.78  5.86 0.000
155.445833 155.473611  1133  25.49  5.84 0.000
155.529166 155.556944  1105  24.96  5.80 0.000
155.612499 155.640277  1159  25.99  5.88 0.000
155.695833 155.723611  1131  25.46  5.84 0.000
155.779166 155.806944  1124  25.32  5.83 0.000
155.862499 155.890277  1123  25.31  5.83 0.000
155.945833 155.973611  1152  25.86  5.87 0.000
156.029166 156.056944  1113  25.11  5.81 0.000
156.112499 156.140277  1121  25.27  5.83 0.000
156.195833 156.223611  1123  25.31  5.83 0.000
156.279166 156.306944  1172  26.24  5.90 0.000
156.362499 156.390277  1126  25.36  5.83 0.000
156.445833 156.473611  1141  25.64  5.85 0.000
156.529166 156.556944  1117  25.19  5.82 0.000
156.611806 156.639583  1115  25.16  5.82 0.000
156.695138 156.722916  1093  24.73  5.78 0.000
156.778472 156.806250  1122  25.29  5.83 0.000
156.861806 156.889583  1142  25.67  5.86 0.000
156.945138 156.972916  1131  25.46  5.84 0.000
157.028472 157.056250  1150  25.82  5.87 0.000
157.111806 157.139583  1142  25.67  5.86 0.000
157.195138 157.222916  1142  25.67  5.86 0.000
157.278472 157.306250  1147  25.76  5.86 0.000
157.361806 157.389583  1192  26.63  5.93 0.000
157.445138 157.472916  1186  26.51  5.92 0.000
157.528472 157.556250  1166  26.13  5.89 0.000
157.611806 157.639583  1137  25.57  5.85 0.000
157.695138 157.722916  1097  24.81  5.79 0.000
157.778472 157.806250  1093  24.73  5.78 0.000
157.861806 157.889583  1063  24.16  5.74 0.000
157.945138 157.972916  1022  23.38  5.68 0.000
158.028472 158.056250  1017  23.29  5.67 0.000
158.111806 158.139583  1021  23.37  5.68 0.000
158.195138 158.222916  1017  23.29  5.67 0.000
158.278472 158.306250  1019  23.33  5.68 0.000
158.570833 158.598611  1076  24.41  5.76 0.000
158.654166 158.681944  1072  24.33  5.75 0.000
158.737499 158.765277  1164  26.09  5.89 0.000
158.820833 158.848611  1244  27.62  6.00 0.000
158.904166 158.931944  1238  27.51  6.00 0.000
158.987499 159.015277  1245  27.65  6.01 0.000
159.070833 159.098611  1283  28.38  6.06 0.000
159.154166 159.181944  1308  28.86  6.10 0.000
159.266666 159.294444  1295  28.61  6.08 0.000
159.349999 159.377777  1302  28.75  6.09 0.000
159.433333 159.461111  1293  28.57  6.07 0.000
159.516666 159.544444  1293  28.57  6.07 0.000
159.599999 159.627777  1263  27.99  6.03 0.000
159.683333 159.711111  1245  27.65  6.01 0.000
159.766666 159.794444  1233  27.42  5.99 0.000
159.849999 159.877777  1257  27.87  6.02 0.000
159.933333 159.961111  1269  28.11  6.04 0.000
160.016666 160.044444  1282  28.36  6.06 0.000
160.099999 160.127777  1289  28.50  6.07 0.000
160.183333 160.211111  1298  28.67  6.08 0.000
160.266666 160.294444  1303  28.77  6.09 0.000
160.349999 160.377777  1359  29.85  6.17 0.000
160.433333 160.461111  1341  29.50  6.14 0.000
160.516666 160.544444  1339  29.46  6.14 0.000
160.599999 160.627777  1343  29.54  6.15 0.000
160.683333 160.711111  1335  29.39  6.14 0.000
160.766666 160.794444  1321  29.12  6.12 0.000
160.849999 160.877777  1321  29.12  6.12 0.000
160.933333 160.961111  1308  28.86  6.10 0.000
161.016666 161.044444  1285  28.41  6.06 0.000
161.099999 161.127777  1275  28.23  6.05 0.000
161.183333 161.211111  1210  26.97  5.95 0.000
161.266666 161.294444  1247  27.69  6.01 0.000
161.349999 161.377777 99999 999.99 99.99 0.999
161.433333 161.461111  1202  26.82  5.94 0.000
161.516666 161.544444  1313  28.96  6.10 0.000
161.599999 161.627777  1172  26.24  5.90 0.000
161.683333 161.711111  1128  25.40  5.84 0.000
161.766666 161.794444  1150  25.82  5.87 0.000
161.849999 161.877777  1048  23.88  5.72 0.000
161.933333 161.961111  1005  23.07  5.66 0.000
162.016666 162.044444   945  21.94  5.57 0.000
162.099999 162.127777   941  21.86  5.56 0.000
162.183333 162.211111   930  21.66  5.55 0.000
162.334027 162.361806  1092  24.71  5.78 0.000
162.417361 162.445139  1163  26.07  5.89 0.000
162.500694 162.528472  1114  25.14  5.82 0.000
162.584027 162.611806  1097  24.81  5.79 0.000
162.667361 162.695139  1045  23.83  5.72 0.000
162.750694 162.778472  1074  24.37  5.76 0.000
162.834027 162.861806  1050  23.91  5.72 0.000
162.917361 162.945139  1074  24.37  5.76 0.000
163.000694 163.028472  1060  24.11  5.74 0.000
163.084027 163.111806  1059  24.09  5.74 0.000
163.166666 163.194444  1047  23.86  5.72 0.000
163.249999 163.277777  1002  23.01  5.65 0.000
163.333333 163.361111   978  22.56  5.62 0.000
163.416666 163.444444   977  22.54  5.62 0.000
163.499999 163.527777   995  22.87  5.64 0.000
163.583333 163.611111   974  22.48  5.61 0.000
163.666666 163.694444   966  22.33  5.60 0.000
163.749999 163.777777   998  22.94  5.65 0.000
163.833333 163.861111   984  22.67  5.63 0.000
163.916666 163.944444   972  22.45  5.61 0.000
163.999999 164.027777  1016  23.27  5.67 0.000
164.083333 164.111111   987  22.73  5.63 0.000
164.166666 164.194444   997  22.92  5.65 0.000
164.249999 164.277777  1015  23.25  5.67 0.000
164.333333 164.361111  1002  23.01  5.65 0.000
164.416666 164.444444  1015  23.25  5.67 0.000
164.499999 164.527777  1005  23.07  5.66 0.000
164.583333 164.611111  1020  23.35  5.68 0.000
164.666666 164.694444   998  22.94  5.65 0.000
164.749999 164.777777   997  22.92  5.65 0.000
164.833333 164.861111   964  22.30  5.60 0.000
164.916666 164.944444   908  21.25  5.52 0.000
164.999999 165.027777   926  21.58  5.54 0.000
165.083333 165.111111   875  20.64  5.47 0.000
165.166666 165.194444   854  20.25  5.44 0.000
165.592361 165.620139  1022  23.36  5.65 0.000
165.675694 165.703472   966  22.30  5.57 0.000
165.759027 165.786806  1011  23.15  5.64 0.000
165.842361 165.870139  1032  23.55  5.67 0.000
165.925694 165.953472   961  22.21  5.56 0.000
166.009027 166.036806  1170  26.17  5.86 0.000
166.092361 166.120139  1079  24.43  5.73 0.000
166.175694 166.203472  1076  24.38  5.73 0.000
166.259027 166.286806  1141  25.62  5.82 0.000
166.342361 166.370139  1114  25.10  5.78 0.000
166.425694 166.453472  1117  25.16  5.79 0.000
166.509027 166.536806  1006  23.06  5.63 0.000
166.592361 166.620139  1042  23.74  5.68 0.000
166.675694 166.703472  1054  23.97  5.70 0.000
166.759027 166.786806  1143  25.65  5.82 0.000
166.842361 166.870139  1146  25.72  5.83 0.000
166.925694 166.953472  1191  26.57  5.89 0.000
167.009027 167.036806  1214  27.01  5.92 0.000
167.092361 167.120139  1240  27.52  5.96 0.000
167.175694 167.203472  1276  28.21  6.01 0.000
167.259027 167.286806  1265  28.00  6.00 0.000
167.342361 167.370139  1243  27.58  5.97 0.000
167.425694 167.453472  1210  26.94  5.92 0.000
167.509027 167.536806  1126  25.33  5.80 0.000
167.592361 167.620139  1091  24.67  5.75 0.000
167.675694 167.703472  1060  24.08  5.71 0.000
167.759027 167.786806  1083  24.51  5.74 0.000
167.842361 167.870139  1126  25.33  5.80 0.000
167.925694 167.953472  1107  24.97  5.77 0.000
168.009027 168.036806  1092  24.68  5.75 0.000
168.092361 168.120139  1106  24.95  5.77 0.000
168.175694 168.203472  1116  25.14  5.78 0.000
168.259027 168.286806  1118  25.18  5.79 0.000
168.342361 168.370139  1104  24.91  5.77 0.000
168.425694 168.453472  1113  25.08  5.78 0.000
168.509027 168.536806  1100  24.83  5.76 0.000
168.592361 168.620139  1087  24.58  5.74 0.000
168.675694 168.703472  1017  23.26  5.64 0.000
168.759027 168.786806   956  22.12  5.56 0.000
168.842361 168.870139   897  21.01  5.47 0.000
168.925694 168.953472   925  21.53  5.51 0.000
169.009027 169.036806  1037  23.64  5.67 0.000
169.092361 169.120139  1015  23.22  5.64 0.000
169.175694 169.203472  1011  23.15  5.64 0.000
169.259027 169.286806   982  22.60  5.59 0.000
169.342361 169.370139  1057  24.02  5.70 0.000
169.425694 169.453472  1076  24.38  5.73 0.000
169.509027 169.536806  1140  25.60  5.82 0.000
169.592361 169.620139  1136  25.52  5.81 0.000
169.675694 169.703472  1128  25.37  5.80 0.000
169.759027 169.786806  1136  25.52  5.81 0.000
169.842361 169.870139  1171  26.19  5.86 0.000
169.925694 169.953472  1159  25.97  5.85 0.000
170.009027 170.036806  1158  25.94  5.84 0.000
170.092361 170.120139  1165  26.07  5.85 0.000
170.175694 170.203472  1201  26.77  5.91 0.000
170.259027 170.286806  1179  26.34  5.87 0.000
170.342361 170.370139  1156  25.90  5.84 0.000
170.425694 170.453472  1130  25.40  5.80 0.000
170.509027 170.536806  1137  25.54  5.81 0.000
170.592361 170.620139  1130  25.40  5.80 0.000
170.675694 170.703472  1126  25.33  5.80 0.000
170.759027 170.786806  1140  25.60  5.82 0.000
170.842361 170.870139  1140  25.60  5.82 0.000
170.925694 170.953472  1151  25.80  5.83 0.000
171.009027 171.036806  1138  25.56  5.82 0.000
171.092361 171.120139  1130  25.40  5.80 0.000
171.175694 171.203472  1134  25.48  5.81 0.000
171.259027 171.286806  1142  25.64  5.82 0.000
171.342361 171.370139  1190  26.56  5.89 0.000
171.425694 171.453472   926  21.55  5.51 0.000
171.509027 171.536806   881  20.72  5.45 0.000
171.592361 171.620139   748  18.29  5.26 0.000
171.675694 171.703472   791  19.07  5.32 0.000
171.759027 171.786806   913  21.32  5.50 0.000
171.842361 171.870139   821  19.62  5.37 0.000
171.925694 171.953472   780  18.87  5.31 0.000
172.009027 172.036806   798  19.19  5.33 0.000
172.092361 172.120139   744  18.22  5.26 0.000
172.175694 172.203472 99999 999.99 99.99 0.999
172.259027 172.286806 99999 999.99 99.99 0.999
172.342361 172.370139 99999 999.99 99.99 0.999
172.425694 172.453472 99999 999.99 99.99 0.999
172.509027 172.536806 99999 999.99 99.99 0.999
172.592361 172.620139   891  20.91  5.47 0.000
172.675694 172.703472   924  21.52  5.51 0.000
172.759027 172.786806   924  21.52  5.51 0.000
172.842361 172.870139   938  21.78  5.53 0.000
172.925694 172.953472  1058  24.04  5.70 0.000
173.009027 173.036806   903  21.13  5.48 0.000
173.092361 173.120139   947  21.94  5.54 0.000
173.175694 173.203472   929  21.61  5.52 0.000
173.259027 173.286806   932  21.66  5.52 0.000
173.342361 173.370139   985  22.66  5.60 0.000
173.425694 173.453472   979  22.55  5.59 0.000
173.509027 173.536806  1012  23.17  5.64 0.000
173.592361 173.620139  1028  23.47  5.66 0.000
173.675694 173.703472  1067  24.21  5.72 0.000
173.759027 173.786806  1102  24.87  5.76 0.000
173.842361 173.870139  1113  25.08  5.78 0.000
173.925694 173.953472  1130  25.40  5.80 0.000
174.009027 174.036806  1149  25.77  5.83 0.000
174.092361 174.120139  1127  25.35  5.80 0.000
174.175694 174.203472  1120  25.22  5.79 0.000
174.259027 174.286806  1143  25.65  5.82 0.000
174.342361 174.370139  1217  27.08  5.93 0.000
174.425694 174.453472  1121  25.23  5.79 0.000
174.509027 174.536806  1083  24.51  5.74 0.000
174.592361 174.620139  1071  24.28  5.72 0.000
174.675694 174.703472  1080  24.45  5.73 0.000
174.759027 174.786806  1087  24.58  5.74 0.000
174.842361 174.870139  1073  24.32  5.72 0.000
174.925694 174.953472  1078  24.42  5.73 0.000
175.009027 175.036806  1083  24.51  5.74 0.000
175.092361 175.120139  1079  24.43  5.73 0.000
175.175694 175.203472  1078  24.42  5.73 0.000
175.259027 175.286806  1082  24.50  5.74 0.000
175.342361 175.370139  1130  25.40  5.80 0.000
