data/obs/c2h6/WDCGG/event/CH0005R.20130101001000.20160915102628.online_gc.ethane.air.1y.2h.CH01L_Agilent_ADS-GC-FID_cn10450060_RIG.CH01L_ADS_GC_FID_VOCAIR_RIGI.lev2.nas
67 1001
Hill, Matz; Reimann, Stefan
CH01L, Swiss Federal Laboratories for Materials Science and Technology, EMPA, Section Air Pollution, Überlandstrasse 133, , 8600, Dübendorf, Switzerland
Hill, Matz
ACTRIS EMEP GAW-WDCRG
1 1
2013 01 01 2016 09 15
0
days from file reference point
5
1 1 1 1 1
999.999999 99999 999 999 9.999
end_time of measurement, days from the file reference point
ethane, pmol/mol, Statistics=arithmetic mean, Data level=, Standard method=, Calibration scale=, Inlet type=, Detection limit=7.0 pmol/mol
ethane, pmol/mol, Revision date=20150818075036, Statistics=expanded uncertainty 2sigma
ethane, pmol/mol, Revision date=20150818075036, Statistics=precision
numflag, no unit
0
48
Data definition:              EBAS_1.1
Set type code:                TI
Timezone:                     UTC
File name:                    CH0005R.20130101001000.20160915102628.online_gc.ethane.air.1y.2h.CH01L_Agilent_ADS-GC-FID_cn10450060_RIG.CH01L_ADS_GC_FID_VOCAIR_RIGI.lev2.nas
File creation:                20190306184553
Startdate:                    20130101001000
Revision date:                20160915102628
Version:                      2
Version description:          initial revision, manually inspected, removed all data for butenes and pentenes
Data level:                   2
Period code:                  1y
Resolution code:              2h
Sample duration:              40mn
Station code:                 CH0005R
Platform code:                CH0005S
Station name:                 Rigi
Station GAW-ID:               RIG
Station latitude:             47.0675
Station longitude:            8.463889
Station altitude:             1031.0m
Measurement height:           3.0m
Regime:                       IMG
Component:                    ethane
Unit:                         pmol/mol
Matrix:                       air
Instrument type:              online_gc
Laboratory code:              CH01L
Instrument name:              Agilent_ADS-GC-FID_cn10450060_RIG
Instrument manufacturer:      Agilent
Instrument model:             6890GC/FID
Instrument serial number:     cn10450060
Method ref:                   CH01L_ADS_GC_FID_VOCAIR_RIGI
Standard method:              None
Calibration scale:            NPL
Inlet type:                   Hat or hood
Inlet description:            ambient air is brought into the cabin through a main inlet line at a flow rate of 300 lpm. From the main inlet line short stainless steel tubes are used to bring the air samples to the instruments.
Volume std. temperature:      273.15 K
Volume std. pressure:         1013.25 hPa
Detection limit expl.:        Determined by instrument counting statistics, no detection limit flag used
Measurement uncertainty expl.: Includes reproducibility (precision) + systematic errors (accuracy)
Zero/negative values code:    Zero/negative impossible
Zero/negative values:         Zero and neg. values don't appear because data was processed and zero/neg data taken out
Originator:                   Hill, Matz, matthias.hill@empa.ch, Swiss Federal Laboratories for Materials Science and Technology, Empa, Air Pollution/Environmental Technology, Ueberlandstrasse 129, , CH-8600, Duebendorf, Switzerland
Originator:                   Reimann, Stefan, , , , , , , , , 
Submitter:                    Hill, Matz, matthias.hill@empa.ch, Swiss Federal Laboratories for Materials Science and Technology, Empa, Air Pollution/Environmental Technology, Ueberlandstrasse 129, , CH-8600, Duebendorf, Switzerland
Acknowledgement:              Request acknowledgement details from data originator
Comment:                      "No SOP currently available, o3 not removed, nafion dryer, Calibration interval:1/two weeks"
starttime endtime C2H6 C2H6 C2H6 flag
[from data line 3429]
317.812500 317.840278  1934  39   4 0.000
317.895833 317.923611  1838  38   4 0.000
317.979167 318.006944  1911  39   4 0.000
318.062500 318.090278  1846  38   4 0.000
318.145833 318.173611  1773  36   4 0.000
318.229167 318.256944  1694  35   4 0.000
318.312500 318.340278  1871  38   4 0.000
318.402778 318.430556  1921  39   4 0.000
318.486111 318.513889  1894  39   4 0.000
318.569444 318.597222  1936  40   4 0.000
318.652778 318.680556  2117  43   4 0.000
318.736111 318.763889  2164  44   4 0.000
318.819444 318.847222  2123  43   4 0.000
318.902778 318.930556  2052  42   4 0.000
318.986111 319.013889  2078  42   4 0.000
319.069444 319.097222  2058  42   4 0.000
319.152778 319.180556  2100  43   4 0.000
319.236111 319.263889  2090  43   4 0.000
319.319444 319.347222  2069  42   4 0.000
319.402778 319.430556  2038  42   4 0.000
319.486111 319.513889  2012  41   4 0.000
319.569444 319.597222  2033  41   4 0.000
319.652778 319.680556  2054  42   4 0.000
319.736111 319.763889  2041  42   4 0.000
319.819444 319.847222  2104  43   4 0.000
319.902778 319.930556  2095  43   4 0.000
319.986111 320.013889  2069  42   4 0.000
320.069444 320.097222  2043  42   4 0.000
320.152778 320.180556  2064  42   4 0.000
320.236111 320.263889  1992  41   4 0.000
320.319444 320.347222  1983  40   4 0.000
320.402778 320.430556  1981  40   4 0.000
320.486111 320.513889  2029  41   4 0.000
320.569444 320.597222  2007  41   4 0.000
320.652778 320.680556  1957  40   4 0.000
320.736111 320.763889  1937  40   4 0.000
320.819444 320.847222  1710  35   4 0.000
320.902778 320.930556  1539  32   4 0.000
320.986111 321.013889  1501  31   4 0.000
321.069444 321.097222  1465  30   4 0.000
321.159722 321.187500  1460  30   4 0.000
321.243056 321.270833  1458  30   4 0.000
321.326389 321.354167  1459  30   4 0.000
321.409722 321.437500  1472  30   4 0.000
321.493056 321.520833  1502  31   4 0.000
321.576389 321.604167  1486  31   4 0.000
321.659722 321.687500  1537  32   4 0.000
321.743056 321.770833  1476  30   4 0.000
321.826389 321.854167  1475  30   4 0.000
321.909722 321.937500  1586  33   4 0.000
321.993056 322.020833  1745  36   4 0.000
322.076389 322.104167  1691  35   4 0.000
322.159722 322.187500  2081  42   4 0.000
322.243056 322.270833  1622  33   4 0.000
322.326389 322.354167  1804  37   4 0.000
322.409722 322.437500  1738  36   4 0.000
322.493056 322.520833  1945  40   4 0.000
322.576389 322.604167  2116  43   4 0.000
322.659722 322.687500  2248  46   4 0.000
322.743056 322.770833  3038  61   5 0.000
322.826389 322.854167  3192  65   5 0.000
322.909722 322.937500  3149  64   5 0.000
322.993056 323.020833  2830  57   5 0.000
323.076389 323.104167  2612  53   4 0.000
323.159722 323.187500  2585  52   4 0.000
323.243056 323.270833  2647  54   4 0.000
323.326389 323.354167  2666  54   4 0.000
323.409722 323.437500  2723  55   4 0.000
323.493056 323.520833  2716  55   4 0.000
323.576389 323.604167  2682  54   4 0.000
323.659722 323.687500  2669  54   4 0.000
323.743056 323.770833  2745  56   5 0.000
323.833333 323.861111  2666  54   4 0.000
323.916667 323.944444  2034  41   4 0.000
324.000000 324.027778  2175  44   4 0.000
324.083333 324.111111  2228  45   4 0.000
324.166667 324.194444  2285  46   4 0.000
324.250000 324.277778  2454  50   4 0.000
324.333333 324.361111  2296  47   4 0.000
324.416667 324.444444  2110  43   4 0.000
324.500000 324.527778  2183  44   4 0.000
324.583333 324.611111  2016  41   4 0.000
324.666667 324.694444  2006  41   4 0.000
324.750000 324.777778  1973  40   4 0.000
324.833333 324.861111  2040  42   4 0.000
324.916667 324.944444  1981  40   4 0.000
325.000000 325.027778  2036  42   4 0.000
325.083333 325.111111  2027  41   4 0.000
325.166667 325.194444  2066  42   4 0.000
325.250000 325.277778  2061  42   4 0.000
325.333333 325.361111  2091  43   4 0.000
325.416667 325.444444  2113  43   4 0.000
325.500000 325.527778  2152  44   4 0.000
325.583333 325.611111  2216  45   4 0.000
325.666667 325.694444  2244  46   4 0.000
325.750000 325.777778  2583  52   4 0.000
325.833333 325.861111  2378  48   4 0.000
325.916667 325.944444  2288  47   4 0.000
326.000000 326.027778  2274  46   4 0.000
326.083333 326.111111  2483  50   4 0.000
326.166667 326.194444  2417  49   4 0.000
326.250000 326.277778  2508  51   4 0.000
326.333333 326.361111  2684  54   4 0.000
326.416667 326.444444  2506  51   4 0.000
326.506944 326.534722  2718  55   4 0.000
326.590278 326.618056  2743  56   5 0.000
326.673611 326.701389  2791  57   5 0.000
326.756944 326.784722  2935  59   5 0.000
326.840278 326.868056  2959  60   5 0.000
326.923611 326.951389  2959  60   5 0.000
327.006944 327.034722  2872  58   5 0.000
327.090278 327.118056  2808  57   5 0.000
327.173611 327.201389  2832  57   5 0.000
327.256944 327.284722  2781  56   5 0.000
327.340278 327.368056  2767  56   5 0.000
327.423611 327.451389  2749  56   5 0.000
327.506944 327.534722  2787  56   5 0.000
327.590278 327.618056  2560  52   4 0.000
327.673611 327.701389  2331  47   4 0.000
327.756944 327.784722  2270  46   4 0.000
327.840278 327.868056  2177  44   4 0.000
327.923611 327.951389  2008  41   4 0.000
328.006944 328.034722  2019  41   4 0.000
328.090278 328.118056  1989  41   4 0.000
328.173611 328.201389  1891  39   4 0.000
328.256944 328.284722  1797  37   4 0.000
328.340278 328.368056  1794  37   4 0.000
328.423611 328.451389  1755  36   4 0.000
328.506944 328.534722  1764  36   4 0.000
328.590278 328.618056  1740  36   4 0.000
328.673611 328.701389  1721  35   4 0.000
328.756944 328.784722  1766  36   4 0.000
328.840278 328.868056  1744  36   4 0.000
328.923611 328.951389  1738  36   4 0.000
329.006944 329.034722  1683  35   4 0.000
329.090278 329.118056  1762  36   4 0.000
329.180556 329.208333  1943  40   4 0.000
329.263889 329.291667  1830  37   4 0.000
329.347222 329.375000  1841  38   4 0.000
329.430556 329.458333  1790  37   4 0.000
329.513889 329.541667  1751  36   4 0.000
329.597222 329.625000  1770  36   4 0.000
329.680556 329.708333  1762  36   4 0.000
329.763889 329.791667  1787  37   4 0.000
329.847222 329.875000  1771  36   4 0.000
329.930556 329.958333  1767  36   4 0.000
330.013889 330.041667  1762  36   4 0.000
330.097222 330.125000  1819  37   4 0.000
330.180556 330.208333  1840  38   4 0.000
330.263889 330.291667  1880  38   4 0.000
330.347222 330.375000  1856  38   4 0.000
330.430556 330.458333  1825  37   4 0.000
330.513889 330.541667  1827  37   4 0.000
330.597222 330.625000  1842  38   4 0.000
330.680556 330.708333  1923  39   4 0.000
330.763889 330.791667  1870  38   4 0.000
330.847222 330.875000  1877  38   4 0.000
330.930556 330.958333  1925  39   4 0.000
331.013889 331.041667  1987  41   4 0.000
331.097222 331.125000  2008  41   4 0.000
331.180556 331.208333  1994  41   4 0.000
332.347222 332.375000  1834  37   4 0.000
332.430556 332.458333  1844  38   4 0.000
332.513889 332.541667  1952  40   4 0.000
332.597222 332.625000  2406  49   4 0.000
332.680556 332.708333  2145  44   4 0.000
332.763889 332.791667  2063  42   4 0.000
332.847222 332.875000  1946  40   4 0.000
332.930556 332.958333  1902  39   4 0.000
333.020833 333.048611  1913  39   4 0.000
333.104167 333.131944  1931  39   4 0.000
333.187500 333.215278  2285  46   4 0.000
333.270833 333.298611  2041  42   4 0.000
333.354167 333.381944  2222  45   4 0.000
333.437500 333.465278  2441  50   4 0.000
333.520833 333.548611  2147  44   4 0.000
333.604167 333.631944  2316  47   4 0.000
333.687500 333.715278  2247  46   4 0.000
333.770833 333.798611  2060  42   4 0.000
333.854167 333.881944  2004  41   4 0.000
333.937500 333.965278  2073  42   4 0.000
334.020833 334.048611  1975  40   4 0.000
334.104167 334.131944  1970  40   4 0.000
334.187500 334.215278  1932  39   4 0.000
334.270833 334.298611  1882  38   4 0.000
334.354167 334.381944  1860  38   4 0.000
334.437500 334.465278  1836  38   4 0.000
334.520833 334.548611  1867  38   4 0.000
334.604167 334.631944  1846  38   4 0.000
334.687500 334.715278  1845  38   4 0.000
334.770833 334.798611  1804  37   4 0.000
334.854167 334.881944  1809  37   4 0.000
334.937500 334.965278  1762  36   4 0.000
335.020833 335.048611  1769  36   4 0.000
335.104167 335.131944  1775  36   4 0.000
335.187500 335.215278  1731  35   4 0.000
335.423611 335.451389  1726  36   5 0.000
335.506944 335.534722  1727  36   5 0.000
335.590278 335.618056  1691  35   4 0.000
335.673611 335.701389  1682  35   4 0.000
335.756944 335.784722  1664  34   4 0.000
335.840278 335.868056  1607  33   4 0.000
335.923611 335.951389  1559  32   4 0.000
336.006944 336.034722  1462  30   4 0.000
336.090278 336.118056  1455  30   4 0.000
336.173611 336.201389  1183  25   4 0.000
336.263889 336.291667  1156  24   4 0.000
336.347222 336.375000  1111  24   4 0.000
336.430556 336.458333  1089  23   4 0.000
336.513889 336.541667  1086  23   4 0.000
336.597222 336.625000  1071  23   4 0.000
336.680556 336.708333  1119  24   4 0.000
336.763889 336.791667  1120  24   4 0.000
336.847222 336.875000  1104  23   4 0.000
336.930556 336.958333  1114  24   4 0.000
337.013889 337.041667  1115  24   4 0.000
337.097222 337.125000  1110  24   4 0.000
337.180556 337.208333  1119  24   4 0.000
337.263889 337.291667  1245  26   4 0.000
337.347222 337.375000  1206  25   4 0.000
337.430556 337.458333  1236  26   4 0.000
337.513889 337.541667  1291  27   4 0.000
337.597222 337.625000  1334  28   4 0.000
337.680556 337.708333  1300  27   4 0.000
337.763889 337.791667  2111  43   5 0.000
337.847222 337.875000  2642  54   6 0.000
337.930556 337.958333  2554  52   5 0.000
338.013889 338.041667  2377  49   5 0.000
338.097222 338.125000  2332  48   5 0.000
338.180556 338.208333  2280  47   5 0.000
338.263889 338.291667  2047  42   5 0.000
338.347222 338.375000  1892  39   5 0.000
338.430556 338.458333  2097  43   5 0.000
338.513889 338.541667  1644  34   4 0.000
338.597222 338.625000  1935  40   5 0.000
338.680556 338.708333  1896  39   5 0.000
338.763889 338.791667  1724  36   5 0.000
338.847222 338.875000  1747  36   5 0.000
338.937500 338.965278  1685  35   4 0.000
339.020833 339.048611  1700  35   5 0.000
339.104167 339.131944  1739  36   5 0.000
339.187500 339.215278  1772  37   5 0.000
339.270833 339.298611  1824  38   5 0.000
339.354167 339.381944  1907  39   5 0.000
339.437500 339.465278  1848  38   5 0.000
339.520833 339.548611  1895  39   5 0.000
339.604167 339.631944  1914  39   5 0.000
339.687500 339.715278  1824  38   5 0.000
339.770833 339.798611  1868  39   5 0.000
339.854167 339.881944  1788  37   5 0.000
339.937500 339.965278  1782  37   5 0.000
340.020833 340.048611  1792  37   5 0.000
340.104167 340.131944  1789  37   5 0.000
340.187500 340.215278  1763  36   5 0.000
340.270833 340.298611  1808  37   5 0.000
340.354167 340.381944  1726  36   5 0.000
340.437500 340.465278  1736  36   5 0.000
340.520833 340.548611  1699  35   5 0.000
340.604167 340.631944  1665  34   4 0.000
340.687500 340.715278  1740  36   5 0.000
340.770833 340.798611  1729  36   5 0.000
340.854167 340.881944  1665  34   4 0.000
340.937500 340.965278  1662  34   4 0.000
341.020833 341.048611  1704  35   5 0.000
341.104167 341.131944  1712  35   5 0.000
341.187500 341.215278  1701  35   5 0.000
341.270833 341.298611  1675  35   4 0.000
341.354167 341.381944  1689  35   4 0.000
341.437500 341.465278  1575  33   4 0.000
341.520833 341.548611  1635  34   4 0.000
341.611111 341.638889  1652  34   4 0.000
341.694444 341.722222  1554  32   4 0.000
341.777778 341.805556  1426  30   4 0.000
341.861111 341.888889  1347  28   4 0.000
341.944444 341.972222  1581  33   4 0.000
342.027778 342.055556  1469  31   4 0.000
342.111111 342.138889  1428  30   4 0.000
342.194444 342.222222  1434  30   4 0.000
342.277778 342.305556  1142  24   4 0.000
342.361111 342.388889  1024  22   4 0.000
342.444444 342.472222  1014  22   4 0.000
342.527778 342.555556  1026  22   4 0.000
342.611111 342.638889  1060  23   4 0.000
342.694444 342.722222  1045  22   4 0.000
342.777778 342.805556  1070  23   4 0.000
342.861111 342.888889  1038  22   4 0.000
342.944444 342.972222  1025  22   4 0.000
343.027778 343.055556  1025  22   4 0.000
343.111111 343.138889  1018  22   4 0.000
343.194444 343.222222  1011  22   4 0.000
343.277778 343.305556  1038  22   4 0.000
343.361111 343.388889  1032  22   4 0.000
343.444444 343.472222  1061  23   4 0.000
343.527778 343.555556  1063  23   4 0.000
343.611111 343.638889  1095  23   4 0.000
343.694444 343.722222  1113  24   4 0.000
343.777778 343.805556  1120  24   4 0.000
343.861111 343.888889  1127  24   4 0.000
343.944444 343.972222  1132  24   4 0.000
344.027778 344.055556  1195  25   4 0.000
344.111111 344.138889  1301  27   4 0.000
344.194444 344.222222  1281  27   4 0.000
345.402778 345.430556  1087  23   4 0.000
345.486111 345.513889  1136  24   4 0.000
345.569444 345.597222  1307  27   4 0.000
345.652778 345.680556  1257  26   4 0.000
345.736111 345.763889  1293  27   4 0.000
345.819444 345.847222  1259  26   4 0.000
345.902778 345.930556  1238  26   4 0.000
345.986111 346.013889  1226  26   4 0.000
346.069444 346.097222  1221  26   4 0.000
346.159722 346.187500  1287  27   4 0.000
346.243056 346.270833  1309  27   4 0.000
346.326389 346.354167  1279  27   4 0.000
346.409722 346.437500  1300  27   4 0.000
346.493056 346.520833  1282  27   4 0.000
346.576389 346.604167  1259  26   4 0.000
346.659722 346.687500  1260  26   4 0.000
346.743056 346.770833  1221  26   4 0.000
346.826389 346.854167  1234  26   4 0.000
346.909722 346.937500  1309  27   4 0.000
346.993056 347.020833  1253  26   4 0.000
347.076389 347.104167  1241  26   4 0.000
347.159722 347.187500  1190  25   4 0.000
347.243056 347.270833  1190  25   4 0.000
347.326389 347.354167  1207  25   4 0.000
347.409722 347.437500  1348  28   4 0.000
347.493056 347.520833  1542  32   4 0.000
347.576389 347.604167  1443  30   4 0.000
347.659722 347.687500  1494  31   4 0.000
347.743056 347.770833  1583  33   4 0.000
347.826389 347.854167  2159  44   5 0.000
347.909722 347.937500  2082  43   5 0.000
347.993056 348.020833  1872  39   5 0.000
348.076389 348.104167  1881  39   5 0.000
348.159722 348.187500  1856  38   5 0.000
348.243056 348.270833  1781  37   5 0.000
348.326389 348.354167  1754  36   5 0.000
348.409722 348.437500  1771  37   5 0.000
348.493056 348.520833  1747  36   5 0.000
348.576389 348.604167  1701  35   5 0.000
348.659722 348.687500  1622  34   4 0.000
348.743056 348.770833  1640  34   4 0.000
348.833333 348.861111  1612  33   4 0.000
348.916667 348.944444  1600  33   4 0.000
349.000000 349.027778  1660  34   4 0.000
349.083333 349.111111  1700  35   5 0.000
349.166667 349.194444  1710  35   5 0.000
349.250000 349.277778  1686  35   4 0.000
349.333333 349.361111  1662  34   4 0.000
349.416667 349.444444  1626  34   4 0.000
349.500000 349.527778  1624  34   4 0.000
349.583333 349.611111  1683  35   4 0.000
349.666667 349.694444  1641  34   4 0.000
349.750000 349.777778  1639  34   4 0.000
349.833333 349.861111  1619  34   4 0.000
349.916667 349.944444  1613  33   4 0.000
350.000000 350.027778  1607  33   4 0.000
350.083333 350.111111  1591  33   4 0.000
350.166667 350.194444  1550  32   4 0.000
350.250000 350.277778  1513  31   4 0.000
350.333333 350.361111  1551  32   4 0.000
350.416667 350.444444  1539  32   4 0.000
350.500000 350.527778  1635  34   4 0.000
350.583333 350.611111  1513  31   4 0.000
350.666667 350.694444  1485  31   4 0.000
350.750000 350.777778  1463  30   4 0.000
350.833333 350.861111  1462  30   4 0.000
350.916667 350.944444  1512  31   4 0.000
351.000000 351.027778  1595  33   4 0.000
351.083333 351.111111  1671  35   4 0.000
351.166667 351.194444  1665  34   4 0.000
351.250000 351.277778  1662  34   4 0.000
351.333333 351.361111  1649  34   4 0.000
351.416667 351.444444  1681  35   4 0.000
351.506944 351.534722  1647  34   4 0.000
351.590278 351.618056  1588  33   4 0.000
351.673611 351.701389  1569  33   4 0.000
351.756944 351.784722  1575  33   4 0.000
351.840278 351.868056  1552  32   4 0.000
