data/obs/c2h6/WDCGG/event/CH0005R.20150101011100.20160915102628.online_gc.ethane.air.1y.2h.CH01L_Agilent_ADS-GC-FID_cn10450060_RIG.CH01L_ADS_GC_FID_VOCAIR_RIGI.lev2.nas
68 1001
Hill, Matz; Reimann, Stefan
CH01L, Swiss Federal Laboratories for Materials Science and Technology, EMPA, Section Air Pollution, Überlandstrasse 133, , 8600, Dübendorf, Switzerland
Hill, Matz
ACTRIS EMEP GAW-WDCRG
1 1
2015 01 01 2016 09 15
0
days from file reference point
5
1 1 1 1 1
999.999999 99999 999.99 99.99 9.999
end_time of measurement, days from the file reference point
ethane, pmol/mol, Statistics=arithmetic mean, Data level=, Standard method=, Calibration scale=, Inlet type=, Detection limit=9.0 pmol/mol
ethane, pmol/mol, Revision date=20160725000000, Statistics=expanded uncertainty 2sigma
ethane, pmol/mol, Revision date=20160725000000, Statistics=precision
numflag, no unit
0
49
Data definition:              EBAS_1.1
Set type code:                TI
Timezone:                     UTC
File name:                    CH0005R.20150101011100.20160915102628.online_gc.ethane.air.1y.2h.CH01L_Agilent_ADS-GC-FID_cn10450060_RIG.CH01L_ADS_GC_FID_VOCAIR_RIGI.lev2.nas
File creation:                20190306184553
Startdate:                    20150101011100
Revision date:                20160915102628
Version:                      2
Version description:          initial revision, manually inspected
Data level:                   2
Period code:                  1y
Resolution code:              2h
Sample duration:              40mn
Orig. time res.:              2h
Station code:                 CH0005R
Platform code:                CH0005S
Station name:                 Rigi
Station GAW-ID:               RIG
Station latitude:             47.0675
Station longitude:            8.463889
Station altitude:             1031.0m
Measurement height:           4.0m
Regime:                       IMG
Component:                    ethane
Unit:                         pmol/mol
Matrix:                       air
Instrument type:              online_gc
Laboratory code:              CH01L
Instrument name:              Agilent_ADS-GC-FID_cn10450060_RIG
Instrument manufacturer:      Agilent
Instrument model:             6890GC/FID
Instrument serial number:     cn10450060
Method ref:                   CH01L_ADS_GC_FID_VOCAIR_RIGI
Standard method:              None
Calibration scale:            NPL
Inlet type:                   Hat or hood
Inlet description:            above the roof
Volume std. temperature:      273.15 K
Volume std. pressure:         1013.25 hPa
Detection limit expl.:        Determined by integration of a baseline signal multiplied by a factor of 3, detection     limit flag 147
Measurement uncertainty expl.: Includes reproducibility (precision) + systematic errors (accuracy)
Zero/negative values code:    Zero/negative impossible
Zero/negative values:         Neg. values don't appear because data was processed and neg data taken out
Originator:                   Hill, Matz, matthias.hill@empa.ch, Swiss Federal Laboratories for Materials Science and Technology, Empa, Air Pollution/Environmental Technology, Ueberlandstrasse 129, , CH-8600, Duebendorf, Switzerland
Originator:                   Reimann, Stefan, , , , , , , , , 
Submitter:                    Hill, Matz, matthias.hill@empa.ch, Swiss Federal Laboratories for Materials Science and Technology, Empa, Air Pollution/Environmental Technology, Ueberlandstrasse 129, , CH-8600, Duebendorf, Switzerland
Acknowledgement:              Request acknowledgement details from data originator
Comment:                      "No SOP currently available, o3 removed with an ozone scrubber, nafion dryer, Calibration interval:1/month calibration interval"
starttime endtime C2H6 C2H6 C2H6 flag
[from data line 4086]
351.015972 351.043750  1521  33.25  6.71 0.000
351.099306 351.127083  1460  32.05  6.61 0.000
351.182638 351.210416  1464  32.13  6.62 0.000
351.265972 351.293750  1498  32.80  6.67 0.000
351.349306 351.377083  1237  27.71  6.24 0.000
351.432638 351.460416  1425  31.37  6.55 0.000
351.515972 351.543750  1346  29.83  6.42 0.000
351.599306 351.627083  1251  27.98  6.26 0.000
351.682638 351.710416  1243  27.83  6.25 0.000
351.765972 351.793750  1234  27.66  6.24 0.000
351.849306 351.877083  1218  27.34  6.21 0.000
351.932638 351.960416  1199  26.98  6.18 0.000
352.015972 352.043750  1186  26.73  6.16 0.000
352.099306 352.127083  1254  28.04  6.27 0.000
352.182638 352.210416  1181  26.63  6.15 0.000
352.265972 352.293750  1250  27.96  6.26 0.000
352.349306 352.377083  1182  26.65  6.15 0.000
352.432638 352.460416  1388  30.64  6.49 0.000
352.515972 352.543750  1334  29.59  6.40 0.000
352.599306 352.627083  1255  28.06  6.27 0.000
352.682638 352.710416  1195  26.90  6.17 0.000
352.765972 352.793750  1223  27.44  6.22 0.000
352.849306 352.877083  1244  27.84  6.25 0.000
352.932638 352.960416  1268  28.31  6.29 0.000
353.015972 353.043750  1288  28.70  6.33 0.000
353.099306 353.127083  1301  28.95  6.35 0.000
353.182638 353.210416  1317  29.26  6.37 0.000
353.265972 353.293750  1375  30.39  6.47 0.000
353.349306 353.377083  1352  29.94  6.43 0.000
353.432638 353.460416  1384  30.56  6.48 0.000
353.515972 353.543750  1508  32.99  6.69 0.000
353.599306 353.627083  1507  32.98  6.69 0.000
353.682638 353.710416  1497  32.78  6.67 0.000
353.765972 353.793750  1541  33.64  6.74 0.000
353.849306 353.877083  1662  36.02  6.94 0.000
353.932638 353.960416  1539  33.60  6.74 0.000
354.015972 354.043750  1508  32.99  6.69 0.000
354.099306 354.127083  1456  31.97  6.60 0.000
354.182638 354.210416  1459  32.03  6.61 0.000
354.265972 354.293750  1482  32.49  6.65 0.000
354.349306 354.377083  1537  33.57  6.74 0.000
354.432638 354.460416  1548  33.78  6.75 0.000
354.515972 354.543750  1586  34.53  6.82 0.000
354.599306 354.627083  1544  33.70  6.75 0.000
354.682638 354.710416  1446  31.78  6.59 0.000
354.765972 354.793750  1526  33.35  6.72 0.000
354.849306 354.877083  1485  32.54  6.65 0.000
354.932638 354.960416  1470  32.25  6.63 0.000
355.015972 355.043750  1442  31.70  6.58 0.000
355.099306 355.127083  1396  30.80  6.50 0.000
355.182638 355.210416  1383  30.55  6.48 0.000
355.265972 355.293750  1388  30.64  6.49 0.000
355.349306 355.377083  1375  30.39  6.47 0.000
355.432638 355.460416  1415  31.17  6.53 0.000
355.515972 355.543750  1398  30.84  6.51 0.000
355.599306 355.627083  1441  31.68  6.58 0.000
355.682638 355.710416  1488  32.60  6.66 0.000
355.765972 355.793750  1482  32.49  6.65 0.000
355.849306 355.877083  1502  32.88  6.68 0.000
355.932638 355.960416  1519  33.21  6.71 0.000
356.015972 356.043750  1628  35.36  6.89 0.000
356.099306 356.127083  1613  35.06  6.86 0.000
356.182638 356.210416  1521  33.25  6.71 0.000
356.265972 356.293750  1488  32.60  6.66 0.000
356.349306 356.377083  1481  32.46  6.64 0.000
356.432638 356.460416  1473  32.31  6.63 0.000
356.515972 356.543750  1466  32.17  6.62 0.000
356.599306 356.627083  1485  32.54  6.65 0.000
356.682638 356.710416  1418  31.23  6.54 0.000
356.765972 356.793750  1403  30.93  6.51 0.000
356.849306 356.877083  1453  31.92  6.60 0.000
356.932638 356.960416  1453  31.92  6.60 0.000
357.015972 357.043750  1432  31.50  6.56 0.000
357.099306 357.127083  1439  31.64  6.57 0.000
357.182638 357.210416  1430  31.47  6.56 0.000
357.265972 357.293750  1420  31.27  6.54 0.000
357.349306 357.377083  1396  30.80  6.50 0.000
357.432638 357.460416  1397  30.82  6.51 0.000
357.515972 357.543750  1401  30.90  6.51 0.000
357.599306 357.627083  1387  30.63  6.49 0.000
357.682638 357.710416  1401  30.90  6.51 0.000
357.765972 357.793750  1419  31.25  6.54 0.000
357.849306 357.877083  1440  31.66  6.58 0.000
357.932638 357.960416  1333  29.57  6.40 0.000
358.015972 358.043750  1281  28.56  6.31 0.000
358.099306 358.127083  1231  27.59  6.23 0.000
358.182638 358.210416  1253  28.02  6.27 0.000
358.265972 358.293750  1267  28.29  6.29 0.000
358.349306 358.377083  1246  27.89  6.26 0.000
358.432638 358.460416  1229  27.56  6.23 0.000
358.515972 358.543750  1286  28.66  6.32 0.000
358.599306 358.627083  1238  27.73  6.24 0.000
358.682638 358.710416  1106  25.18  6.02 0.000
358.765972 358.793750  1133  25.71  6.07 0.000
358.849306 358.877083  1095  24.98  6.01 0.000
358.932638 358.960416  1117  25.40  6.04 0.000
359.015972 359.043750  1106  25.18  6.02 0.000
359.099306 359.127083  1215  27.28  6.20 0.000
359.182638 359.210416  1132  25.69  6.07 0.000
359.265972 359.293750  1213  27.25  6.20 0.000
359.349306 359.377083  1364  30.18  6.45 0.000
359.432638 359.460416  1349  29.89  6.43 0.000
359.515972 359.543750  1296  28.86  6.34 0.000
359.599306 359.627083  1418  31.23  6.54 0.000
359.682638 359.710416  1184  26.68  6.15 0.000
359.765972 359.793750  1085  24.79  5.99 0.000
359.849306 359.877083  1088  24.85  6.00 0.000
359.932638 359.960416  1194  26.88  6.17 0.000
360.015972 360.043750  1097  25.02  6.01 0.000
360.099306 360.127083  1105  25.17  6.02 0.000
360.182638 360.210416  1127  25.59  6.06 0.000
360.265972 360.293750  1122  25.49  6.05 0.000
360.349306 360.377083  1063  24.36  5.95 0.000
360.432638 360.460416  1062  24.35  5.95 0.000
360.515972 360.543750  1191  26.83  6.17 0.000
360.599306 360.627083  1190  26.80  6.16 0.000
360.682638 360.710416  1069  24.48  5.96 0.000
360.765972 360.793750   989  22.96  5.83 0.000
360.849306 360.877083  1017  23.49  5.88 0.000
360.932638 360.960416   960  22.41  5.78 0.000
361.015972 361.043750   916  21.59  5.71 0.000
361.099306 361.127083   908  21.44  5.70 0.000
361.182638 361.210416   910  21.48  5.70 0.000
361.265972 361.293750   907  21.42  5.70 0.000
361.349306 361.377083   928  21.81  5.73 0.000
361.432638 361.460416   958  22.38  5.78 0.000
361.515972 361.543750  1010  23.36  5.87 0.000
361.599306 361.627083  1013  23.42  5.87 0.000
361.682638 361.710416  1003  23.22  5.85 0.000
361.765972 361.793750  1142  25.88  6.08 0.000
361.849306 361.877083   996  23.09  5.84 0.000
361.932638 361.960416   991  23.01  5.84 0.000
362.015972 362.043750  1108  25.23  6.03 0.000
362.099306 362.127083  1063  24.36  5.95 0.000
362.182638 362.210416  1194  26.88  6.17 0.000
362.265972 362.293750  1153  26.09  6.10 0.000
362.349306 362.377083  1148  25.99  6.09 0.000
362.432638 362.460416  1203  27.05  6.18 0.000
362.515972 362.543750  1340  29.71  6.41 0.000
362.599306 362.627083  1377  30.43  6.47 0.000
362.682638 362.710416  1378  30.45  6.47 0.000
362.765972 362.793750 99999 999.99 99.99 0.999
362.849306 362.877083  1463  32.11  6.61 0.000
362.932638 362.960416  1487  32.58  6.65 0.000
363.015972 363.043750  1479  32.42  6.64 0.000
363.099306 363.127083  1463  32.11  6.61 0.000
363.182638 363.210416  1434  31.55  6.57 0.000
363.265972 363.293750  1405  30.98  6.52 0.000
363.349306 363.377083  1363  30.16  6.45 0.000
363.432638 363.460416  1334  29.59  6.40 0.000
363.515972 363.543750  1442  31.70  6.58 0.000
363.599306 363.627083  1437  31.60  6.57 0.000
363.682638 363.710416  1370  30.29  6.46 0.000
363.765972 363.793750  1613  35.06  6.86 0.000
363.849306 363.877083  1284  28.62  6.32 0.000
363.932638 363.960416  1235  27.67  6.24 0.000
364.015972 364.043750  1239  27.75  6.24 0.000
364.099306 364.127083  1355  30.01  6.44 0.000
364.182638 364.210416  1589  34.58  6.82 0.000
364.265972 364.293750  1537  33.57  6.74 0.000
364.349306 364.377083  1511  33.05  6.69 0.000
364.432638 364.460416  1709  36.95  7.02 0.000
364.515972 364.543750  1729  37.34  7.05 0.000
364.599306 364.627083  1623  35.26  6.88 0.000
364.682638 364.710416  1545  33.72  6.75 0.000
364.765972 364.793750  1609  34.97  6.85 0.000
364.849306 364.877083  1602  34.84  6.84 0.000
364.932638 364.960416  1719  37.15  7.04 0.000
