data/obs/c2h6/WDCGG/event/CH0005R.20010701020000.20160915102628.online_gc.ethane.air.6mo.2h.CH01L_Agilent_ADS-GC-FID_cn10450060_RIG.CH01L_ADS_GC_FID_VOCAIR_RIGI..nas
58 1001
Reimann, Stefan
CH01L, Swiss Federal Laboratories for Materials Science and Technology, EMPA, Section Air Pollution, Überlandstrasse 133, , 8600, Dübendorf, Switzerland
Reimann, Stefan
EMEP GAW-WDCRG
1 1
2001 01 01 2016 09 15
0.083333
days from file reference point
3
1 1 1
999.999999 99999 9.999
end_time of measurement, days from the file reference point
ethane, pmol/mol
numflag ethane, no unit
0
41
Data definition:              EBAS_1.1
Set type code:                TU
Timezone:                     UTC
File name:                    CH0005R.20010701020000.20160915102628.online_gc.ethane.air.6mo.2h.CH01L_Agilent_ADS-GC-FID_cn10450060_RIG.CH01L_ADS_GC_FID_VOCAIR_RIGI..nas
File creation:                20190306184549
Startdate:                    20010701020000
Revision date:                20160915102628
Statistics:                   arithmetic mean
Data level:                   
Period code:                  6mo
Resolution code:              2h
Sample duration:              40mn
Orig. time res.:              2h
Station code:                 CH0005R
Platform code:                CH0005S
Station name:                 Rigi
Station GAW-ID:               RIG
Station latitude:             47.0675
Station longitude:            8.463889
Station altitude:             1031.0m
Measurement height:           4.0m
Regime:                       IMG
Component:                    ethane
Unit:                         pmol/mol
Matrix:                       air
Instrument type:              online_gc
Laboratory code:              CH01L
Instrument name:              Agilent_ADS-GC-FID_cn10450060_RIG
Method ref:                   CH01L_ADS_GC_FID_VOCAIR_RIGI
Inlet description:            above the roof
Volume std. temperature:      273.15 K
Volume std. pressure:         1013.25 hPa
Detection limit:              9.0 pmol/mol
Detection limit expl.:        Determined by integration of a baseline signal multiplied by a factor of 3, detection     limit flag 147
Measurement uncertainty expl.: Includes reproducibility (precision) + systematic errors (accuracy)
Zero/negative values code:    Zero/negative impossible
Zero/negative values:         Neg. values don't appear because data was processed and neg data taken out
Originator:                   Reimann, Stefan, , , , , , , , , 
Submitter:                    Reimann, Stefan, , , , , , , , , 
Comment:                      "No SOP currently available, o3 removed with an ozone scrubber, nafion dryer, Calibration interval:1/month calibration interval"
starttime endtime C2H6 flag_C2H6
[from data line 471]
220.333333 220.416667   710 0.000
220.416667 220.500000   742 0.000
220.500000 220.583333   725 0.000
220.583333 220.666667   755 0.000
220.666667 220.750000   687 0.000
220.750000 220.833333   719 0.000
220.833333 220.916667   774 0.000
220.916667 221.000000   713 0.000
221.000000 221.083333   818 0.000
221.083333 221.166667   625 0.000
221.166667 221.250000   654 0.000
221.250000 221.333333   641 0.000
221.333333 221.416667   667 0.000
221.416667 221.500000   723 0.000
221.500000 221.583333   697 0.000
221.583333 221.666667   687 0.000
221.666667 221.750000   675 0.000
221.750000 221.833333   811 0.000
221.833333 221.916667   911 0.000
221.916667 222.000000   915 0.000
222.000000 222.083333   981 0.000
222.083333 222.166667   930 0.000
222.166667 222.250000   954 0.000
222.250000 222.333333  1006 0.000
222.333333 222.416667  1114 0.000
222.416667 222.500000   995 0.000
222.500000 222.583333   940 0.000
222.583333 222.666667   855 0.000
222.666667 222.750000   860 0.000
222.750000 222.833333   887 0.000
222.833333 222.916667   799 0.000
222.916667 223.000000   879 0.000
223.000000 223.083333   884 0.000
223.083333 223.166667   892 0.000
223.166667 223.250000   831 0.000
223.250000 223.333333   873 0.000
223.333333 223.416667  1130 0.000
223.416667 223.500000   986 0.000
223.500000 223.583333   961 0.000
223.583333 223.666667   941 0.000
223.666667 223.750000   924 0.000
223.750000 223.833333   886 0.000
223.833333 223.916667   877 0.000
223.916667 224.000000   898 0.000
224.000000 224.083333   846 0.000
224.083333 224.166667   814 0.000
224.166667 224.250000   844 0.000
224.250000 224.333333 99999 0.999
224.333333 224.416667   871 0.000
224.416667 224.500000   986 0.000
224.500000 224.583333  1036 0.000
224.583333 224.666667   970 0.000
224.666667 224.750000   915 0.000
224.750000 224.833333   883 0.000
224.833333 224.916667   880 0.000
224.916667 225.000000   846 0.000
225.000000 225.083333   887 0.000
225.083333 225.166667   866 0.000
225.166667 225.250000   877 0.000
225.250000 225.333333   878 0.000
225.333333 225.416667   926 0.000
225.416667 225.500000   931 0.000
225.500000 225.583333  1126 0.000
225.583333 225.666667   996 0.000
225.666667 225.750000   825 0.000
225.750000 225.833333   726 0.000
225.833333 225.916667   738 0.000
225.916667 226.000000   738 0.000
226.000000 226.083333   748 0.000
226.083333 226.166667   777 0.000
226.166667 226.250000   793 0.000
226.250000 226.333333   820 0.000
226.333333 226.416667   745 0.000
226.416667 226.500000   831 0.000
226.500000 226.583333   910 0.000
226.583333 226.666667   930 0.000
226.666667 226.750000   948 0.000
226.750000 226.833333   894 0.000
226.833333 226.916667   874 0.000
226.916667 227.000000   809 0.000
227.000000 227.083333   845 0.000
227.083333 227.166667   928 0.000
227.166667 227.250000   901 0.000
227.250000 227.333333   866 0.000
227.333333 227.416667   890 0.000
227.416667 227.500000  1010 0.000
227.500000 227.583333   935 0.000
227.583333 227.666667   759 0.000
227.666667 227.750000   727 0.000
227.750000 227.833333   855 0.000
227.833333 227.916667   698 0.000
227.916667 228.000000   692 0.000
228.000000 228.083333   654 0.000
228.083333 228.166667   701 0.000
228.166667 228.250000   713 0.000
228.250000 228.333333   759 0.000
228.333333 228.416667   861 0.000
228.416667 228.500000   624 0.000
228.500000 228.583333   592 0.000
228.583333 228.666667   639 0.000
228.666667 228.750000   687 0.000
228.750000 228.833333   652 0.000
228.833333 228.916667   668 0.000
228.916667 229.000000   860 0.000
229.000000 229.083333   815 0.000
229.083333 229.166667 99999 0.999
229.166667 229.250000   772 0.000
229.250000 229.333333   769 0.000
229.333333 229.416667   776 0.000
229.416667 229.500000 99999 0.999
229.500000 229.583333 99999 0.999
229.583333 229.666667 99999 0.999
229.666667 229.750000 99999 0.999
229.750000 229.833333 99999 0.999
229.833333 229.916667 99999 0.999
229.916667 230.000000 99999 0.999
230.000000 230.083333 99999 0.999
230.083333 230.166667 99999 0.999
230.166667 230.250000 99999 0.999
230.250000 230.333333 99999 0.999
230.333333 230.416667 99999 0.999
230.416667 230.500000 99999 0.999
230.500000 230.583333 99999 0.999
230.583333 230.666667 99999 0.999
230.666667 230.750000 99999 0.999
230.750000 230.833333 99999 0.999
230.833333 230.916667 99999 0.999
230.916667 231.000000 99999 0.999
231.000000 231.083333 99999 0.999
231.083333 231.166667 99999 0.999
231.166667 231.250000 99999 0.999
231.250000 231.333333 99999 0.999
231.333333 231.416667 99999 0.999
231.416667 231.500000 99999 0.999
231.500000 231.583333 99999 0.999
231.583333 231.666667 99999 0.999
231.666667 231.750000 99999 0.999
231.750000 231.833333 99999 0.999
231.833333 231.916667 99999 0.999
231.916667 232.000000 99999 0.999
232.000000 232.083333 99999 0.999
232.083333 232.166667 99999 0.999
232.166667 232.250000 99999 0.999
232.250000 232.333333 99999 0.999
232.333333 232.416667 99999 0.999
232.416667 232.500000 99999 0.999
232.500000 232.583333 99999 0.999
232.583333 232.666667 99999 0.999
232.666667 232.750000 99999 0.999
232.750000 232.833333 99999 0.999
232.833333 232.916667 99999 0.999
232.916667 233.000000 99999 0.999
233.000000 233.083333 99999 0.999
233.083333 233.166667 99999 0.999
233.166667 233.250000 99999 0.999
233.250000 233.333333 99999 0.999
233.333333 233.416667 99999 0.999
233.416667 233.500000 99999 0.999
233.500000 233.583333 99999 0.999
233.583333 233.666667 99999 0.999
233.666667 233.750000 99999 0.999
233.750000 233.833333 99999 0.999
233.833333 233.916667 99999 0.999
233.916667 234.000000   806 0.000
234.000000 234.083333   820 0.000
234.083333 234.166667   835 0.000
234.166667 234.250000   837 0.000
234.250000 234.333333   813 0.000
234.333333 234.416667   821 0.000
234.416667 234.500000   968 0.000
234.500000 234.583333  1070 0.000
234.583333 234.666667  1181 0.000
234.666667 234.750000  1069 0.000
234.750000 234.833333   913 0.000
234.833333 234.916667   896 0.000
234.916667 235.000000   908 0.000
235.000000 235.083333   910 0.000
235.083333 235.166667   889 0.000
235.166667 235.250000   875 0.000
235.250000 235.333333   877 0.000
235.333333 235.416667   887 0.000
235.416667 235.500000  1023 0.000
235.500000 235.583333  1139 0.000
235.583333 235.666667   950 0.000
235.666667 235.750000  1057 0.000
235.750000 235.833333  1118 0.000
235.833333 235.916667   973 0.000
235.916667 236.000000   988 0.000
236.000000 236.083333   868 0.000
236.083333 236.166667   859 0.000
236.166667 236.250000   941 0.000
236.250000 236.333333   907 0.000
236.333333 236.416667   881 0.000
236.416667 236.500000  1039 0.000
236.500000 236.583333  1018 0.000
236.583333 236.666667  1057 0.000
236.666667 236.750000  1055 0.000
236.750000 236.833333  1045 0.000
236.833333 236.916667   787 0.000
236.916667 237.000000   703 0.000
237.000000 237.083333   764 0.000
237.083333 237.166667   808 0.000
237.166667 237.250000   895 0.000
237.250000 237.333333   861 0.000
237.333333 237.416667   832 0.000
237.416667 237.500000  1033 0.000
237.500000 237.583333   919 0.000
237.583333 237.666667   754 0.000
237.666667 237.750000   945 0.000
237.750000 237.833333   777 0.000
237.833333 237.916667   800 0.000
237.916667 238.000000   731 0.000
238.000000 238.083333 99999 0.999
238.083333 238.166667   718 0.000
238.166667 238.250000   661 0.000
238.250000 238.333333   671 0.000
238.333333 238.416667   675 0.000
238.416667 238.500000   657 0.000
238.500000 238.583333   754 0.000
238.583333 238.666667   763 0.000
238.666667 238.750000   614 0.000
238.750000 238.833333   651 0.000
238.833333 238.916667   739 0.000
238.916667 239.000000   977 0.000
239.000000 239.083333  1136 0.000
239.083333 239.166667   846 0.000
239.166667 239.250000   728 0.000
239.250000 239.333333   765 0.000
239.333333 239.416667 99999 0.999
239.416667 239.500000 99999 0.999
239.500000 239.583333 99999 0.999
239.583333 239.666667 99999 0.999
239.666667 239.750000  1052 0.000
239.750000 239.833333  1047 0.000
239.833333 239.916667   957 0.000
239.916667 240.000000   885 0.000
240.000000 240.083333   865 0.000
240.083333 240.166667   919 0.000
240.166667 240.250000  1014 0.000
240.250000 240.333333   977 0.000
240.333333 240.416667  1068 0.000
240.416667 240.500000  1043 0.000
240.500000 240.583333  1102 0.000
240.583333 240.666667  1172 0.000
240.666667 240.750000  1116 0.000
240.750000 240.833333  1003 0.000
240.833333 240.916667  1002 0.000
240.916667 241.000000   974 0.000
241.000000 241.083333   956 0.000
241.083333 241.166667 99999 0.999
241.166667 241.250000 99999 0.999
241.250000 241.333333 99999 0.999
241.333333 241.416667 99999 0.999
241.416667 241.500000 99999 0.999
241.500000 241.583333 99999 0.999
241.583333 241.666667 99999 0.999
241.666667 241.750000 99999 0.999
241.750000 241.833333 99999 0.999
241.833333 241.916667 99999 0.999
241.916667 242.000000 99999 0.999
242.000000 242.083333 99999 0.999
242.083333 242.166667 99999 0.999
242.166667 242.250000 99999 0.999
242.250000 242.333333 99999 0.999
242.333333 242.416667 99999 0.999
242.416667 242.500000 99999 0.999
242.500000 242.583333 99999 0.999
242.583333 242.666667 99999 0.999
242.666667 242.750000 99999 0.999
242.750000 242.833333   712 0.000
242.833333 242.916667   700 0.000
242.916667 243.000000   685 0.000
243.000000 243.083333   664 0.000
243.083333 243.166667   712 0.000
243.166667 243.250000   691 0.000
243.250000 243.333333   692 0.000
243.333333 243.416667   690 0.000
243.416667 243.500000   705 0.000
243.500000 243.583333   760 0.000
243.583333 243.666667   770 0.000
243.666667 243.750000   781 0.000
243.750000 243.833333   792 0.000
243.833333 243.916667   859 0.000
243.916667 244.000000   843 0.000
244.000000 244.083333   888 0.000
244.083333 244.166667   929 0.000
244.166667 244.250000   972 0.000
244.250000 244.333333   929 0.000
244.333333 244.416667   945 0.000
244.416667 244.500000   952 0.000
244.500000 244.583333   995 0.000
244.583333 244.666667   953 0.000
244.666667 244.750000   933 0.000
244.750000 244.833333   941 0.000
244.833333 244.916667   947 0.000
244.916667 245.000000   987 0.000
245.000000 245.083333   921 0.000
245.083333 245.166667   911 0.000
245.166667 245.250000   919 0.000
245.250000 245.333333   887 0.000
245.333333 245.416667   940 0.000
245.416667 245.500000   944 0.000
245.500000 245.583333  1104 0.000
245.583333 245.666667   994 0.000
245.666667 245.750000   966 0.000
245.750000 245.833333  1036 0.000
245.833333 245.916667   979 0.000
245.916667 246.000000   976 0.000
246.000000 246.083333   976 0.000
246.083333 246.166667  1012 0.000
246.166667 246.250000 99999 0.999
246.250000 246.333333   969 0.000
246.333333 246.416667   782 0.000
246.416667 246.500000   877 0.000
246.500000 246.583333   879 0.000
246.583333 246.666667   807 0.000
246.666667 246.750000   763 0.000
246.750000 246.833333   752 0.000
246.833333 246.916667   728 0.000
246.916667 247.000000   712 0.000
247.000000 247.083333   791 0.000
247.083333 247.166667   921 0.000
247.166667 247.250000   942 0.000
247.250000 247.333333   909 0.000
247.333333 247.416667   939 0.000
247.416667 247.500000   933 0.000
247.500000 247.583333   939 0.000
247.583333 247.666667   896 0.000
247.666667 247.750000   844 0.000
247.750000 247.833333   870 0.000
247.833333 247.916667   824 0.000
247.916667 248.000000   879 0.000
248.000000 248.083333   772 0.000
248.083333 248.166667   825 0.000
248.166667 248.250000   778 0.000
248.250000 248.333333   773 0.000
248.333333 248.416667   812 0.000
248.416667 248.500000   888 0.000
248.500000 248.583333   887 0.000
248.583333 248.666667   888 0.000
248.666667 248.750000   890 0.000
248.750000 248.833333   921 0.000
248.833333 248.916667   920 0.000
248.916667 249.000000   726 0.000
249.000000 249.083333   755 0.000
249.083333 249.166667   734 0.000
249.166667 249.250000   771 0.000
249.250000 249.333333   806 0.000
249.333333 249.416667   966 0.000
249.416667 249.500000   976 0.000
249.500000 249.583333  1017 0.000
249.583333 249.666667  1054 0.000
249.666667 249.750000  1020 0.000
249.750000 249.833333  1020 0.000
249.833333 249.916667   978 0.000
249.916667 250.000000  1008 0.000
250.000000 250.083333   990 0.000
250.083333 250.166667  1004 0.000
250.166667 250.250000  1025 0.000
250.250000 250.333333  1011 0.000
250.333333 250.416667   981 0.000
250.416667 250.500000   769 0.000
250.500000 250.583333   759 0.000
250.583333 250.666667   793 0.000
250.666667 250.750000   644 0.000
250.750000 250.833333   602 0.000
250.833333 250.916667 99999 0.999
250.916667 251.000000   664 0.000
251.000000 251.083333   666 0.000
251.083333 251.166667   811 0.000
251.166667 251.250000   865 0.000
251.250000 251.333333   837 0.000
251.333333 251.416667   845 0.000
251.416667 251.500000   877 0.000
251.500000 251.583333   892 0.000
251.583333 251.666667   918 0.000
251.666667 251.750000   895 0.000
251.750000 251.833333   878 0.000
251.833333 251.916667   893 0.000
251.916667 252.000000   883 0.000
252.000000 252.083333   884 0.000
252.083333 252.166667   863 0.000
252.166667 252.250000   852 0.000
252.250000 252.333333   876 0.000
252.333333 252.416667   928 0.000
252.416667 252.500000   993 0.000
252.500000 252.583333   911 0.000
252.583333 252.666667   879 0.000
252.666667 252.750000   855 0.000
252.750000 252.833333   882 0.000
252.833333 252.916667   934 0.000
252.916667 253.000000   949 0.000
253.000000 253.083333   992 0.000
253.083333 253.166667  1019 0.000
253.166667 253.250000  1030 0.000
253.250000 253.333333  1052 0.000
253.333333 253.416667  1050 0.000
253.416667 253.500000  1091 0.000
253.500000 253.583333  1053 0.000
253.583333 253.666667  1029 0.000
253.666667 253.750000   960 0.000
253.750000 253.833333   969 0.000
253.833333 253.916667   946 0.000
253.916667 254.000000   899 0.000
254.000000 254.083333   872 0.000
254.083333 254.166667   863 0.000
254.166667 254.250000   887 0.000
254.250000 254.333333   869 0.000
254.333333 254.416667   862 0.000
254.416667 254.500000   848 0.000
254.500000 254.583333   970 0.000
254.583333 254.666667   940 0.000
254.666667 254.750000   924 0.000
254.750000 254.833333   918 0.000
254.833333 254.916667   948 0.000
254.916667 255.000000  1092 0.000
255.000000 255.083333  1008 0.000
255.083333 255.166667  1069 0.000
255.166667 255.250000   856 0.000
255.250000 255.333333   740 0.000
255.333333 255.416667   768 0.000
255.416667 255.500000   910 0.000
255.500000 255.583333   884 0.000
255.583333 255.666667   800 0.000
255.666667 255.750000   816 0.000
255.750000 255.833333   767 0.000
255.833333 255.916667   704 0.000
255.916667 256.000000   728 0.000
256.000000 256.083333   863 0.000
256.083333 256.166667   799 0.000
256.166667 256.250000   761 0.000
256.250000 256.333333   701 0.000
256.333333 256.416667   749 0.000
256.416667 256.500000   798 0.000
256.500000 256.583333   685 0.000
256.583333 256.666667   691 0.000
256.666667 256.750000   699 0.000
256.750000 256.833333   745 0.000
256.833333 256.916667   829 0.000
256.916667 257.000000   906 0.000
257.000000 257.083333   833 0.000
257.083333 257.166667   805 0.000
257.166667 257.250000   793 0.000
257.250000 257.333333   779 0.000
257.333333 257.416667   823 0.000
257.416667 257.500000   833 0.000
257.500000 257.583333   862 0.000
257.583333 257.666667  1067 0.000
257.666667 257.750000   922 0.000
257.750000 257.833333   951 0.000
257.833333 257.916667   993 0.000
257.916667 258.000000 99999 0.999
258.000000 258.083333   941 0.000
258.083333 258.166667   866 0.000
258.166667 258.250000   883 0.000
258.250000 258.333333   933 0.000
258.333333 258.416667   760 0.000
258.416667 258.500000   777 0.000
258.500000 258.583333   773 0.000
258.583333 258.666667   757 0.000
258.666667 258.750000   779 0.000
258.750000 258.833333   769 0.000
258.833333 258.916667   787 0.000
258.916667 259.000000   814 0.000
259.000000 259.083333   872 0.000
259.083333 259.166667   913 0.000
259.166667 259.250000   897 0.000
259.250000 259.333333   871 0.000
259.333333 259.416667 99999 0.999
259.416667 259.500000   894 0.000
