data/obs/c2h6/WDCGG/event/CH0005R.20140101000000.20150720000000.online_gc.ethane.air.1y.2h.CH01L_Agilent_ADS-GC-FID_cn10450060_RIG.CH01L_ADS_GC_FID_VOCAIR_RIGI.lev2.nas
67 1001
Hill, Matz; Reimann, Stefan
CH01L, Swiss Federal Laboratories for Materials Science and Technology, EMPA, Section Air Pollution, Überlandstrasse 133, , 8600, Dübendorf, Switzerland
Hill, Matz
ACTRIS EMEP GAW-WDCRG
1 1
2014 01 01 2015 07 20
0
days from file reference point
5
1 1 1 1 1
999.999999 99999 9999.9 999.9 9.999
end_time of measurement, days from the file reference point
ethane, pmol/mol, Statistics=arithmetic mean, Data level=, Standard method=, Calibration scale=, Inlet type=, Detection limit=7.0 pmol/mol
ethane, pmol/mol, Statistics=expanded uncertainty 2sigma
ethane, pmol/mol, Statistics=precision
numflag, no unit
0
48
Data definition:              EBAS_1.1
Set type code:                TI
Timezone:                     UTC
File name:                    CH0005R.20140101000000.20150720000000.online_gc.ethane.air.1y.2h.CH01L_Agilent_ADS-GC-FID_cn10450060_RIG.CH01L_ADS_GC_FID_VOCAIR_RIGI.lev2.nas
File creation:                20190306184553
Startdate:                    20140101000000
Revision date:                20150720000000
Version:                      2
Version description:          initial revision, manually inspected, removed all data for butenes and pentenes
Data level:                   2
Period code:                  1y
Resolution code:              2h
Sample duration:              40mn
Station code:                 CH0005R
Platform code:                CH0005S
Station name:                 Rigi
Station GAW-ID:               RIG
Station latitude:             47.0675
Station longitude:            8.463889
Station altitude:             1031.0m
Measurement height:           3.0m
Regime:                       IMG
Component:                    ethane
Unit:                         pmol/mol
Matrix:                       air
Instrument type:              online_gc
Laboratory code:              CH01L
Instrument name:              Agilent_ADS-GC-FID_cn10450060_RIG
Instrument manufacturer:      Agilent
Instrument model:             6890GC/FID
Instrument serial number:     cn10450060
Method ref:                   CH01L_ADS_GC_FID_VOCAIR_RIGI
Standard method:              None
Calibration scale:            NPL
Inlet type:                   Hat or hood
Inlet description:            ambient air is brought into the cabin through a main inlet line at a flow rate of 300 lpm. From the main inlet line short stainless steel tubes are used to bring the air samples to the instruments.
Volume std. temperature:      273.15 K
Volume std. pressure:         1013.25 hPa
Detection limit expl.:        Determined by instrument counting statistics, no detection limit flag used
Measurement uncertainty expl.: Includes reproducibility (precision) + systematic errors (accuracy)
Zero/negative values code:    Zero/negative impossible
Zero/negative values:         Zero and neg. values don't appear because data was processed and zero/neg data taken out
Originator:                   Hill, Matz, matthias.hill@empa.ch, Swiss Federal Laboratories for Materials Science and Technology, Empa, Air Pollution/Environmental Technology, Ueberlandstrasse 129, , CH-8600, Duebendorf, Switzerland
Originator:                   Reimann, Stefan, , , , , , , , , 
Submitter:                    Hill, Matz, matthias.hill@empa.ch, Swiss Federal Laboratories for Materials Science and Technology, Empa, Air Pollution/Environmental Technology, Ueberlandstrasse 129, , CH-8600, Duebendorf, Switzerland
Acknowledgement:              Request acknowledgement details from data originator
Comment:                      "No SOP currently available, o3 not removed, nafion dryer, Calibration interval:1/two weeks"
starttime endtime C2H6 C2H6 C2H6 flag
[from data line 3064]
286.680556 286.708333  1124   23.8   3.8 0.000
286.763889 286.791667  1137   24.0   3.8 0.000
286.847222 286.875000  1134   23.9   3.8 0.000
286.930556 286.958333  1163   24.5   3.9 0.000
287.013889 287.041667  1115   23.6   3.8 0.000
287.097222 287.125000  1129   23.8   3.8 0.000
287.180556 287.208333  1106   23.4   3.8 0.000
287.263889 287.291667  1096   23.2   3.8 0.000
287.347222 287.375000  1113   23.5   3.8 0.000
287.430556 287.458333  1175   24.7   3.9 0.000
287.513889 287.541667  1154   24.3   3.9 0.000
287.597222 287.625000  1165   24.5   3.9 0.000
287.680556 287.708333  1111   23.5   3.8 0.000
287.763889 287.791667  1121   23.7   3.8 0.000
287.847222 287.875000  1054   22.4   3.8 0.000
287.930556 287.958333  1079   22.9   3.8 0.000
288.013889 288.041667  1099   23.3   3.8 0.000
288.097222 288.125000  1090   23.1   3.8 0.000
288.180556 288.208333  1073   22.8   3.8 0.000
288.263889 288.291667  1057   22.5   3.8 0.000
288.347222 288.375000  1058   22.5   3.8 0.000
288.430556 288.458333  1065   22.6   3.8 0.000
288.513889 288.541667  1171   24.7   3.9 0.000
288.597222 288.625000  1125   23.8   3.8 0.000
288.680556 288.708333  1012   21.6   3.7 0.000
288.763889 288.791667   944   20.3   3.7 0.000
288.847222 288.875000   925   19.9   3.7 0.000
288.930556 288.958333   936   20.1   3.7 0.000
289.013889 289.041667   949   20.4   3.7 0.000
289.097222 289.125000   934   20.1   3.7 0.000
289.180556 289.208333   855   18.6   3.6 0.000
289.263889 289.291667   933   20.1   3.7 0.000
289.347222 289.375000  1026   21.9   3.8 0.000
289.430556 289.458333  1028   21.9   3.8 0.000
289.513889 289.541667  1023   21.8   3.8 0.000
289.597222 289.625000  1001   21.4   3.7 0.000
289.680556 289.708333   985   21.1   3.7 0.000
289.763889 289.791667   985   21.1   3.7 0.000
289.847222 289.875000   972   20.8   3.7 0.000
289.930556 289.958333   975   20.9   3.7 0.000
290.013889 290.041667   991   21.2   3.7 0.000
290.097222 290.125000   946   20.3   3.7 0.000
290.180556 290.208333   952   20.4   3.7 0.000
290.263889 290.291667   975   20.9   3.7 0.000
290.347222 290.375000   955   20.5   3.7 0.000
290.430556 290.458333   988   21.1   3.7 0.000
290.513889 290.541667  1141   24.1   3.8 0.000
290.597222 290.625000  1191   25.1   3.9 0.000
290.680556 290.708333  1126   23.8   3.8 0.000
290.763889 290.791667   981   21.0   3.7 0.000
290.847222 290.875000   848   18.4   3.6 0.000
290.930556 290.958333   892   19.3   3.7 0.000
291.013889 291.041667   944   20.3   3.7 0.000
291.097222 291.125000   872   18.9   3.6 0.000
291.180556 291.208333   904   19.5   3.7 0.000
291.263889 291.291667   975   20.9   3.7 0.000
291.347222 291.375000   937   20.1   3.7 0.000
291.430556 291.458333   948   20.4   3.7 0.000
291.513889 291.541667   942   20.2   3.7 0.000
291.597222 291.625000   903   19.5   3.7 0.000
291.680556 291.708333  1023   21.8   3.8 0.000
291.763889 291.791667   840   18.3   3.6 0.000
291.847222 291.875000   810   17.7   3.6 0.000
291.930556 291.958333   775   17.1   3.6 0.000
292.013889 292.041667   792   17.4   3.6 0.000
292.097222 292.125000   786   17.3   3.6 0.000
292.180556 292.208333   794   17.4   3.6 0.000
292.263889 292.291667   791   17.4   3.6 0.000
292.347222 292.375000   827   18.0   3.6 0.000
292.430556 292.458333   815   17.8   3.6 0.000
292.513889 292.541667   882   19.1   3.7 0.000
292.597222 292.625000   896   19.4   3.7 0.000
292.680556 292.708333   938   20.2   3.7 0.000
292.763889 292.791667  1004   21.4   3.7 0.000
292.847222 292.875000  1021   21.8   3.8 0.000
292.930556 292.958333  1033   22.0   3.8 0.000
293.013889 293.041667   839   18.3   3.6 0.000
293.097222 293.125000   826   18.0   3.6 0.000
293.180556 293.208333   881   19.1   3.7 0.000
293.263889 293.291667   855   18.6   3.6 0.000
293.347222 293.375000   835   18.2   3.6 0.000
293.430556 293.458333   898   19.4   3.7 0.000
293.513889 293.541667   924   19.9   3.7 0.000
293.597222 293.625000   948   20.4   3.7 0.000
293.680556 293.708333   964   20.7   3.7 0.000
293.763889 293.791667  1042   22.2   3.8 0.000
293.847222 293.875000  1181   24.9   3.9 0.000
293.930556 293.958333  1194   25.1   3.9 0.000
294.013889 294.041667  1217   25.6   3.9 0.000
294.097222 294.125000  1190   25.0   3.9 0.000
294.180556 294.208333  1212   25.5   3.9 0.000
294.263889 294.291667  1288   26.9   4.0 0.000
294.347222 294.375000  1249   26.2   3.9 0.000
294.430556 294.458333  1242   26.0   3.9 0.000
294.513889 294.541667  1245   26.1   3.9 0.000
294.597222 294.625000  1235   25.9   3.9 0.000
294.680556 294.708333  1237   25.9   3.9 0.000
294.763889 294.791667  1237   25.9   3.9 0.000
294.847222 294.875000  1231   25.8   3.9 0.000
294.930556 294.958333  1240   26.0   3.9 0.000
295.013889 295.041667  1250   26.2   3.9 0.000
295.097222 295.125000  1266   26.5   3.9 0.000
295.180556 295.208333  1268   26.6   3.9 0.000
295.263889 295.291667  1270   26.6   3.9 0.000
295.347222 295.375000  1288   26.9   4.0 0.000
295.430556 295.458333  1424   29.6   4.1 0.000
295.513889 295.541667  1352   28.2   4.0 0.000
295.597222 295.625000  1230   25.8   3.9 0.000
295.680556 295.708333  1231   25.8   3.9 0.000
295.763889 295.791667  1255   26.3   3.9 0.000
295.847222 295.875000  1293   27.0   4.0 0.000
295.930556 295.958333  1296   27.1   4.0 0.000
296.013889 296.041667  1308   27.3   4.0 0.000
296.097222 296.125000  1314   27.5   4.0 0.000
296.180556 296.208333  1317   27.5   4.0 0.000
296.263889 296.291667  1337   27.9   4.0 0.000
296.347222 296.375000  1343   28.0   4.0 0.000
296.430556 296.458333  1434   29.8   4.1 0.000
296.513889 296.541667  1456   30.2   4.1 0.000
296.597222 296.625000  1457   30.3   4.1 0.000
296.680556 296.708333  1445   30.0   4.1 0.000
296.763889 296.791667  1471   30.5   4.1 0.000
296.847222 296.875000  1454   30.2   4.1 0.000
296.930556 296.958333  1412   29.4   4.0 0.000
297.013889 297.041667  1423   29.6   4.1 0.000
297.097222 297.125000  1392   29.0   4.0 0.000
297.180556 297.208333  1345   28.1   4.0 0.000
297.263889 297.291667  1285   26.9   4.0 0.000
297.347222 297.375000  1210   25.4   3.9 0.000
297.430556 297.458333  1135   24.0   3.8 0.000
297.513889 297.541667  1062   22.5   3.8 0.000
297.597222 297.625000  1155   24.4   3.9 0.000
297.680556 297.708333   973   20.8   3.7 0.000
297.763889 297.791667   902   19.5   3.7 0.000
297.847222 297.875000   927   20.0   3.7 0.000
297.930556 297.958333   991   21.2   3.7 0.000
298.013889 298.041667   993   21.2   3.7 0.000
298.097222 298.125000   938   20.2   3.7 0.000
298.180556 298.208333   885   19.2   3.7 0.000
298.263889 298.291667   855   18.6   3.6 0.000
298.347222 298.375000  1341   28.0   4.0 0.000
298.430556 298.458333  1512   31.3   4.1 0.000
298.513889 298.541667  1293   27.0   4.0 0.000
298.597222 298.625000  1369   28.5   4.0 0.000
298.680556 298.708333  1482   30.8   4.1 0.000
298.763889 298.791667  1425   29.6   4.1 0.000
298.847222 298.875000  1229   25.8   3.9 0.000
298.930556 298.958333  1230   25.8   3.9 0.000
299.013889 299.041667  1153   24.3   3.9 0.000
299.097222 299.125000  1083   23.0   3.8 0.000
299.180556 299.208333  1102   23.3   3.8 0.000
299.263889 299.291667  1122   23.7   3.8 0.000
299.347222 299.375000  1086   23.0   3.8 0.000
299.430556 299.458333  1344   28.0   4.0 0.000
299.513889 299.541667  1260   26.4   3.9 0.000
299.597222 299.625000  1183   24.9   3.9 0.000
299.680556 299.708333  1302   27.2   4.0 0.000
299.763889 299.791667  1190   25.0   3.9 0.000
299.847222 299.875000  1165   24.5   3.9 0.000
299.930556 299.958333  1216   25.5   3.9 0.000
300.013889 300.041667  1226   25.7   3.9 0.000
300.097222 300.125000  1162   24.5   3.9 0.000
300.180556 300.208333  1054   22.4   3.8 0.000
300.263889 300.291667  1126   23.8   3.8 0.000
300.347222 300.375000  1191   25.1   3.9 0.000
300.430556 300.458333  1224   25.7   3.9 0.000
300.513889 300.541667  1204   25.3   3.9 0.000
300.597222 300.625000  1195   25.1   3.9 0.000
300.680556 300.708333  1283   26.8   3.9 0.000
300.763889 300.791667  1327   27.7   4.0 0.000
300.847222 300.875000  1341   28.0   4.0 0.000
300.930556 300.958333  1282   26.8   3.9 0.000
301.013889 301.041667  1306   27.3   4.0 0.000
301.097222 301.125000  1335   27.9   4.0 0.000
301.180556 301.208333  1243   26.1   3.9 0.000
301.263889 301.291667  1285   26.9   4.0 0.000
301.861111 301.888889  1359   28.3   4.0 0.000
301.944444 301.972222  1347   28.1   4.0 0.000
302.027778 302.055556  1318   27.5   3.9 0.000
302.111111 302.138889  1133   23.9   3.8 0.000
302.194444 302.222222  1204   25.3   3.9 0.000
302.277778 302.305556  1108   23.4   3.8 0.000
302.361111 302.388889  1115   23.6   3.8 0.000
302.444444 302.472222  1461   30.3   4.0 0.000
302.527778 302.555556  1372   28.6   4.0 0.000
302.611111 302.638889  1388   28.9   4.0 0.000
302.694444 302.722222  1233   25.8   3.9 0.000
302.777778 302.805556  1078   22.8   3.8 0.000
302.861111 302.888889   960   20.6   3.7 0.000
302.944444 302.972222   829   18.1   3.6 0.000
303.027778 303.055556   843   18.3   3.6 0.000
303.111111 303.138889   817   17.8   3.6 0.000
303.194444 303.222222   773   17.0   3.5 0.000
303.277778 303.305556   765   16.9   3.5 0.000
303.361111 303.388889   755   16.7   3.5 0.000
303.444444 303.472222   789   17.3   3.6 0.000
303.527778 303.555556   967   20.7   3.7 0.000
303.611111 303.638889  1152   24.3   3.8 0.000
303.694444 303.722222   968   20.7   3.7 0.000
303.777778 303.805556   847   18.4   3.6 0.000
303.861111 303.888889   817   17.8   3.6 0.000
303.944444 303.972222   806   17.6   3.6 0.000
304.027778 304.055556   811   17.7   3.6 0.000
304.111111 304.138889   794   17.4   3.6 0.000
304.194444 304.222222   804   17.6   3.6 0.000
304.277778 304.305556   919   19.8   3.7 0.000
304.361111 304.388889   859   18.6   3.6 0.000
304.444444 304.472222   829   18.1   3.6 0.000
304.527778 304.555556   912   19.6   3.6 0.000
304.611111 304.638889   893   19.3   3.6 0.000
304.694444 304.722222   909   19.6   3.6 0.000
304.777778 304.805556   846   18.4   3.6 0.000
304.861111 304.888889   835   18.2   3.6 0.000
304.944444 304.972222   834   18.2   3.6 0.000
305.027778 305.055556   813   17.8   3.6 0.000
305.111111 305.138889   843   18.3   3.6 0.000
305.194444 305.222222   869   18.8   3.6 0.000
305.277778 305.305556   852   18.5   3.6 0.000
305.361111 305.388889   839   18.3   3.6 0.000
305.444444 305.472222   877   19.0   3.6 0.000
305.527778 305.555556   964   20.6   3.7 0.000
305.611111 305.638889  1079   22.9   3.8 0.000
305.694444 305.722222   984   21.0   3.7 0.000
305.777778 305.805556   787   17.3   3.6 0.000
305.861111 305.888889   805   17.6   3.6 0.000
305.944444 305.972222   905   19.5   3.6 0.000
306.027778 306.055556  1011   21.5   3.7 0.000
306.111111 306.138889  1058   22.5   3.8 0.000
306.194444 306.222222  1028   21.9   3.7 0.000
306.277778 306.305556   985   21.0   3.7 0.000
306.340278 306.368056   941   20.2   3.7 0.000
306.423611 306.451389   926   19.9   3.7 0.000
306.506944 306.534722  1038   22.1   3.7 0.000
306.590278 306.618056  1077   22.8   3.8 0.000
306.673611 306.701389  1212   25.4   3.9 0.000
306.756944 306.784722  1144   24.1   3.8 0.000
306.840278 306.868056  1206   25.3   3.9 0.000
306.923611 306.951389  1258   26.3   3.9 0.000
307.006944 307.034722  1107   23.4   3.8 0.000
307.090278 307.118056  1359   28.3   4.0 0.000
307.173611 307.201389  1280   26.8   3.9 0.000
307.256944 307.284722  1247   26.1   3.9 0.000
307.340278 307.368056  1230   25.8   3.9 0.000
307.423611 307.451389  1233   25.8   3.9 0.000
307.506944 307.534722  1258   26.3   3.9 0.000
307.590278 307.618056  1211   25.4   3.9 0.000
307.673611 307.701389  1166   24.5   3.8 0.000
307.756944 307.784722  1150   24.2   3.8 0.000
307.840278 307.868056  1254   26.3   3.9 0.000
307.923611 307.951389  1672   34.5   4.2 0.000
308.006944 308.034722  1538   31.8   4.1 0.000
308.090278 308.118056  1385   28.8   4.0 0.000
308.173611 308.201389  1514   31.4   4.1 0.000
308.256944 308.284722  1466   30.4   4.0 0.000
308.340278 308.368056  1595   33.0   4.1 0.000
308.423611 308.451389  1511   31.3   4.1 0.000
308.506944 308.534722  1524   31.6   4.1 0.000
308.590278 308.618056  1539   31.8   4.1 0.000
308.673611 308.701389  1535   31.8   4.1 0.000
308.756944 308.784722  1512   31.3   4.1 0.000
308.840278 308.868056  1493   30.9   4.1 0.000
308.923611 308.951389  1527   31.6   4.1 0.000
309.006944 309.034722  1395   29.0   4.0 0.000
309.090278 309.118056  1418   29.5   4.0 0.000
309.173611 309.201389  1354   28.2   4.0 0.000
309.256944 309.284722  1356   28.3   4.0 0.000
309.340278 309.368056  1493   30.9   4.1 0.000
309.423611 309.451389  1525   31.6   4.1 0.000
309.506944 309.534722  1612   33.3   4.1 0.000
309.590278 309.618056  1567   32.4   4.1 0.000
309.673611 309.701389  1536   31.8   4.1 0.000
309.756944 309.784722  1547   32.0   4.1 0.000
309.840278 309.868056  1546   32.0   4.1 0.000
309.923611 309.951389  1558   32.2   4.1 0.000
310.006944 310.034722  1529   31.7   4.1 0.000
310.090278 310.118056  1515   31.4   4.1 0.000
310.173611 310.201389  1518   31.4   4.1 0.000
310.256944 310.284722  1475   30.6   4.0 0.000
310.340278 310.368056  1384   28.8   4.0 0.000
310.423611 310.451389  1403   29.2   4.0 0.000
310.506944 310.534722  1483   30.7   4.1 0.000
310.590278 310.618056  1356   28.3   4.0 0.000
310.673611 310.701389  1349   28.1   4.0 0.000
310.756944 310.784722  1485   30.8   4.1 0.000
310.840278 310.868056  1470   30.5   4.0 0.000
310.923611 310.951389  1456   30.2   4.0 0.000
311.006944 311.034722  1384   28.8   4.0 0.000
311.090278 311.118056  1340   27.9   4.0 0.000
311.173611 311.201389  1336   27.9   3.9 0.000
311.256944 311.284722  1336   27.9   3.9 0.000
311.340278 311.368056  1318   27.5   3.9 0.000
311.423611 311.451389  1346   28.1   4.0 0.000
311.506944 311.534722  1387   28.9   4.0 0.000
311.590278 311.618056  1498   31.0   4.1 0.000
311.673611 311.701389  1464   30.4   4.0 0.000
311.756944 311.784722  1470   30.5   4.0 0.000
311.840278 311.868056  1490   30.9   4.1 0.000
311.923611 311.951389  1507   31.2   4.1 0.000
312.006944 312.034722  1383   28.8   4.0 0.000
312.090278 312.118056  1404   29.2   4.0 0.000
312.173611 312.201389  1340   27.9   4.0 0.000
312.256944 312.284722  1370   28.5   4.0 0.000
312.340278 312.368056  1355   28.2   4.0 0.000
312.423611 312.451389  1372   28.6   4.0 0.000
312.506944 312.534722  1471   30.5   4.0 0.000
312.590278 312.618056  1482   30.7   4.1 0.000
312.673611 312.701389  1532   31.7   4.1 0.000
312.756944 312.784722  1530   31.7   4.1 0.000
312.840278 312.868056  1612   33.3   4.1 0.000
312.923611 312.951389  1460   30.3   4.0 0.000
313.006944 313.034722  1518   31.4   4.1 0.000
313.090278 313.118056  1420   29.5   4.0 0.000
313.173611 313.201389  1386   28.8   4.0 0.000
313.256944 313.284722  1358   28.3   4.0 0.000
313.340278 313.368056  1350   28.1   4.0 0.000
313.423611 313.451389  1361   28.4   4.0 0.000
313.506944 313.534722  1436   29.8   4.0 0.000
313.590278 313.618056  1445   30.0   4.0 0.000
313.673611 313.701389  1446   30.0   4.0 0.000
313.756944 313.784722  1436   29.8   4.0 0.000
313.840278 313.868056  1396   29.0   4.0 0.000
313.923611 313.951389  1365   28.4   4.0 0.000
314.006944 314.034722  1380   28.7   4.0 0.000
314.090278 314.118056  1394   29.0   4.0 0.000
314.173611 314.201389  1521   31.5   4.1 0.000
314.256944 314.284722  1487   30.8   4.1 0.000
314.340278 314.368056  1266   26.5   3.9 0.000
314.423611 314.451389  1098   23.2   3.8 0.000
314.506944 314.534722  1000   21.3   3.7 0.000
314.590278 314.618056   951   20.4   3.7 0.000
314.673611 314.701389  1062   22.5   3.8 0.000
314.756944 314.784722  1135   23.9   3.8 0.000
314.840278 314.868056  1157   24.4   3.8 0.000
314.923611 314.951389  1428   29.7   4.0 0.000
315.006944 315.034722  1146   24.2   3.8 0.000
315.090278 315.118056  1432   29.7   4.0 0.000
315.173611 315.201389  1489   30.9   4.1 0.000
315.256944 315.284722  1533   31.7   4.1 0.000
315.340278 315.368056  1579   32.6   4.1 0.000
315.423611 315.451389  1556   32.2   4.1 0.000
