data/obs/c2h6/WDCGG/event/CH0001G.20170101004800.20180821000000.online_gc.ethane.air.1y.2h.CH01L_Agilent_GC-MS-MEDUSA_Medusa-12_JFJ.CH01L_VOC_AIR_Medusa-12.lev2.nas
70 1001
Hill, Matz; Reimann, Stefan; Vollmer, Martin K.
CH01L, Swiss Federal Laboratories for Materials Science and Technology, EMPA, Section Air Pollution, Überlandstrasse 133, , 8600, Dübendorf, Switzerland
Hill, Matz
ACTRIS EMEP GAW-WDCRG
1 1
2017 01 01 2018 08 21
0
days from file reference point
5
1 1 1 1 1
999.999999 99999.999 9999.999 999.999 9.999
end_time of measurement, days from the file reference point
ethane, pmol/mol, Statistics=arithmetic mean, Detection limit=1.1 pmol/mol
ethane, pmol/mol, Statistics=expanded uncertainty 2sigma
ethane, pmol/mol, Statistics=precision
numflag, no unit
0
51
Data definition:              EBAS_1.1
Set type code:                TI
Timezone:                     UTC
File name:                    CH0001G.20170101004800.20180821000000.online_gc.ethane.air.1y.2h.CH01L_Agilent_GC-MS-MEDUSA_Medusa-12_JFJ.CH01L_VOC_AIR_Medusa-12.lev2.nas
File creation:                20190306184545
Startdate:                    20170101004800
Revision date:                20180821000000
Version:                      3
Version description:          Third submission
Data level:                   2
Period code:                  1y
Resolution code:              2h
Sample duration:              20mn
Orig. time res.:              2h
Station code:                 CH0001G
Platform code:                CH0001S
Station name:                 Jungfraujoch
Station GAW-ID:               JFJ
Station latitude:             46.5475
Station longitude:            7.985
Station altitude:             3578.0m
Measurement altitude:         3580.0m
Measurement height:           2.0m
Regime:                       IMG
Component:                    ethane
Unit:                         pmol/mol
Matrix:                       air
Instrument type:              online_gc
Laboratory code:              CH01L
Instrument name:              Agilent_GC-MS-MEDUSA_Medusa-12_JFJ
Instrument manufacturer:      AGAGE+Agilent+Agilent
Instrument model:             MEDUSA+6890N+5975B
Instrument serial number:     Medusa-12
Method ref:                   CH01L_VOC_AIR_Medusa-12
Standard method:              None
Calibration scale:            SIO-p
Inlet type:                   Hat or hood
Inlet description:            above the roof
Volume std. temperature:      273.15 K
Volume std. pressure:         1013.25 hPa
Detection limit expl.:        Determined by instrument counting statistics, no detection limit flag used
Measurement uncertainty expl.: Includes reproducibility (precision) + systematic errors (accuracy)
Zero/negative values code:    Zero/negative impossible
Zero/negative values:         Zero and neg. values do not appear because data was processed and zero/neg data taken out
Originator:                   Hill, Matz, matthias.hill@empa.ch, Swiss Federal Laboratories for Materials Science and Technology, Empa, Air Pollution/Environmental Technology, Ueberlandstrasse 129, , CH-8600, Duebendorf, Switzerland
Originator:                   Reimann, Stefan, , , , , , , , , 
Originator:                   Vollmer, Martin K., martin.vollmer@empa.ch, Swiss Federal Laboratories for Materials Science and Technology, Empa, Air Pollution/Environmental Technology, Ueberlandstrasse 129, , CH-8600, Duebendorf, Switzerland
Submitter:                    Hill, Matz, matthias.hill@empa.ch, Swiss Federal Laboratories for Materials Science and Technology, Empa, Air Pollution/Environmental Technology, Ueberlandstrasse 129, , CH-8600, Duebendorf, Switzerland
Acknowledgement:              Request acknowledgement details from data originator
Comment:                      "No SOP currently available, MEDUSA. Sample volume: 2L, trap at -170degC, trap material Hayesep D, Nafion dryer, no O3 removal, 2-hourly calibration interval"
starttime endtime C2H6 C2H6 C2H6 flag
[from data line 2037]
166.264583 166.278472   862.153   55.166   4.185 0.000
166.309722 166.323611   870.367   55.656   4.107 0.000
166.400000 166.413889   971.645   62.190   4.775 0.000
166.445139 166.459028   978.201   62.610   4.808 0.000
166.535417 166.549306   946.391   60.650   4.895 0.000
166.580556 166.594444  1008.712   64.654   5.248 0.000
166.670833 166.684722  1061.771   67.982   5.295 0.000
166.715972 166.729861  1111.120   71.142   5.541 0.000
166.806250 166.820139  1209.349   77.449   6.087 0.000
166.851389 166.865278  1230.385   78.847   6.353 0.000
166.941667 166.955556  1030.407   66.032   5.320 0.000
166.986806 167.000694   961.994   61.705   5.141 0.000
167.077083 167.090972  1020.627   65.465   5.455 0.000
167.122222 167.136111  1033.586   66.351   5.684 0.000
167.709028 167.722917   910.237   58.202   4.282 0.000
167.754167 167.768056   901.702   57.656   4.242 0.000
167.844444 167.858333   886.159   56.684   4.240 0.000
167.889583 167.903472   825.079   52.777   3.948 0.000
167.979861 167.993750 99999.999 9999.999 999.999 0.999
168.025000 168.038889   828.679   53.174   4.491 0.000
168.167361 168.181250   941.558   60.715   5.919 0.000
168.257639 168.271528   891.789   57.604   5.855 0.000
168.302778 168.316667 99999.999 9999.999 999.999 0.999
168.393056 168.406944   937.173   60.540   6.162 0.000
168.438194 168.452083   950.479   61.393   6.235 0.000
168.528472 168.542361   913.318   58.921   5.812 0.000
168.573611 168.587500   924.140   59.601   5.834 0.000
168.664583 168.678472   906.482   58.605   6.077 0.000
168.709722 168.723611   918.640   59.265   5.847 0.000
168.800000 168.813889   870.948   56.218   5.619 0.000
168.845139 168.859028   808.562   52.087   4.949 0.000
168.935417 168.949306   840.586   54.150   5.145 0.000
168.980556 168.994444   896.271   57.644   5.236 0.000
169.070833 169.084722   887.225   57.062   5.183 0.000
169.115972 169.129861   905.302   58.145   5.064 0.000
169.206250 169.220139   881.783   56.635   4.933 0.000
169.251389 169.265278   876.723   56.250   4.730 0.000
169.341667 169.355556   853.516   54.761   4.605 0.000
169.386806 169.400694   689.876   44.220   3.595 0.000
169.477083 169.490972   802.678   51.451   4.183 0.000
169.522222 169.536111   851.128   54.492   4.233 0.000
169.612500 169.626389   865.271   55.397   4.303 0.000
169.657639 169.671528   834.576   53.539   4.482 0.000
169.747917 169.761806   809.292   51.917   4.346 0.000
169.793056 169.806944   803.276   51.567   4.420 0.000
169.883333 169.897222   832.162   53.421   4.579 0.000
169.928472 169.942361   839.228   53.706   4.095 0.000
170.018750 170.032639   805.908   51.573   3.933 0.000
170.063889 170.077778   833.574   53.147   3.362 0.000
170.154167 170.168056   831.448   53.011   3.353 0.000
170.199306 170.213194   825.134   52.533   3.015 0.000
170.289583 170.303472   745.123   47.439   2.723 0.000
170.334722 170.348611   781.928   49.774   2.820 0.000
170.425000 170.438889   827.848   52.697   2.986 0.000
170.470139 170.484028   826.199   52.538   2.730 0.000
170.560417 170.574306   856.540   54.467   2.830 0.000
170.605556 170.619444   845.636   53.730   2.574 0.000
170.695833 170.709722   839.587   53.346   2.555 0.000
170.740972 170.754861   833.684   52.968   2.523 0.000
170.831250 170.845139   801.226   50.906   2.425 0.000
170.876389 170.890278   760.695   48.348   2.395 0.000
170.966667 170.980556   764.403   48.584   2.406 0.000
171.011806 171.025694   767.263   48.776   2.468 0.000
171.102083 171.115972   722.680   45.942   2.325 0.000
171.147222 171.161111   732.624   46.609   2.521 0.000
171.237500 171.251389   697.385   44.367   2.400 0.000
171.282639 171.296528   742.934   47.260   2.535 0.000
171.372917 171.386806   771.145   49.055   2.631 0.000
171.418056 171.431944   773.006   49.176   2.652 0.000
171.508333 171.522222   771.116   49.056   2.646 0.000
171.553472 171.567361   795.987   50.649   2.783 0.000
171.643750 171.657639   795.605   50.625   2.782 0.000
171.688889 171.702778   791.764   50.308   2.414 0.000
171.779167 171.793056   785.301   49.897   2.394 0.000
171.824306 171.838194   764.802   48.566   2.176 0.000
171.914583 171.928472   787.192   49.988   2.240 0.000
171.959722 171.973611   779.339   49.505   2.308 0.000
172.050000 172.063889   774.392   49.206   2.373 0.000
172.095139 172.109028   766.073   48.693   2.424 0.000
172.185417 172.199306   769.211   48.892   2.434 0.000
172.230556 172.244444   798.007   50.740   2.612 0.000
172.429167 172.443056   794.996   50.672   3.144 0.000
172.474306 172.488194   794.802   50.698   3.295 0.000
172.564583 172.578472   795.412   50.731   3.277 0.000
172.609722 172.623611   805.823   51.424   3.428 0.000
172.925694 172.939583   771.681   49.201   3.115 0.000
172.970833 172.984722   772.395   49.212   2.978 0.000
173.061111 173.075000   726.157   46.295   2.917 0.000
173.106250 173.120139   751.701   47.897   2.912 0.000
173.196528 173.210417 99999.999 9999.999 999.999 0.999
173.241667 173.255556 99999.999 9999.999 999.999 0.999
173.331944 173.345833   611.467   38.934   2.254 0.000
173.377083 173.390972   580.469   36.961   2.140 0.000
173.467361 173.481250   621.365   39.561   2.275 0.000
173.512500 173.526389   627.542   39.933   2.202 0.000
173.602778 173.616667   632.492   40.239   2.179 0.000
173.647917 173.661806   631.494   40.176   2.176 0.000
173.738194 173.752083   640.469   40.721   2.085 0.000
173.783333 173.797222   628.020   39.929   2.045 0.000
173.873611 173.887500   622.718   39.577   1.952 0.000
173.918750 173.932639   624.270   39.676   1.957 0.000
174.009028 174.022917   643.428   40.904   2.070 0.000
174.054167 174.068056   625.264   39.729   1.909 0.000
174.640972 174.654861   724.196   46.265   3.264 0.000
174.686111 174.700000   681.613   43.545   3.072 0.000
174.776389 174.790278   637.993   40.772   2.925 0.000
174.821528 174.835417   630.534   40.295   2.891 0.000
174.911806 174.925694   641.480   41.009   2.991 0.000
174.956944 174.970833   656.866   41.993   3.063 0.000
175.047917 175.061806   660.310   42.208   3.063 0.000
175.093056 175.106944   649.010   41.460   2.919 0.000
175.235417 175.249306   676.699   43.258   3.147 0.000
175.325694 175.339583   691.334   44.225   3.320 0.000
175.370833 175.384722   697.363   44.580   3.244 0.000
175.461111 175.475000   738.130   47.216   3.537 0.000
175.506250 175.520139   730.843   46.751   3.503 0.000
175.596528 175.610417   701.407   44.886   3.424 0.000
175.641667 175.655556   671.747   42.962   3.191 0.000
175.731944 175.745833   669.733   42.839   3.202 0.000
175.777083 175.790972   677.688   43.559   3.883 0.000
175.867361 175.881250   580.916   37.381   3.445 0.000
175.912500 175.926389   777.257   50.047   4.696 0.000
176.002778 176.016667   812.591   52.322   4.909 0.000
176.047917 176.061806   608.448   39.156   3.618 0.000
176.138194 176.152083   377.953   24.323   2.248 0.000
176.183333 176.197222   385.647   24.784   2.199 0.000
176.273611 176.287500   384.681   24.722   2.194 0.000
176.318750 176.332639   436.943   28.074   2.475 0.000
176.409028 176.422917   487.392   31.316   2.760 0.000
176.454167 176.468056   524.731   33.728   3.008 0.000
176.544444 176.558333   589.964   37.921   3.381 0.000
176.589583 176.603472   537.753   34.350   2.410 0.000
176.679861 176.693750   591.545   37.786   2.651 0.000
176.725000 176.738889   610.331   39.010   2.818 0.000
176.815278 176.829167   636.358   40.674   2.938 0.000
176.860417 176.874306   624.624   39.950   2.975 0.000
176.950694 176.964583   610.890   39.072   2.910 0.000
176.995833 177.009722   612.244   39.206   3.072 0.000
177.086111 177.100000   637.332   40.813   3.198 0.000
177.131250 177.145139   634.843   40.714   3.374 0.000
177.221528 177.235417   635.679   40.768   3.379 0.000
177.266667 177.280556   636.597   40.901   3.602 0.000
177.356944 177.370833   640.464   41.150   3.623 0.000
177.402083 177.415972   644.993   41.540   3.922 0.000
177.492361 177.506250 99999.999 9999.999 999.999 0.999
177.537500 177.551389 99999.999 9999.999 999.999 0.999
178.454167 178.468056 99999.999 9999.999 999.999 0.999
178.552083 178.565972 99999.999 9999.999 999.999 0.999
178.597222 178.611111 99999.999 9999.999 999.999 0.999
178.687500 178.701389 99999.999 9999.999 999.999 0.999
178.732639 178.746528 99999.999 9999.999 999.999 0.999
178.822917 178.836806   633.429   40.230   1.836 0.000
178.868056 178.881944   641.025   40.712   1.858 0.000
178.958333 178.972222   689.660   43.815   2.078 0.000
179.003472 179.017361   750.704   47.694   2.262 0.000
179.093750 179.107639   746.047   47.387   2.188 0.000
179.138889 179.152778   761.102   48.343   2.232 0.000
179.229167 179.243056   835.543   53.060   2.388 0.000
179.274306 179.288194   816.908   51.876   2.334 0.000
179.364583 179.378472   798.885   50.747   2.367 0.000
179.409722 179.423611   798.467   50.721   2.365 0.000
179.500000 179.513889   791.397   50.259   2.276 0.000
179.545139 179.559028   792.494   50.329   2.279 0.000
179.861111 179.875000   834.839   53.030   2.468 0.000
179.906250 179.920139   830.156   52.745   2.519 0.000
179.996528 180.010417   849.017   53.960   2.665 0.000
180.041667 180.055556   856.464   54.421   2.625 0.000
180.131944 180.145833   842.017   53.521   2.671 0.000
180.177083 180.190972   842.181   53.515   2.589 0.000
180.267361 180.281250   872.944   55.488   2.773 0.000
180.312500 180.326389   883.215   56.123   2.716 0.000
180.402778 180.416667   844.431   53.660   2.605 0.000
180.447917 180.461806   848.767   53.936   2.619 0.000
180.538194 180.552083   849.513   53.965   2.524 0.000
180.583333 180.597222   853.366   54.240   2.694 0.000
180.673611 180.687500   837.995   53.240   2.527 0.000
180.718750 180.732639   834.539   53.020   2.517 0.000
180.809028 180.822917   834.495   53.088   2.864 0.000
180.854167 180.868056   835.391   53.163   2.950 0.000
180.944444 180.958333   808.267   51.667   3.753 0.000
180.989583 181.003472   809.449   51.753   3.794 0.000
181.079861 181.093750   802.353   51.284   3.706 0.000
181.125000 181.138889   808.544   51.709   3.834 0.000
181.711806 181.725694   825.941   52.992   4.458 0.000
181.756944 181.770833   834.915   53.568   4.506 0.000
181.847222 181.861111   813.860   52.423   4.966 0.000
181.892361 181.906250   806.634   51.957   4.922 0.000
181.982639 181.996528   903.516   58.281   5.730 0.000
182.027778 182.041667   976.905   63.015   6.196 0.000
182.170139 182.184028   975.463   62.963   6.289 0.000
182.260417 182.274306  1153.221   74.528   7.661 0.000
182.305556 182.319444  1160.249   75.166   8.143 0.000
182.395833 182.409722 99999.999 9999.999 999.999 0.999
182.440972 182.454861 99999.999 9999.999 999.999 0.999
182.531250 182.545139  1067.242   69.361   7.982 0.000
182.576389 182.590278   965.568   62.650   6.995 0.000
182.667361 182.681250   965.995   62.787   7.239 0.000
182.712500 182.726389   811.587   52.665   5.892 0.000
182.802778 182.816667   625.872   40.603   4.521 0.000
182.847917 182.861806   543.468   35.350   4.129 0.000
182.938194 182.952083   561.165   36.370   3.973 0.000
182.983333 182.997222   550.891   35.774   4.058 0.000
183.073611 183.087500   566.481   36.844   4.297 0.000
183.118750 183.132639   577.152   37.477   4.246 0.000
183.209028 183.222917   819.034   53.183   6.025 0.000
183.254167 183.268056   864.359   56.066   6.224 0.000
183.344444 183.358333   871.177   56.508   6.273 0.000
183.389583 183.403472   865.541   56.158   6.266 0.000
183.479861 183.493750   911.118   59.115   6.596 0.000
183.525000 183.538889 99999.999 9999.999 999.999 0.999
183.615278 183.629167   764.989   49.631   5.532 0.000
183.660417 183.674306   717.564   46.643   5.385 0.000
183.750694 183.764583   733.776   47.697   5.507 0.000
183.795833 183.809722   682.394   44.210   4.792 0.000
183.886111 183.900000   519.930   33.684   3.651 0.000
183.931250 183.945139 99999.999 9999.999 999.999 0.999
184.021528 184.035417   508.233   32.857   3.406 0.000
184.066667 184.080556   482.729   31.203   3.221 0.000
184.156944 184.170833   631.917   40.846   4.216 0.000
184.202083 184.215972   781.194   50.651   5.578 0.000
184.292361 184.306250   622.125   40.337   4.442 0.000
184.337500 184.351389   620.841   40.397   4.748 0.000
184.427778 184.441667   606.165   39.442   4.636 0.000
184.472917 184.486806   596.386   38.810   4.570 0.000
184.563194 184.577083   652.427   42.457   4.999 0.000
184.608333 184.622222   683.215   44.455   5.222 0.000
184.698611 184.712500 99999.999 9999.999 999.999 0.999
184.743750 184.757639 99999.999 9999.999 999.999 0.999
184.834028 184.847917   540.986   35.211   4.157 0.000
184.879167 184.893056   524.072   33.955   3.687 0.000
184.969444 184.983333   457.459   29.639   3.218 0.000
185.014583 185.028472   471.176   30.407   3.024 0.000
185.104861 185.118750   475.396   30.680   3.051 0.000
185.150000 185.163889   414.286   26.732   2.650 0.000
185.240278 185.254167   342.829   22.122   2.193 0.000
185.285417 185.299306   347.888   22.462   2.260 0.000
185.375694 185.389583   364.110   23.509   2.365 0.000
185.420833 185.434722   369.515   23.791   2.229 0.000
185.511111 185.525000   452.815   29.155   2.731 0.000
185.556250 185.570139   498.915   32.126   3.017 0.000
185.646528 185.660417   538.549   34.678   3.257 0.000
185.691667 185.705556   563.398   36.240   3.303 0.000
185.781944 185.795833   623.031   40.075   3.653 0.000
185.827083 185.840972   588.250   37.840   3.454 0.000
185.917361 185.931250   562.297   36.160   3.273 0.000
185.962500 185.976389   539.157   34.711   3.245 0.000
186.053472 186.067361   526.281   33.845   3.066 0.000
186.098611 186.112500   563.233   36.251   3.361 0.000
186.188889 186.202778   580.338   37.378   3.535 0.000
186.234028 186.247917   604.002   38.711   3.134 0.000
186.324306 186.338194   586.458   37.557   2.949 0.000
186.369444 186.383333   587.000   37.421   2.348 0.000
186.459722 186.473611   567.547   36.181   2.270 0.000
186.504861 186.518750   581.094   37.063   2.397 0.000
186.595139 186.609028   549.997   35.069   2.226 0.000
186.640278 186.654167   540.976   34.507   2.243 0.000
186.956250 186.970139   526.134   33.724   2.741 0.000
187.001389 187.015278   514.875   32.994   2.656 0.000
187.091667 187.105556   527.862   33.849   2.791 0.000
187.136806 187.150694   532.142   34.098   2.739 0.000
187.227083 187.240972   555.064   35.595   2.942 0.000
187.272222 187.286111   543.014   34.789   2.775 0.000
187.362500 187.376389   508.507   32.542   2.482 0.000
187.407639 187.421528   533.895   34.166   2.606 0.000
187.497917 187.511806   591.097   37.807   2.818 0.000
187.543056 187.556944   596.660   38.139   2.764 0.000
187.633333 187.647222   615.944   39.374   2.860 0.000
187.678472 187.692361   635.128   40.600   2.950 0.000
187.768750 187.782639   669.424   42.781   3.071 0.000
187.813889 187.827778   676.044   43.204   3.102 0.000
187.904167 187.918056   709.847   45.308   3.052 0.000
187.949306 187.963194   696.764   44.466   2.971 0.000
188.039583 188.053472   673.576   42.961   2.775 0.000
188.084722 188.098611   641.373   40.928   2.722 0.000
188.671528 188.685417   834.442   53.121   3.030 0.000
188.716667 188.730556   861.598   54.831   3.042 0.000
188.806944 188.820833   834.169   52.865   1.684 0.000
188.852083 188.865972   802.661   50.896   1.829 0.000
188.942361 188.956250   768.218   48.698   1.645 0.000
188.987500 189.001389   776.410   49.234   1.785 0.000
189.077778 189.091667   790.262   50.096   1.703 0.000
189.122917 189.136806   788.806   50.001   1.674 0.000
189.265278 189.279167   799.675   50.698   1.756 0.000
189.355556 189.369444   808.475   51.261   1.816 0.000
189.400694 189.414583   834.875   52.999   2.280 0.000
189.490972 189.504861   815.624   51.790   2.306 0.000
189.536111 189.550000   836.124   53.092   2.365 0.000
189.626389 189.640278   823.430   52.295   2.377 0.000
189.671528 189.685417   826.711   52.578   2.768 0.000
189.761806 189.775694   824.734   52.452   2.762 0.000
