data/obs/c2h6/WDCGG/event/CH0005R.20090101000000.20160915102628.online_gc.ethane.air.1y.2h.CH01L_Agilent_ADS-GC-FID_cn10450060_RIG.CH01L_ADS_GC_FID_VOCAIR_RIGI..nas
58 1001
Reimann, Stefan
CH01L, Swiss Federal Laboratories for Materials Science and Technology, EMPA, Section Air Pollution, Überlandstrasse 133, , 8600, Dübendorf, Switzerland
Reimann, Stefan
EMEP GAW-WDCRG
1 1
2009 01 01 2016 09 15
0.083333
days from file reference point
3
1 1 1
999.999999 99999 9.999
end_time of measurement, days from the file reference point
ethane, pmol/mol
numflag ethane, no unit
0
41
Data definition:              EBAS_1.1
Set type code:                TU
Timezone:                     UTC
File name:                    CH0005R.20090101000000.20160915102628.online_gc.ethane.air.1y.2h.CH01L_Agilent_ADS-GC-FID_cn10450060_RIG.CH01L_ADS_GC_FID_VOCAIR_RIGI..nas
File creation:                20190306184551
Startdate:                    20090101000000
Revision date:                20160915102628
Statistics:                   arithmetic mean
Data level:                   
Period code:                  1y
Resolution code:              2h
Sample duration:              40mn
Orig. time res.:              2h
Station code:                 CH0005R
Platform code:                CH0005S
Station name:                 Rigi
Station GAW-ID:               RIG
Station latitude:             47.0675
Station longitude:            8.463889
Station altitude:             1031.0m
Measurement height:           4.0m
Regime:                       IMG
Component:                    ethane
Unit:                         pmol/mol
Matrix:                       air
Instrument type:              online_gc
Laboratory code:              CH01L
Instrument name:              Agilent_ADS-GC-FID_cn10450060_RIG
Method ref:                   CH01L_ADS_GC_FID_VOCAIR_RIGI
Inlet description:            above the roof
Volume std. temperature:      273.15 K
Volume std. pressure:         1013.25 hPa
Detection limit:              9.0 pmol/mol
Detection limit expl.:        Determined by integration of a baseline signal multiplied by a factor of 3, detection     limit flag 147
Measurement uncertainty expl.: Includes reproducibility (precision) + systematic errors (accuracy)
Zero/negative values code:    Zero/negative impossible
Zero/negative values:         Neg. values don't appear because data was processed and neg data taken out
Originator:                   Reimann, Stefan, , , , , , , , , 
Submitter:                    Reimann, Stefan, , , , , , , , , 
Comment:                      "No SOP currently available, o3 removed with an ozone scrubber, nafion dryer, Calibration interval:1/month calibration interval"
starttime endtime C2H6 flag_C2H6
[from data line 3765]
313.750000 313.763889  2100 0.000
313.833333 313.847222  2311 0.000
313.916667 313.930556  2273 0.000
314.000000 314.013889  2221 0.000
314.083333 314.097222  2073 0.000
314.166667 314.180556  2022 0.000
314.250000 314.263889  2099 0.000
314.333333 314.347222  2176 0.000
314.416667 314.430556  2124 0.000
314.500000 314.513889  2219 0.000
314.583333 314.597222  2163 0.000
314.666667 314.680556  2145 0.000
314.750000 314.763889  2152 0.000
314.833333 314.847222  1939 0.000
314.916667 314.930556  1928 0.000
315.000000 315.013889  1634 0.000
315.083333 315.097222  1558 0.000
315.166667 315.180556  1382 0.000
315.250000 315.263889  1308 0.000
315.333333 315.347222  1222 0.000
315.416667 315.430556  1265 0.000
315.500000 315.513889  1077 0.000
315.583333 315.597222  1035 0.000
315.666667 315.680556   992 0.000
315.750000 315.763889  1017 0.000
315.833333 315.847222  1006 0.000
315.916667 315.930556   948 0.000
316.000000 316.013889   882 0.000
316.083333 316.097222   866 0.000
316.166667 316.180556   838 0.000
316.250000 316.263889   871 0.000
316.333333 316.347222   769 0.000
316.416667 316.430556   708 0.000
316.500000 316.513889   762 0.000
316.583333 316.597222   970 0.000
316.666667 316.680556   789 0.000
316.750000 316.763889   702 0.000
316.833333 316.847222   823 0.000
316.916667 316.930556   843 0.000
317.000000 317.013889   843 0.000
317.083333 317.097222   908 0.000
317.166667 317.180556   971 0.000
317.250000 317.263889   912 0.000
317.333333 317.347222   967 0.000
317.416667 317.430556   931 0.000
317.500000 317.513889   921 0.000
317.583333 317.597222   925 0.000
317.666667 317.680556   975 0.000
317.750000 317.763889   914 0.000
317.833333 317.847222  1120 0.000
317.916667 317.930556   928 0.000
318.000000 318.013889  1058 0.000
318.083333 318.097222  1056 0.000
318.166667 318.180556  1123 0.000
318.250000 318.263889  1097 0.000
318.333333 318.347222  1101 0.000
318.416667 318.430556  1167 0.000
318.500000 318.513889  1169 0.000
318.583333 318.597222  1081 0.000
318.666667 318.680556  1086 0.000
318.750000 318.763889  1054 0.000
318.833333 318.847222  1047 0.000
318.916667 318.930556  1066 0.000
319.000000 319.013889  1053 0.000
319.083333 319.097222  1049 0.000
319.166667 319.180556   930 0.000
319.250000 319.263889   885 0.000
319.333333 319.347222   731 0.000
319.416667 319.430556   672 0.000
319.500000 319.513889   767 0.000
319.583333 319.597222   742 0.000
319.666667 319.680556   752 0.000
319.750000 319.763889   789 0.000
319.833333 319.847222   757 0.000
319.916667 319.930556   750 0.000
320.000000 320.013889   787 0.000
320.083333 320.097222   769 0.000
320.166667 320.180556   750 0.000
320.250000 320.263889   741 0.000
320.333333 320.347222   715 0.000
320.416667 320.430556 99999 0.999
320.500000 320.513889 99999 0.999
320.583333 320.597222 99999 0.999
320.666667 320.680556 99999 0.999
320.750000 320.763889 99999 0.999
320.833333 320.847222 99999 0.999
320.916667 320.930556 99999 0.999
321.000000 321.013889 99999 0.999
321.083333 321.097222 99999 0.999
321.166667 321.180556 99999 0.999
321.250000 321.263889 99999 0.999
321.333333 321.347222 99999 0.999
321.416667 321.430556 99999 0.999
321.500000 321.513889 99999 0.999
321.583333 321.597222  1195 0.000
321.666667 321.680556  1215 0.000
321.750000 321.763889  1148 0.000
321.833333 321.847222  1182 0.000
321.916667 321.930556  1222 0.000
322.000000 322.013889  1199 0.000
322.083333 322.097222  1128 0.000
322.166667 322.180556  1104 0.000
322.250000 322.263889  1090 0.000
322.333333 322.347222  1057 0.000
322.416667 322.430556  1080 0.000
322.500000 322.513889  1189 0.000
322.583333 322.597222  1325 0.000
322.666667 322.680556  1313 0.000
322.750000 322.763889  1210 0.000
322.833333 322.847222  1226 0.000
322.916667 322.930556  1190 0.000
323.000000 323.013889  1101 0.000
323.083333 323.097222   997 0.000
323.166667 323.180556   931 0.000
323.250000 323.263889  1148 0.000
323.333333 323.347222  1018 0.000
323.416667 323.430556   943 0.000
323.500000 323.513889   959 0.000
323.583333 323.597222   971 0.000
323.666667 323.680556   899 0.000
323.750000 323.763889   863 0.000
323.833333 323.847222   871 0.000
323.916667 323.930556   878 0.000
324.000000 324.013889   862 0.000
324.083333 324.097222   939 0.000
324.166667 324.180556   891 0.000
324.250000 324.263889   867 0.000
324.333333 324.347222   971 0.000
324.416667 324.430556   741 0.000
324.500000 324.513889   952 0.000
324.583333 324.597222  1243 0.000
324.666667 324.680556  1079 0.000
324.750000 324.763889   972 0.000
324.833333 324.847222   912 0.000
324.916667 324.930556   782 0.000
325.000000 325.013889   819 0.000
325.083333 325.097222  1028 0.000
325.166667 325.180556   910 0.000
325.250000 325.263889  1135 0.000
325.333333 325.347222  1284 0.000
325.416667 325.430556  1343 0.000
325.500000 325.513889  1267 0.000
325.583333 325.597222  1706 0.000
325.666667 325.680556  1946 0.000
325.750000 325.763889  1406 0.000
325.833333 325.847222  1354 0.000
325.916667 325.930556  1455 0.000
326.000000 326.013889  1429 0.000
326.083333 326.097222  1428 0.000
326.166667 326.180556  1387 0.000
326.250000 326.263889  1384 0.000
326.333333 326.347222  1365 0.000
326.416667 326.430556  1422 0.000
326.500000 326.513889  1482 0.000
326.583333 326.597222  1474 0.000
326.666667 326.680556  1510 0.000
326.750000 326.763889  1363 0.000
326.833333 326.847222  1267 0.000
326.916667 326.930556  1262 0.000
327.000000 327.013889  1159 0.000
327.083333 327.097222  1182 0.000
327.166667 327.180556  1257 0.000
327.250000 327.263889  1209 0.000
327.333333 327.347222  1202 0.000
327.416667 327.430556  1133 0.000
327.500000 327.513889  1133 0.000
327.583333 327.597222  1142 0.000
327.666667 327.680556  1152 0.000
327.750000 327.763889  1126 0.000
327.833333 327.847222  1071 0.000
327.916667 327.930556  1085 0.000
328.000000 328.013889  1076 0.000
328.083333 328.097222  1094 0.000
328.166667 328.180556  1057 0.000
328.250000 328.263889   931 0.000
328.333333 328.347222   820 0.000
328.416667 328.430556   803 0.000
328.500000 328.513889   755 0.000
328.583333 328.597222   780 0.000
328.666667 328.680556   805 0.000
328.750000 328.763889   832 0.000
328.833333 328.847222   858 0.000
328.916667 328.930556   954 0.000
329.000000 329.013889  1020 0.000
329.083333 329.097222  1209 0.000
329.166667 329.180556  1191 0.000
329.250000 329.263889  1170 0.000
329.333333 329.347222  1203 0.000
329.416667 329.430556  1254 0.000
329.500000 329.513889  1257 0.000
329.583333 329.597222  1375 0.000
329.666667 329.680556  1329 0.000
329.750000 329.763889  1392 0.000
329.833333 329.847222  1381 0.000
329.916667 329.930556  1296 0.000
330.000000 330.013889  1323 0.000
330.083333 330.097222  1311 0.000
330.166667 330.180556  1316 0.000
330.250000 330.263889  1345 0.000
330.333333 330.347222  1293 0.000
330.416667 330.430556  1259 0.000
330.500000 330.513889  1328 0.000
330.583333 330.597222  1426 0.000
330.666667 330.680556  1401 0.000
330.750000 330.763889  1418 0.000
330.833333 330.847222  1445 0.000
330.916667 330.930556  1472 0.000
331.000000 331.013889  1501 0.000
331.083333 331.097222  1576 0.000
331.166667 331.180556  1605 0.000
331.250000 331.263889  1712 0.000
331.333333 331.347222  1735 0.000
331.416667 331.430556  1690 0.000
331.500000 331.513889  1688 0.000
331.583333 331.597222  1691 0.000
331.666667 331.680556  1698 0.000
331.750000 331.763889  1743 0.000
331.833333 331.847222  1489 0.000
331.916667 331.930556  1530 0.000
332.000000 332.013889  1634 0.000
332.083333 332.097222  1690 0.000
332.166667 332.180556  1888 0.000
332.250000 332.263889  1911 0.000
332.333333 332.347222  1934 0.000
332.416667 332.430556  2019 0.000
332.500000 332.513889  1933 0.000
332.583333 332.597222  1866 0.000
332.666667 332.680556  2044 0.000
332.750000 332.763889  1912 0.000
332.833333 332.847222  1957 0.000
332.916667 332.930556  1943 0.000
333.000000 333.013889  1808 0.000
333.083333 333.097222  1931 0.000
333.166667 333.180556  1955 0.000
333.250000 333.263889  1712 0.000
333.333333 333.347222  1394 0.000
333.416667 333.430556  1351 0.000
333.500000 333.513889  1467 0.000
333.583333 333.597222  1418 0.000
333.666667 333.680556  1483 0.000
333.750000 333.763889  1576 0.000
333.833333 333.847222  1635 0.000
333.916667 333.930556  1727 0.000
334.000000 334.013889  1725 0.000
334.083333 334.097222  1733 0.000
334.166667 334.180556  1682 0.000
334.250000 334.263889  1684 0.000
334.333333 334.347222  1716 0.000
334.416667 334.430556  1680 0.000
334.500000 334.513889  1665 0.000
334.583333 334.597222  1707 0.000
334.666667 334.680556  1620 0.000
334.750000 334.763889  1681 0.000
334.833333 334.847222  1780 0.000
334.916667 334.930556  1709 0.000
335.000000 335.013889  1716 0.000
335.083333 335.097222  1694 0.000
335.166667 335.180556  1661 0.000
335.250000 335.263889  1664 0.000
335.333333 335.347222  1673 0.000
335.416667 335.430556  1657 0.000
335.500000 335.513889  1598 0.000
335.583333 335.597222  1572 0.000
335.666667 335.680556  1556 0.000
335.750000 335.763889  1516 0.000
335.833333 335.847222  1486 0.000
335.916667 335.930556  1497 0.000
336.000000 336.013889  1481 0.000
336.083333 336.097222  1246 0.000
336.166667 336.180556  1199 0.000
336.250000 336.263889  1206 0.000
336.333333 336.347222  1200 0.000
336.416667 336.430556  1271 0.000
336.500000 336.513889  1221 0.000
336.583333 336.597222  1169 0.000
336.666667 336.680556  1169 0.000
336.750000 336.763889  1212 0.000
336.833333 336.847222  1212 0.000
336.916667 336.930556  1293 0.000
337.000000 337.013889  1204 0.000
337.083333 337.097222  1390 0.000
337.166667 337.180556  1427 0.000
337.250000 337.263889  1410 0.000
337.333333 337.347222  1404 0.000
337.416667 337.430556  1500 0.000
337.500000 337.513889  1417 0.000
337.583333 337.597222  1552 0.000
337.666667 337.680556  1405 0.000
337.750000 337.763889  1366 0.000
337.833333 337.847222  1403 0.000
337.916667 337.930556  1363 0.000
338.000000 338.013889  1380 0.000
338.083333 338.097222  1389 0.000
338.166667 338.180556  1359 0.000
338.250000 338.263889  1311 0.000
338.333333 338.347222  1345 0.000
338.416667 338.430556  1373 0.000
338.500000 338.513889  1451 0.000
338.583333 338.597222  1474 0.000
338.666667 338.680556  1461 0.000
338.750000 338.763889  1475 0.000
338.833333 338.847222  1416 0.000
338.916667 338.930556  1383 0.000
339.000000 339.013889  1359 0.000
339.083333 339.097222  1374 0.000
339.166667 339.180556  1346 0.000
339.250000 339.263889  1375 0.000
339.333333 339.347222  1252 0.000
339.416667 339.430556  1243 0.000
339.500000 339.513889  1213 0.000
339.583333 339.597222  1158 0.000
339.666667 339.680556  1243 0.000
339.750000 339.763889  1156 0.000
339.833333 339.847222  1311 0.000
339.916667 339.930556  1013 0.000
340.000000 340.013889  1203 0.000
340.083333 340.097222  1084 0.000
340.166667 340.180556  1083 0.000
340.250000 340.263889  1109 0.000
340.333333 340.347222  1195 0.000
340.416667 340.430556  1134 0.000
340.500000 340.513889  1173 0.000
340.583333 340.597222  1088 0.000
340.666667 340.680556  1120 0.000
340.750000 340.763889  1075 0.000
340.833333 340.847222  1048 0.000
340.916667 340.930556  1063 0.000
341.000000 341.013889  1095 0.000
341.083333 341.097222  1210 0.000
341.166667 341.180556  1328 0.000
341.250000 341.263889  1489 0.000
341.333333 341.347222  1456 0.000
341.416667 341.430556  1488 0.000
341.500000 341.513889  1535 0.000
341.583333 341.597222  1555 0.000
341.666667 341.680556  1544 0.000
341.750000 341.763889  1538 0.000
341.833333 341.847222  1497 0.000
341.916667 341.930556  1494 0.000
342.000000 342.013889  1523 0.000
342.083333 342.097222  1510 0.000
342.166667 342.180556  1446 0.000
342.250000 342.263889  1487 0.000
342.333333 342.347222  1433 0.000
342.416667 342.430556  1434 0.000
342.500000 342.513889  1418 0.000
342.583333 342.597222  1456 0.000
342.666667 342.680556  1526 0.000
342.750000 342.763889  1486 0.000
342.833333 342.847222  1472 0.000
342.916667 342.930556  1452 0.000
343.000000 343.013889  1462 0.000
343.083333 343.097222  1462 0.000
343.166667 343.180556  1422 0.000
343.250000 343.263889  1416 0.000
343.333333 343.347222  1378 0.000
343.416667 343.430556  1397 0.000
343.500000 343.513889  1306 0.000
343.583333 343.597222  1371 0.000
343.666667 343.680556  1530 0.000
343.750000 343.763889  1618 0.000
343.833333 343.847222  1667 0.000
343.916667 343.930556  1687 0.000
344.000000 344.013889  1658 0.000
344.083333 344.097222  1611 0.000
344.166667 344.180556  1568 0.000
344.250000 344.263889  1517 0.000
344.333333 344.347222  1573 0.000
344.416667 344.430556  1544 0.000
344.500000 344.513889  1565 0.000
344.583333 344.597222  1646 0.000
344.666667 344.680556  1755 0.000
344.750000 344.763889  1904 0.000
344.833333 344.847222  1952 0.000
344.916667 344.930556  2207 0.000
345.000000 345.013889  2292 0.000
345.083333 345.097222  2359 0.000
345.166667 345.180556  2517 0.000
345.250000 345.263889  2664 0.000
345.333333 345.347222  3175 0.000
345.416667 345.430556  3146 0.000
345.500000 345.513889  2938 0.000
345.583333 345.597222  2843 0.000
345.666667 345.680556  2767 0.000
345.750000 345.763889  2468 0.000
345.833333 345.847222  2471 0.000
345.916667 345.930556  2435 0.000
346.000000 346.013889  2384 0.000
346.083333 346.097222  2385 0.000
346.166667 346.180556  2403 0.000
346.250000 346.263889  2708 0.000
346.333333 346.347222  2781 0.000
346.416667 346.430556  2732 0.000
346.500000 346.513889  2655 0.000
346.583333 346.597222  2718 0.000
346.666667 346.680556  2764 0.000
346.750000 346.763889  2837 0.000
346.833333 346.847222  2848 0.000
346.916667 346.930556  2792 0.000
347.000000 347.013889  2811 0.000
347.083333 347.097222  2793 0.000
347.166667 347.180556  2770 0.000
347.250000 347.263889  2738 0.000
347.333333 347.347222  2744 0.000
347.416667 347.430556  2619 0.000
347.500000 347.513889  2767 0.000
347.583333 347.597222  2760 0.000
347.666667 347.680556  2807 0.000
347.750000 347.763889  2784 0.000
347.833333 347.847222  2837 0.000
347.916667 347.930556  2805 0.000
348.000000 348.013889  2702 0.000
348.083333 348.097222  2658 0.000
348.166667 348.180556  2724 0.000
348.250000 348.263889  2765 0.000
348.333333 348.347222  2725 0.000
348.416667 348.430556  2758 0.000
348.500000 348.513889  2752 0.000
348.583333 348.597222  2929 0.000
348.666667 348.680556  3027 0.000
348.750000 348.763889  2781 0.000
348.833333 348.847222  2875 0.000
348.916667 348.930556  2913 0.000
349.000000 349.013889  2910 0.000
349.083333 349.097222  3069 0.000
349.166667 349.180556  2964 0.000
349.250000 349.263889  2939 0.000
349.333333 349.347222  2893 0.000
349.416667 349.430556  2880 0.000
349.500000 349.513889  2866 0.000
349.583333 349.597222  2744 0.000
349.666667 349.680556  2725 0.000
349.750000 349.763889  2673 0.000
349.833333 349.847222  2607 0.000
349.916667 349.930556  2536 0.000
350.000000 350.013889  2462 0.000
350.083333 350.097222  2302 0.000
350.166667 350.180556  2203 0.000
350.250000 350.263889  2203 0.000
350.333333 350.347222  2251 0.000
350.416667 350.430556  2208 0.000
350.500000 350.513889  2222 0.000
350.583333 350.597222  2207 0.000
350.666667 350.680556  2334 0.000
350.750000 350.763889  2313 0.000
350.833333 350.847222  2267 0.000
350.916667 350.930556  2274 0.000
351.000000 351.013889  2266 0.000
351.083333 351.097222  2337 0.000
351.166667 351.180556  2273 0.000
351.250000 351.263889  2281 0.000
351.333333 351.347222  2272 0.000
351.416667 351.430556  2244 0.000
351.500000 351.513889  2225 0.000
351.583333 351.597222  2251 0.000
351.666667 351.680556  2328 0.000
351.750000 351.763889  2447 0.000
351.833333 351.847222  2251 0.000
351.916667 351.930556  2293 0.000
352.000000 352.013889  2204 0.000
352.083333 352.097222  2155 0.000
352.166667 352.180556  2254 0.000
352.250000 352.263889  2289 0.000
352.333333 352.347222  2137 0.000
352.416667 352.430556  2170 0.000
352.500000 352.513889  2161 0.000
352.583333 352.597222  2350 0.000
352.666667 352.680556  2754 0.000
352.750000 352.763889  3227 0.000
352.833333 352.847222  3173 0.000
