data/obs/c2h6/WDCGG/event/CH0005R.20120117160000.20160915102628.online_gc.ethane.air.50w.2h.CH01L_Agilent_ADS-GC-FID_cn10450060_RIG.CH01L_ADS_GC_FID_VOCAIR_RIGI.lev2.nas
67 1001
Hill, Matz; Reimann, Stefan
CH01L, Swiss Federal Laboratories for Materials Science and Technology, EMPA, Section Air Pollution, Überlandstrasse 133, , 8600, Dübendorf, Switzerland
Hill, Matz
ACTRIS EMEP GAW-WDCRG
1 1
2012 01 01 2016 09 15
0
days from file reference point
5
1 1 1 1 1
999.999999 99999 9999 999 9.999
end_time of measurement, days from the file reference point
ethane, pmol/mol, Statistics=arithmetic mean, Data level=, Standard method=, Calibration scale=, Inlet type=, Detection limit=7.0 pmol/mol
ethane, pmol/mol, Revision date=20150330000000, Statistics=expanded uncertainty 2sigma
ethane, pmol/mol, Revision date=20150330000000, Statistics=precision
numflag, no unit
0
48
Data definition:              EBAS_1.1
Set type code:                TI
Timezone:                     UTC
File name:                    CH0005R.20120117160000.20160915102628.online_gc.ethane.air.50w.2h.CH01L_Agilent_ADS-GC-FID_cn10450060_RIG.CH01L_ADS_GC_FID_VOCAIR_RIGI.lev2.nas
File creation:                20190306184552
Startdate:                    20120117160000
Revision date:                20160915102628
Version:                      2
Version description:          initial revision, manually inspected, removed all data for butenes and pentenes
Data level:                   2
Period code:                  50w
Resolution code:              2h
Sample duration:              40mn
Station code:                 CH0005R
Platform code:                CH0005S
Station name:                 Rigi
Station GAW-ID:               RIG
Station latitude:             47.0675
Station longitude:            8.463889
Station altitude:             1031.0m
Measurement height:           3.0m
Regime:                       IMG
Component:                    ethane
Unit:                         pmol/mol
Matrix:                       air
Instrument type:              online_gc
Laboratory code:              CH01L
Instrument name:              Agilent_ADS-GC-FID_cn10450060_RIG
Instrument manufacturer:      Agilent
Instrument model:             6890GC/FID
Instrument serial number:     cn10450060
Method ref:                   CH01L_ADS_GC_FID_VOCAIR_RIGI
Standard method:              None
Calibration scale:            NPL
Inlet type:                   Hat or hood
Inlet description:            ambient air is brought into the cabin through a main inlet line at a flow rate of 300 lpm. From the main inlet line short stainless steel tubes are used to bring the air samples to the instruments.
Volume std. temperature:      273.15 K
Volume std. pressure:         1013.25 hPa
Detection limit expl.:        Determined by instrument counting statistics, no detection limit flag used
Measurement uncertainty expl.: Includes reproducibility (precision) + systematic errors (accuracy)
Zero/negative values code:    Zero/negative impossible
Zero/negative values:         Zero and neg. values don't appear because data was processed and zero/neg data taken out
Originator:                   Hill, Matz, matthias.hill@empa.ch, Swiss Federal Laboratories for Materials Science and Technology, Empa, Air Pollution/Environmental Technology, Ueberlandstrasse 129, , CH-8600, Duebendorf, Switzerland
Originator:                   Reimann, Stefan, , , , , , , , , 
Submitter:                    Hill, Matz, matthias.hill@empa.ch, Swiss Federal Laboratories for Materials Science and Technology, Empa, Air Pollution/Environmental Technology, Ueberlandstrasse 129, , CH-8600, Duebendorf, Switzerland
Acknowledgement:              Request acknowledgement details from data originator
Comment:                      "No SOP currently available, o3 not removed, nafion dryer, Calibration interval:1/two weeks"
starttime endtime C2H6 C2H6 C2H6 flag
[from data line 2977]
306.520833 306.548611  1251   27   5 0.000
306.604167 306.631944  1230   27   5 0.000
306.687500 306.715278  1267   27   5 0.000
306.770833 306.798611  1176   26   5 0.000
306.854167 306.881944  1270   27   5 0.000
306.937500 306.965278  1250   27   5 0.000
307.020833 307.048611  1231   27   5 0.000
307.104167 307.131944  1235   27   5 0.000
307.187500 307.215278  1272   28   5 0.000
307.270833 307.298611  1251   27   5 0.000
307.354167 307.381944  1253   27   5 0.000
307.437500 307.465278  1233   27   5 0.000
307.520833 307.548611  1242   27   5 0.000
307.604167 307.631944  1259   27   5 0.000
307.687500 307.715278  1254   27   5 0.000
307.770833 307.798611  1260   27   5 0.000
307.854167 307.881944  1287   28   5 0.000
307.937500 307.965278  1264   27   5 0.000
308.020833 308.048611  1301   28   5 0.000
308.104167 308.131944  1368   29   5 0.000
308.187500 308.215278  1378   30   6 0.000
308.270833 308.298611  1326   29   5 0.000
308.354167 308.381944  1313   28   5 0.000
308.437500 308.465278  1375   30   5 0.000
308.520833 308.548611  1380   30   6 0.000
308.604167 308.631944  1245   27   5 0.000
308.687500 308.715278  1358   29   5 0.000
308.770833 308.798611  1167   25   5 0.000
308.854167 308.881944  1126   25   5 0.000
308.937500 308.965278  1167   25   5 0.000
309.020833 309.048611  1217   26   5 0.000
309.104167 309.131944  1200   26   5 0.000
309.187500 309.215278  1199   26   5 0.000
309.270833 309.298611  1236   27   5 0.000
309.354167 309.381944  1341   29   5 0.000
309.437500 309.465278  1500   32   6 0.000
309.520833 309.548611  1343   29   5 0.000
309.604167 309.631944  1364   29   5 0.000
309.687500 309.715278  1404   30   6 0.000
309.770833 309.798611  1456   31   6 0.000
309.854167 309.881944  1457   31   6 0.000
309.937500 309.965278  1420   31   6 0.000
310.020833 310.048611  1422   31   6 0.000
310.104167 310.131944  1480   32   6 0.000
310.187500 310.215278  1477   32   6 0.000
310.673611 310.701389  1502   32   6 0.000
310.756944 310.784722  1479   32   6 0.000
310.840278 310.868056  1498   32   6 0.000
310.923611 310.951389  1480   32   6 0.000
311.006944 311.034722  1496   32   6 0.000
311.090278 311.118056  1506   32   6 0.000
311.173611 311.201389  1517   32   6 0.000
311.256944 311.284722  1517   32   6 0.000
311.340278 311.368056  1489   32   6 0.000
311.423611 311.451389  1512   32   6 0.000
311.506944 311.534722  1528   33   6 0.000
311.590278 311.618056  1538   33   6 0.000
311.673611 311.701389  1482   32   6 0.000
311.756944 311.784722  1453   31   6 0.000
311.840278 311.868056  1396   30   6 0.000
311.923611 311.951389  1401   30   6 0.000
312.006944 312.034722  1399   30   6 0.000
312.090278 312.118056  1350   29   5 0.000
312.173611 312.201389  1305   28   5 0.000
312.256944 312.284722  1255   27   5 0.000
312.340278 312.368056  1234   27   5 0.000
312.423611 312.451389  1146   25   5 0.000
312.506944 312.534722  1389   30   6 0.000
312.590278 312.618056  1290   28   5 0.000
312.673611 312.701389  1340   29   5 0.000
312.756944 312.784722  1341   29   5 0.000
312.840278 312.868056  1367   29   5 0.000
312.923611 312.951389  1426   31   6 0.000
313.006944 313.034722  1321   29   5 0.000
313.090278 313.118056  1354   29   5 0.000
313.173611 313.201389  1218   26   5 0.000
313.256944 313.284722  1318   28   5 0.000
313.340278 313.368056  1322   29   5 0.000
313.423611 313.451389  1248   27   5 0.000
313.506944 313.534722  1378   30   6 0.000
313.590278 313.618056  1206   26   5 0.000
313.673611 313.701389  1057   23   5 0.000
313.756944 313.784722  1096   24   5 0.000
313.840278 313.868056  1551   33   6 0.000
313.923611 313.951389  1395   30   6 0.000
314.006944 314.034722  1199   26   5 0.000
314.090278 314.118056  1119   24   5 0.000
314.173611 314.201389  1204   26   5 0.000
314.256944 314.284722  1181   26   5 0.000
314.340278 314.368056  1136   25   5 0.000
314.423611 314.451389  1410   30   6 0.000
314.506944 314.534722  1171   25   5 0.000
314.590278 314.618056  1580   34   6 0.000
314.673611 314.701389  1541   33   6 0.000
314.756944 314.784722  1401   30   6 0.000
314.840278 314.868056  1308   28   5 0.000
314.923611 314.951389  1592   34   6 0.000
315.006944 315.034722  1589   34   6 0.000
315.090278 315.118056  1566   33   6 0.000
315.173611 315.201389  1663   35   6 0.000
315.256944 315.284722  1699   36   6 0.000
315.340278 315.368056  1678   36   6 0.000
315.423611 315.451389  1466   31   6 0.000
315.506944 315.534722  1455   31   6 0.000
315.590278 315.618056  1417   30   6 0.000
315.673611 315.701389  1520   33   6 0.000
315.756944 315.784722  1531   33   6 0.000
315.840278 315.868056  1552   33   6 0.000
315.923611 315.951389  1493   32   6 0.000
316.006944 316.034722  1490   32   6 0.000
316.090278 316.118056  1531   33   6 0.000
316.173611 316.201389  1466   31   6 0.000
316.256944 316.284722  1499   32   6 0.000
316.340278 316.368056  1601   34   6 0.000
316.423611 316.451389  1673   36   6 0.000
316.506944 316.534722  1713   36   6 0.000
316.590278 316.618056  1750   37   6 0.000
316.673611 316.701389  1733   37   6 0.000
316.756944 316.784722  1698   36   6 0.000
316.840278 316.868056  1598   34   6 0.000
316.923611 316.951389  1699   36   6 0.000
317.006944 317.034722  1758   37   6 0.000
317.090278 317.118056  1800   38   6 0.000
317.173611 317.201389  1818   39   7 0.000
317.256944 317.284722  1884   40   7 0.000
317.340278 317.368056  1821   39   7 0.000
317.423611 317.451389  1853   39   7 0.000
317.506944 317.534722  1879   40   7 0.000
317.590278 317.618056  1769   38   6 0.000
317.673611 317.701389  1745   37   6 0.000
317.756944 317.784722  1748   37   6 0.000
317.840278 317.868056  1776   38   6 0.000
317.923611 317.951389  1674   36   6 0.000
318.006944 318.034722  1638   35   6 0.000
318.090278 318.118056  1633   35   6 0.000
318.173611 318.201389  1565   33   6 0.000
318.256944 318.284722  1512   32   6 0.000
318.340278 318.368056  1413   30   6 0.000
318.423611 318.451389  1457   31   6 0.000
318.506944 318.534722  1493   32   6 0.000
318.590278 318.618056  1467   31   6 0.000
318.673611 318.701389  1248   27   5 0.000
318.756944 318.784722  1266   27   5 0.000
318.840278 318.868056  1206   26   5 0.000
318.923611 318.951389  1147   25   5 0.000
319.006944 319.034722  1281   28   5 0.000
319.090278 319.118056  1214   26   5 0.000
319.173611 319.201389  1239   27   5 0.000
319.256944 319.284722  1184   26   5 0.000
319.340278 319.368056  1184   26   5 0.000
319.423611 319.451389  1268   27   5 0.000
319.506944 319.534722  1203   26   5 0.000
319.590278 319.618056  1164   25   5 0.000
319.673611 319.701389  1159   25   5 0.000
319.756944 319.784722  1160   25   5 0.000
319.840278 319.868056  1158   25   5 0.000
319.923611 319.951389  1147   25   5 0.000
320.006944 320.034722  1151   25   5 0.000
320.090278 320.118056  1117   24   5 0.000
320.173611 320.201389  1100   24   5 0.000
320.256944 320.284722  1167   25   5 0.000
320.340278 320.368056  1150   25   5 0.000
320.423611 320.451389  1113   24   5 0.000
320.506944 320.534722  1110   24   5 0.000
320.590278 320.618056  1121   24   5 0.000
320.673611 320.701389  1125   25   5 0.000
320.756944 320.784722  1121   24   5 0.000
320.840278 320.868056  1103   24   5 0.000
320.923611 320.951389  1092   24   5 0.000
321.006944 321.034722  1169   25   5 0.000
321.090278 321.118056  1192   26   5 0.000
321.173611 321.201389  1178   26   5 0.000
321.256944 321.284722  1130   25   5 0.000
321.340278 321.368056  1306   28   5 0.000
321.423611 321.451389  1344   29   5 0.000
321.506944 321.534722  1272   28   5 0.000
321.590278 321.618056  1236   27   5 0.000
321.673611 321.701389  1145   25   5 0.000
321.756944 321.784722  1136   25   5 0.000
321.840278 321.868056  1140   25   5 0.000
321.923611 321.951389  1143   25   5 0.000
322.006944 322.034722  1147   25   5 0.000
322.090278 322.118056  1150   25   5 0.000
322.173611 322.201389  1152   25   5 0.000
322.256944 322.284722  1162   25   5 0.000
322.340278 322.368056  1430   31   6 0.000
322.423611 322.451389  1247   27   5 0.000
322.506944 322.534722  1306   28   5 0.000
322.590278 322.618056  1215   26   5 0.000
322.680556 322.708333  1191   26   5 0.000
322.763889 322.791667  1221   26   5 0.000
322.847222 322.875000  1201   26   5 0.000
322.930556 322.958333  1190   26   5 0.000
323.013889 323.041667  1170   25   5 0.000
323.097222 323.125000  1201   26   5 0.000
323.180556 323.208333  1190   26   5 0.000
325.750000 325.777778  1415   30   5 0.000
325.833333 325.861111  1438   31   5 0.000
325.916667 325.944444  1586   34   6 0.000
326.000000 326.027778  1616   34   6 0.000
326.083333 326.111111  1676   35   6 0.000
326.166667 326.194444  1583   34   6 0.000
327.243056 327.270833  1671   35   6 0.000
327.326389 327.354167  1666   35   6 0.000
327.409722 327.437500  1566   33   6 0.000
327.493056 327.520833  1698   36   6 0.000
327.576389 327.604167  1673   35   6 0.000
327.659722 327.687500  1290   28   5 0.000
327.743056 327.770833  1379   29   5 0.000
327.826389 327.854167  1368   29   5 0.000
327.909722 327.937500  1405   30   5 0.000
327.993056 328.020833  1338   29   5 0.000
328.076389 328.104167  1244   27   5 0.000
328.159722 328.187500  1519   32   5 0.000
328.243056 328.270833  1435   31   5 0.000
328.326389 328.354167  1406   30   5 0.000
328.409722 328.437500  1332   29   5 0.000
328.493056 328.520833  1372   29   5 0.000
328.576389 328.604167  1443   31   5 0.000
328.659722 328.687500  1226   26   5 0.000
328.743056 328.770833  1276   27   5 0.000
328.826389 328.854167  1321   28   5 0.000
328.909722 328.937500  1408   30   5 0.000
328.993056 329.020833  1276   27   5 0.000
329.076389 329.104167  1260   27   5 0.000
329.159722 329.187500  1285   28   5 0.000
329.243056 329.270833  1229   26   5 0.000
329.326389 329.354167  1280   27   5 0.000
329.409722 329.437500  1413   30   5 0.000
329.493056 329.520833  1563   33   6 0.000
329.576389 329.604167  1485   32   5 0.000
329.659722 329.687500  1493   32   5 0.000
329.743056 329.770833  1447   31   5 0.000
329.826389 329.854167  1476   31   5 0.000
329.909722 329.937500  1436   31   5 0.000
329.993056 330.020833  1455   31   5 0.000
330.076389 330.104167  1394   30   5 0.000
330.159722 330.187500  1453   31   5 0.000
330.243056 330.270833  1502   32   5 0.000
330.326389 330.354167  1460   31   5 0.000
330.409722 330.437500  1370   29   5 0.000
330.493056 330.520833  1369   29   5 0.000
330.583333 330.611111  1504   32   5 0.000
330.666667 330.694444  1518   32   5 0.000
330.750000 330.777778  1442   31   5 0.000
330.833333 330.861111  1863   39   6 0.000
330.916667 330.944444  1836   39   6 0.000
331.000000 331.027778  2103   44   7 0.000
331.083333 331.111111  2259   47   7 0.000
331.166667 331.194444  2303   48   7 0.000
331.250000 331.277778  2302   48   7 0.000
331.333333 331.361111  2312   48   7 0.000
331.416667 331.444444  2413   50   7 0.000
331.500000 331.527778  2386   50   7 0.000
331.583333 331.611111  2427   51   7 0.000
331.666667 331.694444  2373   50   7 0.000
331.750000 331.777778  2326   49   7 0.000
331.833333 331.861111  2339   49   7 0.000
331.916667 331.944444  2426   51   7 0.000
332.000000 332.027778  2488   52   8 0.000
332.083333 332.111111  2451   51   7 0.000
332.166667 332.194444  2536   53   8 0.000
332.250000 332.277778  2591   54   8 0.000
332.333333 332.361111  2600   54   8 0.000
332.416667 332.444444  2546   53   8 0.000
332.500000 332.527778  2433   51   7 0.000
332.583333 332.611111  2426   51   7 0.000
332.666667 332.694444  2510   52   8 0.000
332.750000 332.777778  2534   53   8 0.000
332.833333 332.861111  2613   55   8 0.000
332.916667 332.944444  2495   52   8 0.000
333.000000 333.027778  2502   52   8 0.000
333.083333 333.111111  2408   50   7 0.000
333.166667 333.194444  2378   50   7 0.000
333.250000 333.277778  2643   55   8 0.000
333.333333 333.361111  2615   55   8 0.000
333.416667 333.444444  2482   52   7 0.000
333.500000 333.527778  2472   52   7 0.000
333.583333 333.611111  2361   49   7 0.000
333.666667 333.694444  2389   50   7 0.000
333.750000 333.777778  2351   49   7 0.000
333.833333 333.861111  2410   50   7 0.000
333.916667 333.944444  2250   47   7 0.000
334.000000 334.027778  2215   46   7 0.000
334.083333 334.111111  2267   47   7 0.000
334.166667 334.194444  2404   50   7 0.000
334.250000 334.277778  2377   50   7 0.000
334.333333 334.361111  2464   51   7 0.000
334.416667 334.444444  2625   55   8 0.000
334.500000 334.527778  2520   53   8 0.000
334.583333 334.611111  2530   53   8 0.000
334.666667 334.694444  2502   52   8 0.000
334.750000 334.777778  2469   52   7 0.000
334.833333 334.861111  2440   51   7 0.000
334.916667 334.944444  2422   51   7 0.000
335.000000 335.027778  2467   52   7 0.000
335.083333 335.111111  2456   51   7 0.000
335.166667 335.194444  2488   52   8 0.000
335.250000 335.277778  2475   52   7 0.000
335.333333 335.361111  2559   53   8 0.000
335.416667 335.444444  2575   54   8 0.000
335.500000 335.527778  2577   54   8 0.000
335.583333 335.611111  2518   53   8 0.000
335.666667 335.694444  2469   52   7 0.000
335.750000 335.777778  2503   52   8 0.000
335.833333 335.861111  2522   53   8 0.000
335.916667 335.944444  2434   51   7 0.000
336.000000 336.027778  2161   45   7 0.000
336.083333 336.111111  2161   45   7 0.000
336.166667 336.194444  2145   45   7 0.000
336.250000 336.277778  2049   43   7 0.000
336.333333 336.361111  1909   40   6 0.000
336.416667 336.444444  1944   41   6 0.000
336.500000 336.527778  2168   45   7 0.000
336.583333 336.611111  2011   42   7 0.000
336.666667 336.694444  1979   42   6 0.000
336.750000 336.777778  1974   42   6 0.000
336.833333 336.861111  1894   40   6 0.000
336.916667 336.944444  1843   39   6 0.000
337.000000 337.027778  1769   37   6 0.000
337.083333 337.111111  1773   37   6 0.000
337.166667 337.194444  1734   37   6 0.000
337.250000 337.277778  1759   37   6 0.000
337.333333 337.361111  1759   37   6 0.000
337.416667 337.444444  1719   36   6 0.000
337.500000 337.527778  1719   36   6 0.000
337.583333 337.611111  1748   37   6 0.000
337.666667 337.694444  1627   34   6 0.000
337.750000 337.777778  1568   33   6 0.000
337.833333 337.861111  1519   32   5 0.000
337.916667 337.944444  1546   33   6 0.000
338.000000 338.027778  1543   33   6 0.000
338.083333 338.111111  1601   34   6 0.000
338.166667 338.194444  1455   31   5 0.000
338.250000 338.277778  1405   30   5 0.000
338.333333 338.361111  1544   33   6 0.000
338.416667 338.444444  1562   33   6 0.000
338.500000 338.527778  1580   34   6 0.000
338.583333 338.611111  1612   34   6 0.000
338.666667 338.694444  1640   35   6 0.000
338.750000 338.777778  1648   35   6 0.000
338.833333 338.861111  1643   35   6 0.000
338.916667 338.944444  1627   34   6 0.000
339.000000 339.027778  1616   34   6 0.000
339.083333 339.111111  1667   35   6 0.000
339.166667 339.194444  1652   35   6 0.000
339.250000 339.277778  1642   35   6 0.000
339.333333 339.361111  1670   35   6 0.000
339.416667 339.444444  1694   36   6 0.000
339.500000 339.527778  1747   37   6 0.000
339.583333 339.611111  1764   37   6 0.000
339.666667 339.694444  1841   39   6 0.000
339.750000 339.777778  1853   39   6 0.000
339.833333 339.861111  1858   39   6 0.000
339.916667 339.944444  1855   39   6 0.000
340.000000 340.027778  1818   38   6 0.000
340.083333 340.111111  2061   43   7 0.000
340.166667 340.194444  1822   38   6 0.000
340.250000 340.277778  1956   41   6 0.000
340.333333 340.361111  1956   41   6 0.000
340.416667 340.444444  2013   42   7 0.000
340.500000 340.527778  2168   45   7 0.000
340.583333 340.611111  2222   47   7 0.000
340.666667 340.694444  2211   46   7 0.000
340.750000 340.777778  2285   48   7 0.000
340.833333 340.861111  2304   48   7 0.000
340.916667 340.944444  2298   48   7 0.000
341.000000 341.027778  2263   47   7 0.000
341.083333 341.111111  2133   45   7 0.000
341.166667 341.194444  1956   41   6 0.000
341.645833 341.673611  1726   36   6 0.000
