data/obs/c2h6/WDCGG/event/CH0005R.20170101003200.20180718060000.online_gc.ethane.air.1y.2h.CH01L_Agilent_ADS-GC-FID_cn10450060_RIG.CH01L_ADS_GC_FID_VOCAIR_RIGI.lev2.nas
68 1001
Hill, Matz; Reimann, Stefan
CH01L, Swiss Federal Laboratories for Materials Science and Technology, EMPA, Section Air Pollution, Überlandstrasse 133, , 8600, Dübendorf, Switzerland
Hill, Matz
ACTRIS EMEP GAW-WDCRG
1 1
2017 01 01 2018 07 18
0
days from file reference point
5
1 1 1 1 1
999.999999 99999 999.99 999.99 9.999
end_time of measurement, days from the file reference point
ethane, pmol/mol, Statistics=arithmetic mean, Detection limit=13.0 pmol/mol
ethane, pmol/mol, Statistics=expanded uncertainty 2sigma
ethane, pmol/mol, Statistics=precision
numflag, no unit
0
49
Data definition:              EBAS_1.1
Set type code:                TI
Timezone:                     UTC
File name:                    CH0005R.20170101003200.20180718060000.online_gc.ethane.air.1y.2h.CH01L_Agilent_ADS-GC-FID_cn10450060_RIG.CH01L_ADS_GC_FID_VOCAIR_RIGI.lev2.nas
File creation:                20190306184554
Startdate:                    20170101003200
Revision date:                20180718060000
Version:                      1
Version description:          second revision, manually inspected
Data level:                   2
Period code:                  1y
Resolution code:              2h
Sample duration:              40mn
Orig. time res.:              40mn
Station code:                 CH0005R
Platform code:                CH0005S
Station name:                 Rigi
Station GAW-ID:               RIG
Station latitude:             47.0675
Station longitude:            8.463889
Station altitude:             1031.0m
Measurement altitude:         1034.0m
Measurement height:           4.0m
Regime:                       IMG
Component:                    ethane
Unit:                         pmol/mol
Matrix:                       air
Instrument type:              online_gc
Laboratory code:              CH01L
Instrument name:              Agilent_ADS-GC-FID_cn10450060_RIG
Instrument manufacturer:      Agilent
Instrument model:             6890GC/FID
Instrument serial number:     cn10450060
Method ref:                   CH01L_ADS_GC_FID_VOCAIR_RIGI
Standard method:              SOP=ACTRIS_VOC_2014
Calibration scale:            NPL
Calibration standard ID:      D292408
Inlet type:                   Hat or hood
Inlet description:            ambient air is brought into the cabin through a main inlet line at a flow rate of 300 lpm. From the main inlet line short stainless steel tubes are used to bring the air samples to the instruments.
Detection limit expl.:        Determined by integration of a baseline signal multiplied by a factor of 3
Measurement uncertainty expl.: Includes reproducibility (precision) + systematic errors (accuracy)
Zero/negative values code:    Zero possible
Zero/negative values:         Zero values may appear due to statistical variations at very low concentrations
Originator:                   Hill, Matz, matthias.hill@empa.ch, Swiss Federal Laboratories for Materials Science and Technology, Empa, Air Pollution/Environmental Technology, Ueberlandstrasse 129, , CH-8600, Duebendorf, Switzerland
Originator:                   Reimann, Stefan, , , , , , , , , 
Submitter:                    Hill, Matz, matthias.hill@empa.ch, Swiss Federal Laboratories for Materials Science and Technology, Empa, Air Pollution/Environmental Technology, Ueberlandstrasse 129, , CH-8600, Duebendorf, Switzerland
Acknowledgement:              Request acknowledgement details from data originator
Comment:                      "No SOP currently available, o3 not removed, nafion dryer, Calibration interval:1/two weeks"
starttime endtime C2H6 C2H6 C2H6 flag
[from data line 3001]
294.177083 294.204861   802  44.56   7.73 0.000
294.260416 294.288194   989  52.22   8.52 0.000
294.343749 294.371527   875  47.50   8.03 0.000
294.427083 294.454861  1011  53.12   8.61 0.000
294.510416 294.538194   838  46.01   7.88 0.000
294.593749 294.621527   971  51.46   8.44 0.000
294.677083 294.704861   839  46.04   7.88 0.000
294.760416 294.788194   635  37.86   7.02 0.000
294.843749 294.871527   849  46.44   7.92 0.000
294.927083 294.954861  1014  53.24   8.62 0.000
295.010416 295.038194   910  48.94   8.18 0.000
295.093749 295.121527  1080  55.98   8.90 0.000
295.177083 295.204861   961  51.05   8.40 0.000
295.260416 295.288194   857  46.79   7.96 0.000
295.343749 295.371527  1057  55.01   8.80 0.000
295.427083 295.454861   950  50.59   8.35 0.000
295.510416 295.538194  1104  56.97   9.00 0.000
295.593749 295.621527   962  51.08   8.40 0.000
295.677083 295.704861   727  41.52   7.41 0.000
295.760416 295.788194   952  50.68   8.36 0.000
295.843749 295.871527   687  39.92   7.24 0.000
295.927083 295.954861   913  49.09   8.20 0.000
296.010416 296.038194  1048  54.66   8.77 0.000
296.093749 296.121527   891  48.17   8.10 0.000
296.177083 296.204861  1040  54.31   8.73 0.000
296.260416 296.288194   875  47.50   8.03 0.000
296.343749 296.371527   647  38.33   7.07 0.000
296.427777 296.455556   858  46.82   7.96 0.000
296.511111 296.538889  1034  54.08   8.71 0.000
296.594444 296.622222   863  47.02   7.98 0.000
296.677777 296.705556   922  49.44   8.23 0.000
298.910416 298.938194   626  32.71   5.26 0.000
298.993749 299.021527   503  28.60   5.08 0.000
299.077083 299.104861   597  31.72   5.22 0.000
299.160416 299.188194 99999 999.99 999.99 0.999
299.243749 299.271527   634  32.98   5.27 0.000
299.327083 299.354861   866  41.30   5.62 0.000
299.410416 299.438194   799  38.85   5.52 0.000
299.493749 299.521527   884  41.94   5.64 0.000
299.577083 299.604861   778  38.06   5.48 0.000
299.660416 299.688194   959  44.73   5.75 0.000
299.743749 299.771527  1113  50.54   5.98 0.000
299.827777 299.855556   853  40.82   5.60 0.000
299.911111 299.938889  1071  48.95   5.92 0.000
299.994444 300.022222   853  40.82   5.60 0.000
300.077777 300.105556  1174  52.87   6.07 0.000
300.161111 300.188889   966  44.99   5.76 0.000
300.244444 300.272222  1227  54.90   6.15 0.000
300.327777 300.355556  1084  49.44   5.94 0.000
300.411111 300.438889  1213  54.36   6.13 0.000
300.494444 300.522222  1034  47.54   5.86 0.000
300.577777 300.605556  1099  50.01   5.96 0.000
300.661111 300.688889   906  42.75   5.67 0.000
300.744444 300.772222  1105  50.24   5.97 0.000
300.827777 300.855556   927  43.55   5.71 0.000
300.911111 300.938889  1109  50.38   5.97 0.000
300.994444 301.022222   956  44.62   5.75 0.000
301.077777 301.105556   713  35.75   5.39 0.000
301.161111 301.188889   878  41.72   5.63 0.000
301.244444 301.272222   821  39.64   5.55 0.000
301.327777 301.355556   710  35.63   5.38 0.000
301.411111 301.438889   870  41.43   5.62 0.000
301.494444 301.522222   703  35.39   5.37 0.000
301.577777 301.605556   798  38.79   5.51 0.000
301.661111 301.688889   646  33.40   5.29 0.000
301.744444 301.772222   829  39.93   5.56 0.000
301.827777 301.855556  1055  48.33   5.89 0.000
301.911111 301.938889   870  41.43   5.62 0.000
301.994444 302.022222  1180  53.10   6.08 0.000
302.077777 302.105556   831  39.99   5.56 0.000
302.161111 302.188889  1114  50.57   5.98 0.000
302.245138 302.272916  1282  57.01   6.23 0.000
302.827083 302.854861  1126  51.04   6.00 0.000
302.911111 302.938889  1241  55.44   6.17 0.000
302.994444 303.022222  1434  62.91   6.46 0.000
303.077777 303.105556  1258  56.10   6.20 0.000
303.161111 303.188889  1196  53.70   6.10 0.000
303.244444 303.272222  1396  61.43   6.40 0.000
303.327777 303.355556  1213  54.36   6.13 0.000
303.411111 303.438889  1401  61.63   6.41 0.000
303.494444 303.522222  1428  62.68   6.45 0.000
303.577777 303.605556  1170  52.71   6.06 0.000
303.661111 303.688889  1336  59.10   6.31 0.000
303.744444 303.772222  1519  66.22   6.58 0.000
303.827777 303.855556   910  42.91   5.68 0.000
303.911111 303.938889   842  40.40   5.58 0.000
303.994444 304.022222  1044  47.93   5.88 0.000
304.077777 304.105556  1053  48.26   5.89 0.000
304.161111 304.188889   915  43.10   5.69 0.000
304.244444 304.272222   807  39.13   5.53 0.000
304.327777 304.355556   683  34.68   5.34 0.000
304.411111 304.438889   698  35.23   5.37 0.000
304.494444 304.522222   862  41.14   5.61 0.000
304.577777 304.605556  1246  55.63   6.18 0.000
304.661111 304.688889   769  37.75   5.47 0.000
304.744444 304.772222   790  38.50   5.50 0.000
304.827777 304.855556   583  31.25   5.20 0.000
304.911111 304.938889   692  35.01   5.36 0.000
304.994444 305.022222   697  35.17   5.36 0.000
305.077777 305.105556   592  31.54   5.21 0.000
305.161111 305.188889  1165  52.53   6.06 0.000
305.245138 305.272916  1345  59.44   6.32 0.000
305.328472 305.356250  1321  58.52   6.29 0.000
305.411806 305.439583   962  44.85   5.76 0.000
305.495138 305.522916  1079  49.25   5.93 0.000
305.578472 305.606250  1194  53.63   6.10 0.000
305.661806 305.689583   931  43.69   5.71 0.000
305.745138 305.772916  1137  51.46   6.02 0.000
305.828472 305.856250  1158  52.26   6.05 0.000
305.911806 305.939583  1008  46.58   5.83 0.000
305.995138 306.022916  1091  49.71   5.95 0.000
306.078472 306.106250  1344  59.41   6.32 0.000
306.161806 306.189583  1055  48.33   5.89 0.000
306.315972 306.343750 99999 999.99 999.99 0.999
306.399306 306.427083   726  36.22   5.41 0.000
306.482638 306.510416   957  44.66   5.75 0.000
306.565972 306.593750   964  44.92   5.76 0.000
308.529166 308.556944 99999 999.99 999.99 0.999
308.612499 308.640277 99999 999.99 999.99 0.999
308.695833 308.723611 99999 999.99 999.99 0.999
308.779166 308.806944 99999 999.99 999.99 0.999
309.419444 309.447222 99999 999.99 999.99 0.999
309.502777 309.530556   793  19.31   5.51 0.000
309.586111 309.613889   775  18.98   5.48 0.000
309.669444 309.697222   887  21.03   5.65 0.000
309.752777 309.780556  1035  23.80   5.87 0.000
309.836111 309.863889  1130  25.60   6.01 0.000
309.919444 309.947222   977  22.70   5.78 0.000
310.002777 310.030556  1051  24.10   5.89 0.000
310.086111 310.113889  1261  28.10   6.20 0.000
310.169444 310.197222  1036  23.81   5.87 0.000
310.252777 310.280556  1035  23.80   5.87 0.000
310.336111 310.363889   687  17.41   5.35 0.000
310.419444 310.447222   819  19.79   5.55 0.000
310.502777 310.530556  1000  23.13   5.81 0.000
310.586111 310.613889   558  15.20   5.16 0.000
310.669444 310.697222  1107  25.15   5.97 0.000
310.752777 310.780556   645  16.68   5.29 0.000
310.836111 310.863889   850  20.35   5.59 0.000
310.919444 310.947222   600  15.91   5.22 0.000
311.002777 311.030556   857  20.47   5.60 0.000
311.086111 311.113889   596  15.85   5.22 0.000
311.169444 311.197222 99999 999.99 999.99 0.999
311.252777 311.280556 99999 999.99 999.99 0.999
311.336806 311.364583   585  15.65   5.20 0.000
311.420138 311.447916 99999 999.99 999.99 0.999
311.503472 311.531250   718  17.97   5.40 0.000
312.267361 312.295139   623  16.31   5.26 0.000
312.350694 312.378472   605  15.99   5.23 0.000
312.434027 312.461806  1114  25.29   5.98 0.000
312.517361 312.545139   701  17.66   5.37 0.000
312.600694 312.628472   578  15.54   5.19 0.000
312.684027 312.711806  1276  28.39   6.22 0.000
312.767361 312.795139  1070  24.46   5.92 0.000
317.527777 317.555556 99999 999.99 999.99 0.999
317.611111 317.638889  1786  38.35   6.98 0.000
317.694444 317.722222  1771  38.05   6.95 0.000
318.531944 318.559722  1809  38.80   7.01 0.000
318.615277 318.643056  1808  38.78   7.01 0.000
318.698611 318.726389  1750  37.64   6.92 0.000
318.781944 318.809722  1745  37.54   6.92 0.000
318.865277 318.893056  1754  37.72   6.93 0.000
318.948611 318.976389  1748  37.60   6.92 0.000
319.031944 319.059722  1749  37.62   6.92 0.000
319.115277 319.143056  1759  37.82   6.94 0.000
319.198611 319.226389  1738  37.41   6.91 0.000
319.281944 319.309722  1732  37.29   6.90 0.000
319.365277 319.393056  1720  37.05   6.88 0.000
319.448611 319.476389  1841  39.43   7.06 0.000
319.531944 319.559722  1795  38.53   6.99 0.000
319.615277 319.643056  1742  37.48   6.91 0.000
319.698611 319.726389  1626  35.20   6.74 0.000
319.781944 319.809722  1523  33.19   6.59 0.000
319.865277 319.893056 99999 999.99 999.99 0.999
319.948611 319.976389  1522  33.17   6.59 0.000
320.031944 320.059722  1538  33.48   6.61 0.000
320.115277 320.143056  1534  33.40   6.60 0.000
320.199306 320.227083  1520  33.13   6.58 0.000
320.324999 320.352777  1436  31.49   6.46 0.000
320.408333 320.436111  1531  33.34   6.60 0.000
320.491666 320.519444  1668  36.03   6.80 0.000
320.574999 320.602777  1705  36.76   6.86 0.000
320.658333 320.686111  1672  36.11   6.81 0.000
320.741666 320.769444  1875  40.11   7.11 0.000
320.825694 320.853472  1846  39.54   7.07 0.000
320.909027 320.936806  1729  37.22   6.89 0.000
320.992361 321.020139  1676  36.18   6.81 0.000
321.075694 321.103472  1605  34.79   6.71 0.000
321.159027 321.186806  1586  34.42   6.68 0.000
321.242361 321.270139  1533  33.38   6.60 0.000
321.325694 321.353472  1435  31.47   6.46 0.000
321.409027 321.436806  1430  31.37   6.45 0.000
321.492361 321.520139  1411  31.00   6.42 0.000
321.575694 321.603472  1514  33.01   6.57 0.000
321.659027 321.686806  1563  33.97   6.65 0.000
321.742361 321.770139  1465  32.05   6.50 0.000
321.825694 321.853472  1471  32.17   6.51 0.000
321.909027 321.936806  1487  32.48   6.53 0.000
321.992361 322.020139  1488  32.51   6.54 0.000
322.075694 322.103472  1446  31.68   6.47 0.000
322.159027 322.186806  1259  28.07   6.20 0.000
322.242361 322.270139  1439  31.55   6.46 0.000
322.325694 322.353472  1412  31.02   6.42 0.000
322.409027 322.436806  1460  31.95   6.49 0.000
322.820833 322.848611  1721  37.07   6.88 0.000
322.904166 322.931944  1810  38.82   7.01 0.000
322.987499 323.015277  1736  37.36   6.90 0.000
323.070833 323.098611  1738  37.41   6.91 0.000
323.154166 323.181944  1673  36.13   6.81 0.000
323.814583 323.842361  1590  33.24   4.84 0.000
323.897916 323.925694  1565  32.76   4.83 0.000
323.981249 324.009027  1270  27.11   4.74 0.000
324.064583 324.092361  1452  30.59   4.80 0.000
324.147916 324.175694  1475  31.03   4.81 0.000
324.231249 324.259027  1274  27.19   4.74 0.000
324.314583 324.342361  1172  25.26   4.71 0.000
324.397916 324.425694   903  20.29   4.62 0.000
324.481249 324.509027   876  19.80   4.61 0.000
324.564583 324.592361   884  19.95   4.62 0.000
324.647916 324.675694   846  19.26   4.60 0.000
324.731249 324.759027   876  19.80   4.61 0.000
324.814583 324.842361   932  20.81   4.63 0.000
324.898611 324.926389   849  19.32   4.61 0.000
324.981944 325.009722   919  20.58   4.63 0.000
325.065277 325.093056   977  21.64   4.65 0.000
325.148611 325.176389   961  21.34   4.64 0.000
325.231944 325.259722   927  20.72   4.63 0.000
325.315277 325.343056   920  20.60   4.63 0.000
325.398611 325.426389   897  20.18   4.62 0.000
325.481944 325.509722   902  20.27   4.62 0.000
325.565277 325.593056   880  19.87   4.61 0.000
325.648611 325.676389   858  19.48   4.61 0.000
325.731944 325.759722   781  18.11   4.58 0.000
325.815277 325.843056   808  18.59   4.59 0.000
325.898611 325.926389   881  19.90   4.62 0.000
325.981944 326.009722   806  18.55   4.59 0.000
326.065277 326.093056   870  19.69   4.61 0.000
326.148611 326.176389   937  20.90   4.63 0.000
326.231944 326.259722   957  21.27   4.64 0.000
326.315277 326.343056 99999 999.99 999.99 0.999
326.398611 326.426389   752  17.60   4.57 0.000
326.486806 326.514583   972  21.54   4.64 0.000
326.570138 326.597916   998  22.02   4.65 0.000
326.653472 326.681250   982  21.73   4.65 0.000
326.736806 326.764583   997  22.00   4.65 0.000
326.820138 326.847916   959  21.31   4.64 0.000
326.904166 326.931944  1060  23.17   4.67 0.000
326.987499 327.015277  1060  23.17   4.67 0.000
327.070833 327.098611  1048  22.95   4.67 0.000
327.154166 327.181944   999  22.04   4.65 0.000
327.237499 327.265277   983  21.75   4.65 0.000
327.320833 327.348611  1010  22.25   4.66 0.000
327.404166 327.431944  1070  23.36   4.68 0.000
327.487499 327.515277  1115  24.19   4.69 0.000
327.570833 327.598611  1170  25.22   4.71 0.000
327.654166 327.681944  1194  25.68   4.72 0.000
327.737499 327.765277  1281  27.32   4.74 0.000
327.820833 327.848611  1245  26.64   4.73 0.000
327.904166 327.931944  1375  29.11   4.77 0.000
327.987499 328.015277  1318  28.03   4.76 0.000
328.070833 328.098611  1301  27.70   4.75 0.000
328.154166 328.181944  1184  25.48   4.71 0.000
328.237499 328.265277  1138  24.62   4.70 0.000
328.320833 328.348611  1384  29.28   4.78 0.000
328.404166 328.431944  1422  30.01   4.79 0.000
328.487499 328.515277  1463  30.79   4.80 0.000
328.570833 328.598611  1533  32.14   4.82 0.000
328.654166 328.681944  1626  33.94   4.85 0.000
328.737499 328.765277  1754  36.42   4.89 0.000
328.820833 328.848611  1749  36.32   4.89 0.000
328.904166 328.931944  1920  39.66   4.95 0.000
328.987499 329.015277  2002  41.26   4.97 0.000
329.070833 329.098611  1937  39.98   4.95 0.000
329.154861 329.182639  1892  39.11   4.94 0.000
329.238194 329.265972  1769  36.71   4.90 0.000
329.321527 329.349306  1764  36.62   4.90 0.000
329.404861 329.432639  1683  35.04   4.87 0.000
329.488194 329.515972  1563  32.72   4.83 0.000
329.571527 329.599306  1652  34.44   4.86 0.000
329.627777 329.655556  1558  32.62   4.83 0.000
329.711111 329.738889  1721  35.78   4.88 0.000
329.794444 329.822222  1708  35.53   4.88 0.000
329.877777 329.905556  1627  33.95   4.85 0.000
329.961111 329.988889  1535  32.18   4.82 0.000
330.044444 330.072222  1467  30.87   4.80 0.000
330.127777 330.155556  1381  29.23   4.78 0.000
330.345138 330.372916 99999 999.99 999.99 0.999
330.428472 330.456250  1682  35.02   4.87 0.000
330.511806 330.539583  1505  31.60   4.81 0.000
330.595138 330.622916  1878  38.83   4.93 0.000
330.678472 330.706250  1588  33.20   4.84 0.000
330.761806 330.789583  1580  33.05   4.84 0.000
330.845138 330.872916  1595  33.34   4.84 0.000
330.928472 330.956250  1656  34.52   4.86 0.000
331.011806 331.039583  1714  35.64   4.88 0.000
331.095138 331.122916  1651  34.42   4.86 0.000
331.178472 331.206250  1654  34.48   4.86 0.000
331.261806 331.289583  1727  35.90   4.89 0.000
331.345138 331.372916  1622  33.86   4.85 0.000
331.428472 331.456250  1629  33.99   4.85 0.000
331.511806 331.539583  1567  32.79   4.83 0.000
331.595138 331.622916  1563  32.72   4.83 0.000
331.678472 331.706250  1554  32.55   4.83 0.000
331.761806 331.789583  1531  32.10   4.82 0.000
331.845138 331.872916  1484  31.20   4.81 0.000
331.928472 331.956250  1482  31.16   4.81 0.000
332.011806 332.039583  1707  35.51   4.88 0.000
332.095138 332.122916  1763  36.60   4.90 0.000
332.178472 332.206250  1805  37.41   4.91 0.000
332.261806 332.289583  1757  36.48   4.90 0.000
332.345138 332.372916  1857  38.43   4.93 0.000
332.428472 332.456250  1643  34.27   4.86 0.000
332.511806 332.539583  1743  36.21   4.89 0.000
332.595833 332.623611  1455  30.64   4.80 0.000
332.679166 332.706944  1832  37.94   4.92 0.000
332.762499 332.790277  1466  30.85   4.80 0.000
332.845833 332.873611  1650  34.40   4.86 0.000
332.929166 332.956944  1485  31.22   4.81 0.000
333.012499 333.040277  1679  34.96   4.87 0.000
333.095833 333.123611  1827  37.84   4.92 0.000
333.179166 333.206944  1641  34.23   4.86 0.000
333.262499 333.290277  1877  38.81   4.93 0.000
333.345833 333.373611  1734  36.03   4.89 0.000
333.429166 333.456944  1859  38.47   4.93 0.000
333.512499 333.540277  1882  38.92   4.94 0.000
333.595833 333.623611  1800  37.32   4.91 0.000
333.679166 333.706944  1757  36.48   4.90 0.000
333.762499 333.790277  1853  38.35   4.93 0.000
333.845833 333.873611  1798  37.28   4.91 0.000
333.929166 333.956944  1504  31.58   4.81 0.000
334.012499 334.040277  1431  30.18   4.79 0.000
334.095833 334.123611  1697  35.32   4.88 0.000
