data/obs/c2h6/WDCGG/event/CH0001G.20130101005200.20170425145159.online_gc.ethane.air.1y.2h.CH01L_Agilent_GC-MS-MEDUSA_Medusa-12_JFJ.CH01L_VOC_AIR_MEDUSA-12.lev2.nas
68 1001
Hill, Matz; Reimann, Stefan
CH01L, Swiss Federal Laboratories for Materials Science and Technology, EMPA, Section Air Pollution, Überlandstrasse 133, , 8600, Dübendorf, Switzerland
Hill, Matz
ACTRIS EMEP GAW-WDCGG-node GAW-WDCRG
1 1
2013 01 01 2017 04 25
0
days from file reference point
5
1 1 1 1 1
999.999999 99999.999 9999.999 999.999 9.999
end_time of measurement, days from the file reference point
ethane, pmol/mol, Statistics=arithmetic mean, Detection limit=1.1 pmol/mol
ethane, pmol/mol, Statistics=expanded uncertainty 2sigma
ethane, pmol/mol, Statistics=precision
numflag, no unit
0
49
Data definition:              EBAS_1.1
Set type code:                TI
Timezone:                     UTC
File name:                    CH0001G.20130101005200.20170425145159.online_gc.ethane.air.1y.2h.CH01L_Agilent_GC-MS-MEDUSA_Medusa-12_JFJ.CH01L_VOC_AIR_MEDUSA-12.lev2.nas
File creation:                20190306184543
Startdate:                    20130101005200
Revision date:                20170425145159
Version:                      3
Version description:          third revision, manually inspected
Data level:                   2
Period code:                  1y
Resolution code:              2h
Sample duration:              20mn
Orig. time res.:              2h
Station code:                 CH0001G
Platform code:                CH0001S
Station name:                 Jungfraujoch
Station GAW-ID:               JFJ
Station latitude:             46.5475
Station longitude:            7.985
Station altitude:             3578.0m
Measurement height:           4.0m
Regime:                       IMG
Component:                    ethane
Unit:                         pmol/mol
Matrix:                       air
Instrument type:              online_gc
Laboratory code:              CH01L
Instrument name:              Agilent_GC-MS-MEDUSA_Medusa-12_JFJ
Instrument manufacturer:      AGAGE+Agilent+Agilent
Instrument model:             MEDUSA+6890N+5975B
Instrument serial number:     Medusa-12
Method ref:                   CH01L_VOC_AIR_MEDUSA-12
Standard method:              None
Calibration scale:            SIO-p
Inlet type:                   Hat or hood
Inlet description:            above the roof
Volume std. temperature:      273.15 K
Volume std. pressure:         1013.25 hPa
Detection limit expl.:        Determined by instrument counting statistics, no detection limit flag used
Measurement uncertainty expl.: Includes reproducibility (precision) + systematic errors (accuracy)
Zero/negative values code:    Zero/negative impossible
Zero/negative values:         Zero and neg. values do not appear because data was processed and zero/neg data taken out
Originator:                   Hill, Matz, matthias.hill@empa.ch, Swiss Federal Laboratories for Materials Science and Technology, Empa, Air Pollution/Environmental Technology, Ueberlandstrasse 129, , CH-8600, Duebendorf, Switzerland
Originator:                   Reimann, Stefan, , , , , , , , , 
Submitter:                    Hill, Matz, matthias.hill@empa.ch, Swiss Federal Laboratories for Materials Science and Technology, Empa, Air Pollution/Environmental Technology, Ueberlandstrasse 129, , CH-8600, Duebendorf, Switzerland
Acknowledgement:              Request acknowledgement details from data originator
Comment:                      "No SOP currently available, MEDUSA. Sample volume: 2L, trap at -170degC, trap material Hayesep D, Nafion dryer, no O3 removal, 2-hourly calibration interval"
starttime endtime C2H6 C2H6 C2H6 flag
[from data line 2910]
218.041667 218.055556   794.254   50.491   2.548 0.000
218.083333 218.097222   833.759   53.033   2.823 0.000
218.166667 218.180556   796.271   50.648   2.696 0.000
218.208333 218.222222   793.913   50.534   2.852 0.000
218.291667 218.305556   819.003   52.131   2.942 0.000
218.356250 218.370139 99999.999 9999.999 999.999 0.999
218.439583 218.453472   726.853   46.309   2.797 0.000
218.481250 218.495139   740.998   47.212   2.859 0.000
218.564583 218.578472 99999.999 9999.999 999.999 0.999
218.606250 218.620139 99999.999 9999.999 999.999 0.999
218.897917 218.911806 99999.999 9999.999 999.999 0.999
218.939583 218.953472 99999.999 9999.999 999.999 0.999
219.022917 219.036806 99999.999 9999.999 999.999 0.999
219.064583 219.078472 99999.999 9999.999 999.999 0.999
219.147917 219.161806 99999.999 9999.999 999.999 0.999
219.189583 219.203472 99999.999 9999.999 999.999 0.999
219.272917 219.286806 99999.999 9999.999 999.999 0.999
219.314583 219.328472 99999.999 9999.999 999.999 0.999
219.397917 219.411806 99999.999 9999.999 999.999 0.999
219.439583 219.453472 99999.999 9999.999 999.999 0.999
219.522917 219.536806 99999.999 9999.999 999.999 0.999
219.564583 219.578472 99999.999 9999.999 999.999 0.999
219.647917 219.661806 99999.999 9999.999 999.999 0.999
219.689583 219.703472 99999.999 9999.999 999.999 0.999
219.772917 219.786806   744.713   47.198   1.522 0.000
219.814583 219.828472   765.848   48.538   1.565 0.000
219.897917 219.911806   748.607   47.553   2.217 0.000
219.939583 219.953472   743.641   47.238   2.202 0.000
220.022917 220.036806   745.322   47.587   3.261 0.000
220.064583 220.078472   743.056   47.443   3.251 0.000
220.147917 220.161806 99999.999 9999.999 999.999 0.999
220.189583 220.203472 99999.999 9999.999 999.999 0.999
220.272917 220.286806   741.363   47.288   3.070 0.000
220.314583 220.328472   739.240   47.117   2.918 0.000
220.397917 220.411806   733.872   46.749   2.792 0.000
220.439583 220.453472   736.727   46.931   2.803 0.000
220.522917 220.536806   786.218   50.083   2.992 0.000
220.564583 220.578472   777.068   49.474   2.845 0.000
220.647917 220.661806 99999.999 9999.999 999.999 0.999
220.689583 220.703472   756.191   48.124   2.675 0.000
220.772917 220.786806   752.480   47.888   2.662 0.000
220.814583 220.828472 99999.999 9999.999 999.999 0.999
220.897917 220.911806   720.079   45.877   2.766 0.000
220.939583 220.953472   733.313   46.708   2.769 0.000
221.022917 221.036806   770.259   49.086   3.011 0.000
221.064583 221.078472   774.430   49.389   3.175 0.000
221.606250 221.620139   725.958   46.414   3.399 0.000
221.647917 221.661806   715.810   45.743   3.273 0.000
221.731250 221.745139 99999.999 9999.999 999.999 0.999
221.772917 221.786806   663.385   42.365   2.937 0.000
221.856250 221.870139   542.720   34.631   2.299 0.000
221.897917 221.911806   542.945   34.628   2.234 0.000
221.981250 221.995139   739.457   47.059   2.616 0.000
222.022917 222.036806   770.360   49.016   2.683 0.000
222.189583 222.203472   630.567   40.145   2.298 0.000
222.231250 222.245139   702.532   44.745   2.641 0.000
222.314583 222.328472   658.504   42.083   3.020 0.000
222.356250 222.370139   687.964   43.996   3.258 0.000
222.439583 222.453472   724.230   46.344   3.527 0.000
222.481250 222.495139   750.975   48.056   3.658 0.000
222.564583 222.578472   686.372   43.890   3.238 0.000
222.606250 222.620139   707.874   45.301   3.457 0.000
222.689583 222.703472   673.530   43.078   3.206 0.000
222.731250 222.745139   587.966   37.631   2.886 0.000
222.814583 222.828472   519.994   33.273   2.524 0.000
222.856250 222.870139   551.607   35.280   2.627 0.000
222.939583 222.953472   481.382   30.939   2.753 0.000
222.981250 222.995139   505.788   32.533   2.961 0.000
223.064583 223.078472   496.724   31.980   2.992 0.000
223.106250 223.120139   500.500   32.219   3.003 0.000
223.189583 223.203472   500.897   32.184   2.839 0.000
223.231250 223.245139   498.414   32.025   2.825 0.000
223.314583 223.328472 99999.999 9999.999 999.999 0.999
223.356250 223.370139   509.864   32.800   2.999 0.000
223.439583 223.453472   523.817   33.743   3.204 0.000
223.481250 223.495139 99999.999 9999.999 999.999 0.999
223.564583 223.578472   537.877   34.688   3.391 0.000
223.606250 223.620139   545.321   35.168   3.438 0.000
223.689583 223.703472   574.396   37.038   3.608 0.000
223.731250 223.745139   555.465   35.817   3.489 0.000
223.814583 223.828472   516.110   33.283   3.251 0.000
223.856250 223.870139   468.240   30.160   2.856 0.000
223.939583 223.953472   497.320   32.032   3.030 0.000
223.981250 223.995139   496.411   31.973   3.024 0.000
224.064583 224.078472   534.752   34.489   3.377 0.000
224.106250 224.120139   552.447   35.583   3.368 0.000
224.189583 224.203472   521.302   33.882   3.903 0.000
224.231250 224.245139   505.902   32.881   3.788 0.000
224.314583 224.328472 99999.999 9999.999 999.999 0.999
224.636806 224.650694   661.513   42.953   4.862 0.000
224.720139 224.734028   687.826   44.678   5.091 0.000
224.803472 224.817361   713.000   46.324   5.302 0.000
224.886806 224.900694   717.470   46.538   5.166 0.000
224.970139 224.984028   711.969   46.083   4.901 0.000
225.053472 225.067361   656.480   42.460   4.445 0.000
225.136806 225.150694   675.507   43.633   4.432 0.000
225.220139 225.234028 99999.999 9999.999 999.999 0.999
225.303472 225.317361 99999.999 9999.999 999.999 0.999
225.386806 225.400694 99999.999 9999.999 999.999 0.999
225.470139 225.484028   733.819   47.690   5.486 0.000
225.553472 225.567361   744.151   48.634   6.129 0.000
225.636806 225.650694 99999.999 9999.999 999.999 0.999
225.928472 225.942361   735.400   48.864   7.491 0.000
225.984028 225.997917   753.019   49.954   7.538 0.000
226.095139 226.109028   759.205   50.474   7.779 0.000
226.178472 226.192361   747.058   49.555   7.472 0.000
226.261806 226.275694   800.868   53.124   8.010 0.000
226.345139 226.359028   797.585   52.907   7.977 0.000
226.428472 226.442361   861.249   57.488   9.191 0.000
226.511806 226.525694   839.641   56.226   9.238 0.000
226.595139 226.609028   806.521   53.930   8.754 0.000
226.678472 226.692361   814.926   54.766   9.258 0.000
226.761806 226.775694   840.528   56.433   9.470 0.000
226.845139 226.859028   901.988   60.546  10.142 0.000
226.928472 226.942361   828.984   55.642   9.317 0.000
226.984028 226.997917   855.060   57.396   9.615 0.000
227.095139 227.109028   749.438   50.453   8.644 0.000
227.178472 227.192361 99999.999 9999.999 999.999 0.999
227.261806 227.275694 99999.999 9999.999 999.999 0.999
227.345139 227.359028 99999.999 9999.999 999.999 0.999
227.428472 227.442361   624.893   42.130   7.296 0.000
227.511806 227.525694   680.262   45.844   7.916 0.000
227.595139 227.609028   740.221   49.837   8.544 0.000
227.678472 227.692361   804.723   53.915   8.896 0.000
227.761806 227.775694   763.480   50.833   7.943 0.000
227.845139 227.859028   798.440   53.007   8.059 0.000
227.928472 227.942361   794.746   52.821   8.118 0.000
227.984028 227.997917   730.712   48.541   7.424 0.000
228.095139 228.109028   712.709   47.403   7.336 0.000
228.636806 228.650694   724.157   47.424   6.152 0.000
228.720139 228.734028   757.208   49.557   6.373 0.000
228.803472 228.817361   704.614   46.387   6.439 0.000
228.886806 228.900694 99999.999 9999.999 999.999 0.999
228.970139 228.984028   717.233   47.255   6.620 0.000
229.053472 229.067361   726.497   47.783   6.557 0.000
229.220139 229.234028   719.254   47.208   6.311 0.000
229.303472 229.317361   718.575   47.133   6.248 0.000
229.386806 229.400694   738.459   48.341   6.237 0.000
229.470139 229.484028   757.851   49.530   6.243 0.000
229.553472 229.567361   801.759   52.283   6.369 0.000
229.636806 229.650694   785.340   50.945   5.664 0.000
229.720139 229.734028   743.930   48.244   5.334 0.000
229.803472 229.817361 99999.999 9999.999 999.999 0.999
229.886806 229.900694   735.121   47.668   5.259 0.000
229.970139 229.984028   688.701   44.601   4.797 0.000
230.053472 230.067361 99999.999 9999.999 999.999 0.999
230.136806 230.150694   713.147   46.063   4.676 0.000
230.220139 230.234028   697.361   44.833   4.023 0.000
230.303472 230.317361   689.255   44.312   3.978 0.000
230.386806 230.400694   680.590   43.782   4.001 0.000
230.470139 230.484028   674.273   43.374   3.960 0.000
230.553472 230.567361   709.693   45.662   4.194 0.000
230.636806 230.650694   715.122   46.007   4.216 0.000
230.720139 230.734028   686.864   44.134   3.896 0.000
230.803472 230.817361 99999.999 9999.999 999.999 0.999
230.886806 230.900694   760.887   48.431   2.726 0.000
230.970139 230.984028   781.614   49.730   2.711 0.000
231.053472 231.067361   765.168   48.671   2.597 0.000
231.136806 231.150694   789.607   50.230   2.697 0.000
231.220139 231.234028   761.446   48.440   2.610 0.000
231.303472 231.317361   776.146   49.589   3.515 0.000
231.386806 231.400694   929.360   59.440   4.425 0.000
231.470139 231.484028   993.033   63.481   4.620 0.000
231.553472 231.567361   862.361   55.394   4.844 0.000
231.636806 231.650694   828.940   53.441   5.181 0.000
231.720139 231.734028   794.711   51.222   4.936 0.000
231.803472 231.817361   917.947   59.213   5.825 0.000
231.886806 231.900694  1214.974   78.443   7.884 0.000
231.970139 231.984028  1190.976   76.896   7.734 0.000
232.053472 232.067361  1120.128   72.766   8.310 0.000
232.136806 232.150694   986.356   64.496   8.188 0.000
232.220139 232.234028   968.301   63.291   7.989 0.000
232.303472 232.317361   826.571   54.317   7.374 0.000
232.386806 232.400694 99999.999 9999.999 999.999 0.999
232.470139 232.484028   819.172   54.262   8.065 0.000
232.553472 232.567361   849.445   56.480   8.714 0.000
232.636806 232.650694   815.358   54.296   8.498 0.000
232.928472 232.942361 99999.999 9999.999 999.999 0.999
232.984028 232.997917   716.102   48.147   8.170 0.000
233.095139 233.109028   701.295   47.458   8.441 0.000
233.178472 233.192361   710.511   48.237   8.767 0.000
233.261806 233.275694   706.500   47.720   8.377 0.000
233.345139 233.359028   606.322   40.995   7.247 0.000
233.428472 233.442361   564.722   38.317   6.938 0.000
233.511806 233.525694   648.515   43.686   7.519 0.000
233.595139 233.609028   788.002   52.833   8.769 0.000
233.678472 233.692361   866.048   58.064   9.634 0.000
233.761806 233.775694  1338.903   89.739  14.853 0.000
233.845139 233.859028  1426.844   96.715  17.394 0.000
233.928472 233.942361  1087.484   73.791  13.366 0.000
233.984028 233.997917 99999.999 9999.999 999.999 0.999
234.095139 234.109028   919.280   61.838  10.531 0.000
234.178472 234.192361   765.127   51.150   8.286 0.000
234.261806 234.275694   840.449   56.187   9.104 0.000
234.345139 234.359028 99999.999 9999.999 999.999 0.999
234.428472 234.442361   722.518   47.646   6.746 0.000
234.511806 234.525694   798.218   52.754   7.654 0.000
234.595139 234.609028   780.419   51.437   7.239 0.000
234.678472 234.692361   791.775   52.262   7.478 0.000
234.761806 234.775694   830.860   55.102   8.291 0.000
234.845139 234.859028   683.909   45.766   7.477 0.000
234.928472 234.942361   637.230   42.645   6.971 0.000
234.984028 234.997917   507.580   33.878   5.412 0.000
235.095139 235.109028   467.418   31.226   5.029 0.000
235.636806 235.650694 99999.999 9999.999 999.999 0.999
235.720139 235.734028   735.398   49.790   8.886 0.000
235.803472 235.817361   722.507   48.341   7.887 0.000
235.886806 235.900694   764.247   50.965   8.080 0.000
235.970139 235.984028   778.405   51.939   8.276 0.000
236.053472 236.067361   774.937   51.710   8.243 0.000
236.220139 236.234028   764.470   50.972   8.070 0.000
236.303472 236.317361   774.747   51.658   8.179 0.000
236.386806 236.400694   770.674   51.384   8.132 0.000
236.470139 236.484028   783.277   52.273   8.342 0.000
236.553472 236.567361   952.985   63.466   9.940 0.000
236.636806 236.650694   944.237   62.788   9.696 0.000
236.720139 236.734028   792.036   52.563   7.963 0.000
236.803472 236.817361   784.255   51.876   7.597 0.000
236.886806 236.900694   787.484   51.591   6.728 0.000
236.970139 236.984028   827.337   53.974   6.619 0.000
237.053472 237.067361   822.655   53.715   6.675 0.000
237.136806 237.150694   871.124   56.736   6.774 0.000
237.220139 237.234028   837.016   54.225   5.874 0.000
237.303472 237.317361   855.236   55.462   6.129 0.000
237.386806 237.400694   841.319   54.304   5.424 0.000
237.470139 237.484028   952.226   61.262   5.614 0.000
237.553472 237.567361  1157.257   74.540   7.058 0.000
237.636806 237.650694  1298.241   83.991   8.843 0.000
237.720139 237.734028  1255.006   81.116   8.362 0.000
237.803472 237.817361   853.241   55.451   6.378 0.000
237.886806 237.900694   916.241   59.823   7.430 0.000
237.970139 237.984028   882.319   57.821   7.571 0.000
238.053472 238.067361   892.461   58.528   7.739 0.000
238.136806 238.150694   908.353   59.580   7.896 0.000
238.220139 238.234028   923.885   60.577   7.989 0.000
238.303472 238.317361   913.860   59.922   7.908 0.000
238.386806 238.400694   949.176   62.267   8.269 0.000
238.470139 238.484028   953.151   62.538   8.323 0.000
238.553472 238.567361   887.571   58.289   7.850 0.000
238.636806 238.650694   856.565   56.349   7.752 0.000
238.720139 238.734028   840.038   55.318   7.704 0.000
238.803472 238.817361   838.583   55.595   8.335 0.000
238.886806 238.900694   839.412   55.813   8.612 0.000
238.970139 238.984028   828.146   55.099   8.553 0.000
239.053472 239.067361   826.519   54.980   8.518 0.000
239.136806 239.150694   816.645   54.340   8.444 0.000
239.220139 239.234028   819.124   54.500   8.461 0.000
239.303472 239.317361   824.656   54.938   8.630 0.000
239.386806 239.400694   860.254   57.250   8.908 0.000
239.470139 239.484028   844.523   56.360   8.994 0.000
239.553472 239.567361 99999.999 9999.999 999.999 0.999
239.636806 239.650694   838.513   55.541   8.253 0.000
239.928472 239.942361   838.712   54.747   6.773 0.000
239.984028 239.997917   825.894   53.882   6.612 0.000
240.095139 240.109028   814.995   53.276   6.735 0.000
240.178472 240.192361   830.875   54.717   7.624 0.000
240.261806 240.275694   813.132   53.588   7.532 0.000
240.345139 240.359028   819.987   54.175   7.833 0.000
240.428472 240.442361   816.418   53.943   7.806 0.000
240.511806 240.525694   809.291   53.388   7.591 0.000
240.595139 240.609028   824.985   54.408   7.710 0.000
240.678472 240.692361   840.589   55.345   7.692 0.000
240.761806 240.775694   870.450   57.380   8.089 0.000
240.845139 240.859028   855.679   55.991   7.181 0.000
240.928472 240.942361 99999.999 9999.999 999.999 0.999
240.984028 240.997917   840.211   54.819   6.732 0.000
241.095139 241.109028   832.016   54.254   6.606 0.000
241.178472 241.192361   808.544   52.650   6.265 0.000
241.261806 241.275694   813.959   52.991   6.284 0.000
241.345139 241.359028   816.216   53.138   6.302 0.000
241.428472 241.442361   799.357   52.041   6.172 0.000
241.511806 241.525694   800.417   51.972   5.882 0.000
241.595139 241.609028   825.251   53.520   5.920 0.000
241.678472 241.692361   868.205   56.365   6.363 0.000
241.761806 241.775694   886.283   57.593   6.614 0.000
241.845139 241.859028   886.650   57.612   6.607 0.000
241.928472 241.942361   832.597   54.067   6.132 0.000
241.984028 241.997917   819.154   53.144   5.921 0.000
242.095139 242.109028 99999.999 9999.999 999.999 0.999
242.636806 242.650694   803.646   51.412   3.865 0.000
242.720139 242.734028 99999.999 9999.999 999.999 0.999
242.803472 242.817361 99999.999 9999.999 999.999 0.999
242.886806 242.900694   624.712   39.892   2.752 0.000
242.970139 242.984028   653.545   41.752   2.948 0.000
243.053472 243.067361   572.370   36.611   2.736 0.000
243.220139 243.234028   581.418   37.179   2.743 0.000
243.303472 243.317361   742.224   47.460   3.497 0.000
243.386806 243.400694   915.842   58.600   4.440 0.000
243.470139 243.484028   802.063   51.363   4.030 0.000
243.553472 243.567361   806.419   51.679   4.168 0.000
