data/obs/c2h6/WDCGG/event/CH0001G.20160101011700.20180208000000.online_gc.ethane.air.1y.2h.CH01L_Agilent_GC-MS-MEDUSA_Medusa-12_JFJ.CH01L_VOC_AIR_MEDUSA-12.lev2.nas
70 1001
Hill, Matz; Reimann, Stefan; Vollmer, Martin K.
CH01L, Swiss Federal Laboratories for Materials Science and Technology, EMPA, Section Air Pollution, Überlandstrasse 133, , 8600, Dübendorf, Switzerland
Hill, Matz
ACTRIS EMEP GAW-WDCRG
1 1
2016 01 01 2018 02 08
0
days from file reference point
5
1 1 1 1 1
999.999999 99999.999 9999.999 999.999 9.999
end_time of measurement, days from the file reference point
ethane, pmol/mol, Statistics=arithmetic mean, Detection limit=1.1 pmol/mol
ethane, pmol/mol, Statistics=expanded uncertainty 2sigma
ethane, pmol/mol, Statistics=precision
numflag, no unit
0
51
Data definition:              EBAS_1.1
Set type code:                TI
Timezone:                     UTC
File name:                    CH0001G.20160101011700.20180208000000.online_gc.ethane.air.1y.2h.CH01L_Agilent_GC-MS-MEDUSA_Medusa-12_JFJ.CH01L_VOC_AIR_MEDUSA-12.lev2.nas
File creation:                20190306184545
Startdate:                    20160101011700
Revision date:                20180208000000
Version:                      2
Version description:          Second submission
Data level:                   2
Period code:                  1y
Resolution code:              2h
Sample duration:              20mn
Orig. time res.:              2h
Station code:                 CH0001G
Platform code:                CH0001S
Station name:                 Jungfraujoch
Station GAW-ID:               JFJ
Station latitude:             46.5475
Station longitude:            7.985
Station altitude:             3578.0m
Measurement altitude:         3580.0m
Measurement height:           2.0m
Regime:                       IMG
Component:                    ethane
Unit:                         pmol/mol
Matrix:                       air
Instrument type:              online_gc
Laboratory code:              CH01L
Instrument name:              Agilent_GC-MS-MEDUSA_Medusa-12_JFJ
Instrument manufacturer:      AGAGE+Agilent+Agilent
Instrument model:             MEDUSA+6890N+5975B
Instrument serial number:     Medusa-12
Method ref:                   CH01L_VOC_AIR_MEDUSA-12
Standard method:              None
Calibration scale:            SIO-p
Inlet type:                   Hat or hood
Inlet description:            above the roof
Volume std. temperature:      273.15 K
Volume std. pressure:         1013.25 hPa
Detection limit expl.:        Determined by instrument counting statistics, no detection limit flag used
Measurement uncertainty expl.: Includes reproducibility (precision) + systematic errors (accuracy)
Zero/negative values code:    Zero/negative impossible
Zero/negative values:         Zero and neg. values do not appear because data was processed and zero/neg data taken out
Originator:                   Hill, Matz, matthias.hill@empa.ch, Swiss Federal Laboratories for Materials Science and Technology, Empa, Air Pollution/Environmental Technology, Ueberlandstrasse 129, , CH-8600, Duebendorf, Switzerland
Originator:                   Reimann, Stefan, , , , , , , , , 
Originator:                   Vollmer, Martin K., martin.vollmer@empa.ch, Swiss Federal Laboratories for Materials Science and Technology, Empa, Air Pollution/Environmental Technology, Ueberlandstrasse 129, , CH-8600, Duebendorf, Switzerland
Submitter:                    Hill, Matz, matthias.hill@empa.ch, Swiss Federal Laboratories for Materials Science and Technology, Empa, Air Pollution/Environmental Technology, Ueberlandstrasse 129, , CH-8600, Duebendorf, Switzerland
Acknowledgement:              Request acknowledgement details from data originator
Comment:                      "No SOP currently available, MEDUSA. Sample volume: 2L, trap at -170degC, trap material Hayesep D, Nafion dryer, no O3 removal, 2-hourly calibration interval"
starttime endtime C2H6 C2H6 C2H6 flag
[from data line 291]
 22.830556  22.844444  2278.915  145.018   8.006 0.000
 22.920833  22.934722  2054.268  130.773   7.442 0.000
 22.965972  22.979861  1841.907  117.397   7.274 0.000
 23.056250  23.070139  1850.632  117.991   7.459 0.000
 23.101389  23.115278  1781.611  113.534   6.954 0.000
 23.243750  23.257639  1906.841  121.621   7.866 0.000
 23.334028  23.347917  1699.537  108.459   7.240 0.000
 23.379167  23.393056  1895.686  120.998   8.154 0.000
 23.469444  23.483333  1978.763  126.279   8.430 0.000
 23.514583  23.528472  1877.440  119.786   7.899 0.000
 23.604861  23.618750  1738.838  110.943   7.316 0.000
 23.677778  23.691667  1568.315  100.042   6.518 0.000
 23.740278  23.754167  1181.621   75.375   4.911 0.000
 23.785417  23.799306  1125.134   71.791   4.750 0.000
 23.875694  23.889583  1279.016   81.610   5.400 0.000
 23.920833  23.934722  1537.286   98.040   6.301 0.000
 24.011111  24.025000  1619.562  103.287   6.638 0.000
 24.056250  24.070139  1633.707  104.241   6.894 0.000
 24.146528  24.160417  1240.109   79.127   5.233 0.000
 24.219444  24.233333  1269.261   81.011   5.446 0.000
 24.281944  24.295833   999.055   63.765   4.287 0.000
 24.327083  24.340972   972.910   61.953   3.603 0.000
 24.417361  24.431250   953.788   60.735   3.533 0.000
 24.462500  24.476389   997.655   63.601   3.993 0.000
 24.552778  24.566667   992.553   63.275   3.972 0.000
 24.597917  24.611806   999.623   63.768   4.164 0.000
 24.688194  24.702083  1083.187   69.098   4.512 0.000
 24.761111  24.775000  1059.562   67.587   4.396 0.000
 24.823611  24.837500  1130.082   72.085   4.689 0.000
 24.868750  24.882639  1160.046   73.995   4.806 0.000
 24.959028  24.972917  1237.007   78.904   5.125 0.000
 25.004167  25.018056  1280.643   81.565   4.812 0.000
 25.094444  25.108333  1092.875   69.606   4.106 0.000
 25.139583  25.153472   914.436   58.285   3.619 0.000
 25.229861  25.243750   886.257   56.489   3.507 0.000
 25.302778  25.316667   825.174   52.535   3.010 0.000
 25.365278  25.379167  1048.235   66.736   3.823 0.000
 25.410417  25.424306  1063.191   67.811   4.382 0.000
 25.500694  25.514583  1057.762   67.465   4.360 0.000
 25.545833  25.559722  1095.979   70.088   5.188 0.000
 25.636111  25.650000  1078.293   68.957   5.105 0.000
 25.681250  25.695139  1048.329   67.096   5.145 0.000
 25.771528  25.785417  1040.102   66.569   5.105 0.000
 25.844444  25.858333  1085.220   69.443   5.280 0.000
 25.906944  25.920833  1124.762   71.973   5.473 0.000
 25.952083  25.965972  1127.202   72.071   5.289 0.000
 26.042361  26.056250  1381.404   88.324   6.481 0.000
 26.087500  26.101389  1211.889   77.506   5.756 0.000
 26.178472  26.192361  1265.118   80.911   6.009 0.000
 26.223611  26.237500  1291.426   82.700   6.483 0.000
 26.313889  26.327778  1325.580   84.887   6.654 0.000
 26.386806  26.400694  1385.088   88.877   7.504 0.000
 26.449306  26.463194  1469.873   94.317   7.964 0.000
 26.494444  26.508333  1489.004   95.620   8.287 0.000
 26.584722  26.598611  1530.743   98.301   8.520 0.000
 26.629861  26.643750  1577.873  101.400   8.990 0.000
 26.720139  26.734028  1530.166   98.334   8.718 0.000
 26.765278  26.779167  1604.828  103.190   9.305 0.000
 26.855556  26.869444  1417.128   91.060   8.046 0.000
 26.928472  26.942361  1417.962   91.219   8.344 0.000
 26.990972  27.004861  1350.422   86.798   7.734 0.000
 27.036111  27.050000  1279.777   82.310   7.476 0.000
 27.126389  27.140278  1222.784   78.575   6.949 0.000
 27.171528  27.185417  1227.391   78.922   7.119 0.000
 27.261806  27.275694  1380.083   88.693   7.873 0.000
 27.306944  27.320833  1403.397   90.293   8.287 0.000
 27.397222  27.411111  1381.949   88.832   7.937 0.000
 27.470139  27.484028  1375.815   88.357   7.673 0.000
 27.532639  27.546528  1299.573   83.411   7.103 0.000
 27.577778  27.591667  1277.806   81.868   6.543 0.000
 27.893750  27.907639  1368.578   87.900   7.654 0.000
 27.938889  27.952778  1349.303   86.604   7.378 0.000
 28.029167  28.043056  1446.117   92.890   8.117 0.000
 28.074306  28.088194  1412.289   90.721   7.938 0.000
 28.164583  28.178472  1440.019   92.536   8.189 0.000
 28.209722  28.223611  1577.254  101.254   8.682 0.000
 28.300000  28.313889  1759.431  112.878   9.476 0.000
 28.345139  28.359028  1646.271  105.609   8.838 0.000
 28.435417  28.449306  1408.822   90.227   7.102 0.000
 28.480556  28.494444  1529.389   97.948   7.709 0.000
 28.570833  28.584722  1744.902  111.563   8.180 0.000
 28.615972  28.629861  1629.653  104.182   7.595 0.000
 28.706250  28.720139  1666.982  106.477   7.449 0.000
 28.751389  28.765278  1680.724  107.354   7.511 0.000
 28.841667  28.855556  1978.469  126.376   8.853 0.000
 28.886806  28.900694  1953.094  124.766   8.779 0.000
 28.977083  28.990972  1932.547  123.505   8.867 0.000
 29.022222  29.036111  1917.716  122.609   8.977 0.000
 29.112500  29.126389  1785.570  114.084   8.097 0.000
 29.157639  29.171528  1741.353  111.294   8.017 0.000
 29.744444  29.758333  1236.779   78.862   5.018 0.000
 29.789583  29.803472  1560.416   99.488   6.291 0.000
 29.879861  29.893750  1767.483  112.557   6.577 0.000
 29.925000  29.938889  1795.484  114.311   6.557 0.000
 30.015278  30.029167  1831.602  116.617   6.716 0.000
 30.060417  30.074306  1833.474  116.688   6.511 0.000
 30.202778  30.216667  1845.399  117.345   6.080 0.000
 30.293056  30.306944  1787.090  113.674   6.064 0.000
 30.338194  30.352083  1736.109  110.495   6.183 0.000
 30.428472  30.442361  1701.306  108.241   5.879 0.000
 30.473611  30.487500  1688.848  107.477   5.969 0.000
 30.563889  30.577778  1653.218  105.242   5.986 0.000
 30.636806  30.650694  1606.357  102.206   5.580 0.000
 30.699306  30.713194  1622.726  103.248   5.637 0.000
 30.744444  30.758333  1645.127  104.666   5.681 0.000
 30.834722  30.848611  1583.646  100.754   5.469 0.000
 30.879861  30.893750  1574.496  100.274   5.891 0.000
 30.970139  30.984028  1355.494   86.327   5.071 0.000
 31.015278  31.029167  1157.453   73.720   4.356 0.000
 31.105556  31.119444  1175.233   74.853   4.423 0.000
 31.178472  31.192361  1167.059   74.348   4.457 0.000
 31.241667  31.255556   954.847   60.829   3.646 0.000
 31.286806  31.300694   827.321   52.697   3.128 0.000
 31.377083  31.390972   882.752   56.228   3.337 0.000
 31.422222  31.436111   936.413   59.633   3.486 0.000
 31.512500  31.526389  1164.739   74.173   4.337 0.000
 31.557639  31.571528  1251.128   79.705   4.787 0.000
 31.647917  31.661806  1376.367   87.684   5.266 0.000
 31.720833  31.734722  1369.994   87.289   5.288 0.000
 31.783333  31.797222  1320.071   84.108   5.095 0.000
 31.828472  31.842361  1335.561   85.072   5.060 0.000
 31.918750  31.932639  1401.896   89.298   5.311 0.000
 31.963889  31.977778  1389.524   88.498   5.217 0.000
 32.054167  32.068056  1277.762   81.380   4.797 0.000
 32.099306  32.113194  1330.812   84.766   5.025 0.000
 32.189583  32.203472  1025.719   65.333   3.873 0.000
 32.262500  32.276389   992.328   63.238   3.879 0.000
 32.325000  32.338889  1029.261   65.592   4.024 0.000
 32.370139  32.384028   936.263   59.659   3.635 0.000
 32.460417  32.474306   857.369   54.632   3.328 0.000
 32.505556  32.519444   759.657   48.384   2.859 0.000
 32.595833  32.609722   787.447   50.154   2.964 0.000
 32.640972  32.654861   805.889   51.326   3.022 0.000
 32.731250  32.745139  1050.917   66.931   3.940 0.000
 32.804167  32.818056  1294.552   82.404   4.664 0.000
 32.866667  32.880556  1318.430   83.924   4.750 0.000
 32.911806  32.925694  1213.109   77.101   3.810 0.000
 33.002083  33.015972   989.100   62.864   3.106 0.000
 33.047222  33.061111  1072.927   68.126   3.018 0.000
 33.137500  33.151389  1431.000   90.862   4.025 0.000
 33.182639  33.196528  1483.051   94.155   4.103 0.000
 33.272917  33.286806  1678.781  106.581   4.645 0.000
 33.345833  33.359722  1740.157  110.510   4.996 0.000
 33.408333  33.422222  1765.226  112.102   5.068 0.000
 33.453472  33.467361  2072.241  131.630   6.116 0.000
 33.543750  33.557639  2196.507  139.523   6.483 0.000
 33.588889  33.602778  2158.663  137.104   6.286 0.000
 33.679167  33.693056  2322.793  147.528   6.764 0.000
 33.724306  33.738194  2273.229  144.395   6.704 0.000
 33.814583  33.828472  2303.109  146.293   6.792 0.000
 33.887500  33.901389  2363.617  150.089   6.705 0.000
 33.950000  33.963889  2401.378  152.436   6.522 0.000
 33.995139  34.009028  2407.716  152.876   6.756 0.000
 34.085417  34.099306  2450.103  155.569   6.886 0.000
 34.130556  34.144444  2487.067  157.967   7.272 0.000
 34.220833  34.234722  2460.121  156.195   6.859 0.000
 34.265972  34.279861  2476.936  157.162   6.309 0.000
 34.356250  34.370139 99999.999 9999.999 999.999 0.999
 34.473611  34.487500 99999.999 9999.999 999.999 0.999
 34.518750  34.532639 99999.999 9999.999 999.999 0.999
 34.636806  34.650694 99999.999 9999.999 999.999 0.999
 34.654167  34.668056 99999.999 9999.999 999.999 0.999
 34.990278  35.004167  2192.805  139.141   5.629 0.000
 35.035417  35.049306  2212.340  140.381   5.679 0.000
 35.125694  35.139583  2291.791  145.566   6.711 0.000
 35.170833  35.184722  2352.428  149.417   6.889 0.000
 35.261111  35.275000  2358.117  150.103   8.488 0.000
 35.306250  35.320139  2497.344  158.966   8.989 0.000
 35.396528  35.410417 99999.999 9999.999 999.999 0.999
 35.493056  35.506944  2688.465  171.790  12.252 0.000
 35.538194  35.552083  2467.686  157.711  11.346 0.000
 35.628472  35.642361  1647.001  105.268   7.598 0.000
 35.673611  35.687500  1331.615   85.110   6.143 0.000
 35.763889  35.777778  1226.161   78.324   5.494 0.000
 35.809028  35.822917  1314.798   83.986   5.891 0.000
 35.927083  35.940972  1326.574   84.798   6.156 0.000
 35.944444  35.958333  1331.563   85.117   6.179 0.000
 36.034722  36.048611  1272.526   81.497   6.411 0.000
 36.079861  36.093750  1193.630   76.444   6.014 0.000
 36.666667  36.680556  1654.333  105.943   8.316 0.000
 36.711806  36.725694  1815.765  116.201   8.870 0.000
 36.802083  36.815972  2182.044  139.747  10.999 0.000
 36.847222  36.861111  2373.927  152.037  11.970 0.000
 36.937500  36.951389  2365.400  151.549  12.110 0.000
 36.982639  36.996528  2346.163  150.420  12.332 0.000
 37.072917  37.086806  2366.337  151.808  12.723 0.000
 37.118056  37.131944  2371.683  152.275  13.116 0.000
 37.260417  37.274306  2469.295  158.754  14.258 0.000
 37.350694  37.364583  2802.314  179.840  15.253 0.000
 37.395833  37.409722  2844.662  182.783  16.134 0.000
 37.486111  37.500000  2757.730  177.124  15.432 0.000
 37.531250  37.545139  2700.235  173.540  15.420 0.000
 37.621528  37.635417  2633.125  169.297  15.233 0.000
 37.666667  37.680556  2648.449  170.183  15.041 0.000
 37.756944  37.770833  2800.150  180.138  16.479 0.000
 37.802083  37.815972  2713.167  174.350  15.434 0.000
 37.892361  37.906250  2724.418  175.073  15.498 0.000
 37.937500  37.951389  2583.863  165.889  14.263 0.000
 38.027778  38.041667  1882.287  120.846  10.391 0.000
 38.072917  38.086806  1950.304  125.273  10.939 0.000
 38.163194  38.177083  1813.825  116.561  10.328 0.000
 38.208333  38.222222  1394.795   89.705   8.141 0.000
 38.298611  38.312500  1495.102   96.156   8.727 0.000
 38.343750  38.357639  1531.268   98.604   9.269 0.000
 38.434028  38.447917  1503.955   96.845   9.104 0.000
 38.479167  38.493056  1484.090   95.514   8.843 0.000
 38.570139  38.584028  1659.540  106.806   9.888 0.000
 38.615278  38.629167  1709.819  110.039  10.181 0.000
 38.705556  38.719444  1821.232  117.209  10.845 0.000
 38.750694  38.764583  1844.379  118.705  11.000 0.000
 38.840972  38.854861  1892.292  121.789  11.285 0.000
 38.886111  38.900000  1782.614  114.769  10.736 0.000
 38.976389  38.990278  1711.273  110.176  10.306 0.000
 39.021528  39.035417  1692.788  108.854   9.836 0.000
 39.111806  39.125694  1743.353  112.105  10.130 0.000
 39.156944  39.170833  1746.506  112.094   9.540 0.000
 39.247222  39.261111  1688.622  108.379   9.223 0.000
 39.292361  39.306250  1743.795  111.683   8.801 0.000
 39.382639  39.396528  1771.533  113.460   8.941 0.000
 39.427778  39.441667  1669.141  106.767   7.986 0.000
 39.518056  39.531944  1865.277  119.313   8.924 0.000
 39.563194  39.577083  2106.578  134.685   9.867 0.000
 39.653472  39.667361  2273.476  145.356  10.649 0.000
 39.698611  39.712500  2421.527  154.762  11.136 0.000
 39.788889  39.802778  2020.177  129.111   9.290 0.000
 39.834028  39.847917  1872.687  119.744   8.815 0.000
 39.924306  39.938194  1931.138  123.482   9.090 0.000
 39.969444  39.983333  2029.283  129.984  10.294 0.000
 40.059722  40.073611  2148.026  137.590  10.896 0.000
 40.104861  40.118750  2132.610  136.362  10.032 0.000
 40.195139  40.209028  2153.383  137.690  10.130 0.000
 40.240278  40.254167  2155.838  137.653   9.458 0.000
 40.330556  40.344444  2149.732  137.263   9.431 0.000
 40.375694  40.389583  2178.804  138.935   8.864 0.000
 40.465972  40.479861  2126.370  135.592   8.651 0.000
 40.511111  40.525000  2185.321  139.283   8.620 0.000
 40.601389  40.615278  2213.822  141.099   8.732 0.000
 40.646528  40.660417  2211.029  140.981   8.959 0.000
 40.736806  40.750694  2150.349  137.112   8.713 0.000
 40.781944  40.795833  2152.971  137.257   8.635 0.000
 40.872222  40.886111  2200.321  140.249   8.720 0.000
 40.917361  40.931250  2210.624  140.805   8.345 0.000
 41.007639  41.021528  2249.153  143.306   8.688 0.000
 41.052778  41.066667  2238.973  142.697   8.810 0.000
 41.143056  41.156944  2177.446  138.725   8.360 0.000
 41.188194  41.202083  2210.736  140.901   8.715 0.000
 41.278472  41.292361  2139.677  136.307   8.165 0.000
 41.323611  41.337500  2135.574  136.095   8.352 0.000
 41.413889  41.427778  2148.871  136.912   8.281 0.000
 41.459028  41.472917  2138.317  136.201   8.078 0.000
 41.549306  41.563194  2101.949  134.122   8.889 0.000
 41.594444  41.608333  2099.034  133.868   8.615 0.000
 41.911111  41.925000  2238.869  142.771   9.131 0.000
 41.956250  41.970139  2244.367  143.237   9.593 0.000
 42.046528  42.060417  2221.543  141.632   8.925 0.000
 42.091667  42.105556  2217.906  141.469   9.178 0.000
 42.181944  42.195833  2219.835  141.633   9.343 0.000
 42.227083  42.240972  2191.969  139.845   9.188 0.000
 42.345139  42.359028  1781.168  113.670   7.594 0.000
 42.362500  42.376389  1731.854  110.503   7.310 0.000
 42.452778  42.466667  2062.452  131.593   8.686 0.000
 42.497917  42.511806  2058.954  131.369   8.671 0.000
 42.588194  42.602083  2069.746  132.043   8.658 0.000
 42.633333  42.647222  2078.863  132.599   8.599 0.000
 42.723611  42.737500  2074.396  132.609   9.653 0.000
 42.768750  42.782639  2129.584  136.137   9.910 0.000
 42.886806  42.900694  2303.601  147.488  11.473 0.000
 42.904167  42.918056  2367.516  151.580  11.791 0.000
 42.994444  43.008333  2452.341  156.914  11.897 0.000
 43.039583  43.053472  2415.817  154.575  11.711 0.000
 43.129861  43.143750  2464.868  157.800  12.232 0.000
 43.175000  43.188889  2359.902  151.187  12.051 0.000
 43.761806  43.775694  2233.294  143.282  12.033 0.000
 43.806944  43.820833  2330.688  149.646  12.897 0.000
 43.897222  43.911111  2179.636  140.018  12.266 0.000
 43.970139  43.984028  2194.578  140.939  12.238 0.000
 44.032639  44.046528  2239.743  143.839  12.490 0.000
 44.077778  44.091667  2230.385  143.167  12.230 0.000
 44.220139  44.234028  1944.490  124.699  10.317 0.000
 44.310417  44.324306  1749.852  112.249   9.381 0.000
 44.355556  44.369444  1735.741  111.307   9.193 0.000
 44.445833  44.459722  1832.484  117.570   9.883 0.000
 44.490972  44.504861  1865.667  119.700  10.066 0.000
 44.581250  44.595139  2362.205  151.709  13.188 0.000
 44.626389  44.640278  2408.946  154.700  13.418 0.000
 44.716667  44.730556  2388.760  153.496  13.567 0.000
 44.761806  44.775694  2376.902  152.301  12.215 0.000
 44.852083  44.865972  2446.221  156.742  12.572 0.000
 44.897222  44.911111  2530.236  161.922  12.353 0.000
 44.987500  45.001389  2594.376  166.123  12.977 0.000
