data/obs/c2h6/WDCGG/event/CH0001G.20120101011900.20170425145159.online_gc.ethane.air.1y.2h.CH01L_Agilent_GC-MS-MEDUSA_Medusa-12_JFJ.CH01L_VOC_AIR_MEDUSA-12.lev2.nas
68 1001
Hill, Matz; Reimann, Stefan
CH01L, Swiss Federal Laboratories for Materials Science and Technology, EMPA, Section Air Pollution, Überlandstrasse 133, , 8600, Dübendorf, Switzerland
Hill, Matz
ACTRIS EMEP GAW-WDCGG-node GAW-WDCRG
1 1
2012 01 01 2017 04 25
0
days from file reference point
5
1 1 1 1 1
999.999999 99999.999 9999.999 999.999 9.999
end_time of measurement, days from the file reference point
ethane, pmol/mol, Statistics=arithmetic mean, Detection limit=1.1 pmol/mol
ethane, pmol/mol, Statistics=expanded uncertainty 2sigma
ethane, pmol/mol, Statistics=precision
numflag, no unit
0
49
Data definition:              EBAS_1.1
Set type code:                TI
Timezone:                     UTC
File name:                    CH0001G.20120101011900.20170425145159.online_gc.ethane.air.1y.2h.CH01L_Agilent_GC-MS-MEDUSA_Medusa-12_JFJ.CH01L_VOC_AIR_MEDUSA-12.lev2.nas
File creation:                20190306184543
Startdate:                    20120101011900
Revision date:                20170425145159
Version:                      3
Version description:          second revision, manually inspected
Data level:                   2
Period code:                  1y
Resolution code:              2h
Sample duration:              20mn
Orig. time res.:              2h
Station code:                 CH0001G
Platform code:                CH0001S
Station name:                 Jungfraujoch
Station GAW-ID:               JFJ
Station latitude:             46.5475
Station longitude:            7.985
Station altitude:             3578.0m
Measurement height:           4.0m
Regime:                       IMG
Component:                    ethane
Unit:                         pmol/mol
Matrix:                       air
Instrument type:              online_gc
Laboratory code:              CH01L
Instrument name:              Agilent_GC-MS-MEDUSA_Medusa-12_JFJ
Instrument manufacturer:      AGAGE+Agilent+Agilent
Instrument model:             MEDUSA+6890N+5975B
Instrument serial number:     Medusa-12
Method ref:                   CH01L_VOC_AIR_MEDUSA-12
Standard method:              None
Calibration scale:            SIO-p
Inlet type:                   Hat or hood
Inlet description:            above the roof
Volume std. temperature:      273.15 K
Volume std. pressure:         1013.25 hPa
Detection limit expl.:        Determined by instrument counting statistics, no detection limit flag used
Measurement uncertainty expl.: Includes reproducibility (precision) + systematic errors (accuracy)
Zero/negative values code:    Zero/negative impossible
Zero/negative values:         Zero and neg. values don't appear because data was processed and zero/neg data taken out
Originator:                   Hill, Matz, matthias.hill@empa.ch, Swiss Federal Laboratories for Materials Science and Technology, Empa, Air Pollution/Environmental Technology, Ueberlandstrasse 129, , CH-8600, Duebendorf, Switzerland
Originator:                   Reimann, Stefan, , , , , , , , , 
Submitter:                    Hill, Matz, matthias.hill@empa.ch, Swiss Federal Laboratories for Materials Science and Technology, Empa, Air Pollution/Environmental Technology, Ueberlandstrasse 129, , CH-8600, Duebendorf, Switzerland
Acknowledgement:              Request acknowledgement details from data originator
Comment:                      "No SOP currently available, MEDUSA. Sample volume: 2L, trap at -170degC, trap material Hayesep D, Nafion dryer, no O3 removal, 2-hourly calibration interval"
starttime endtime C2H6 C2H6 C2H6 flag
[from data line 582]
 43.586111  43.600000 99999.999 9999.999 999.999 0.999
 43.669444  43.683333 99999.999 9999.999 999.999 0.999
 43.711111  43.725000 99999.999 9999.999 999.999 0.999
 43.794444  43.808333 99999.999 9999.999 999.999 0.999
 43.836111  43.850000 99999.999 9999.999 999.999 0.999
 43.919444  43.933333 99999.999 9999.999 999.999 0.999
 43.961111  43.975000 99999.999 9999.999 999.999 0.999
 44.044444  44.058333 99999.999 9999.999 999.999 0.999
 44.086111  44.100000 99999.999 9999.999 999.999 0.999
 44.294444  44.308333 99999.999 9999.999 999.999 0.999
 44.336111  44.350000 99999.999 9999.999 999.999 0.999
 44.419444  44.433333 99999.999 9999.999 999.999 0.999
 44.461111  44.475000 99999.999 9999.999 999.999 0.999
 44.544444  44.558333 99999.999 9999.999 999.999 0.999
 44.586111  44.600000 99999.999 9999.999 999.999 0.999
 44.669444  44.683333 99999.999 9999.999 999.999 0.999
 44.711111  44.725000 99999.999 9999.999 999.999 0.999
 44.794444  44.808333 99999.999 9999.999 999.999 0.999
 44.836111  44.850000 99999.999 9999.999 999.999 0.999
 44.919444  44.933333 99999.999 9999.999 999.999 0.999
 44.961111  44.975000 99999.999 9999.999 999.999 0.999
 45.169444  45.183333 99999.999 9999.999 999.999 0.999
 45.211111  45.225000 99999.999 9999.999 999.999 0.999
 45.294444  45.308333 99999.999 9999.999 999.999 0.999
 45.336111  45.350000 99999.999 9999.999 999.999 0.999
 45.419444  45.433333 99999.999 9999.999 999.999 0.999
 45.461111  45.475000 99999.999 9999.999 999.999 0.999
 45.544444  45.558333 99999.999 9999.999 999.999 0.999
 45.586111  45.600000 99999.999 9999.999 999.999 0.999
 45.669444  45.683333 99999.999 9999.999 999.999 0.999
 45.711111  45.725000 99999.999 9999.999 999.999 0.999
 45.794444  45.808333 99999.999 9999.999 999.999 0.999
 45.836111  45.850000 99999.999 9999.999 999.999 0.999
 46.633333  46.647222 99999.999 9999.999 999.999 0.999
 46.675000  46.688889 99999.999 9999.999 999.999 0.999
 46.758333  46.772222 99999.999 9999.999 999.999 0.999
 46.800000  46.813889 99999.999 9999.999 999.999 0.999
 46.883333  46.897222  1491.297   95.738   8.214 0.000
 46.925000  46.938889  1492.261   95.800   8.219 0.000
 47.008333  47.022222  1519.248   97.186   7.293 0.000
 47.050000  47.063889  1459.603   93.371   7.007 0.000
 47.133333  47.147222  1398.948   89.489   6.710 0.000
 47.175000  47.188889  1393.266   89.100   6.596 0.000
 47.258333  47.272222  1365.297   87.262   6.296 0.000
 47.300000  47.313889  1342.908   85.825   6.170 0.000
 47.508333  47.522222  1352.162   86.327   5.896 0.000
 47.550000  47.563889  1323.198   84.434   5.606 0.000
 47.633333  47.647222  1410.046   89.941   5.843 0.000
 47.675000  47.688889  1379.122   87.969   5.714 0.000
 47.758333  47.772222  1420.924   90.864   6.713 0.000
 47.800000  47.813889  1354.556   86.612   6.371 0.000
 47.883333  47.897222  1337.172   85.501   6.289 0.000
 47.925000  47.938889  1271.734   81.273   5.831 0.000
 48.008333  48.022222  1239.845   79.210   5.597 0.000
 48.050000  48.063889  1305.612   83.527   6.291 0.000
 48.133333  48.147222  1264.113   80.819   5.913 0.000
 48.175000  48.188889  1209.103   77.446   6.127 0.000
 48.841667  48.855556  1292.559   82.641   6.056 0.000
 48.883333  48.897222  1284.112   82.147   6.172 0.000
 48.966667  48.980556  1257.075   80.409   6.014 0.000
 49.008333  49.022222  1253.013   80.199   6.159 0.000
 49.091667  49.105556  1292.044   82.647   6.186 0.000
 49.133333  49.147222  1313.039   84.041   6.455 0.000
 49.216667  49.230556  1344.409   85.996   6.434 0.000
 49.258333  49.272222  1357.813   86.902   6.659 0.000
 49.341667  49.355556  1380.687   88.368   6.776 0.000
 49.383333  49.397222  1475.566   94.505   7.450 0.000
 49.466667  49.480556  1642.620  105.204   8.293 0.000
 49.508333  49.522222  1572.128  100.694   7.953 0.000
 49.716667  49.730556  1927.395  123.598  10.212 0.000
 49.758333  49.772222  1853.988  118.662   9.103 0.000
 49.841667  49.855556  1724.246  110.337   8.398 0.000
 49.883333  49.897222  1734.934  111.021   8.450 0.000
 49.966667  49.980556  1712.510  109.669   8.611 0.000
 50.008333  50.022222  1733.844  111.036   8.718 0.000
 50.091667  50.105556  1827.861  116.847   8.499 0.000
 50.133333  50.147222  1829.070  116.924   8.505 0.000
 50.216667  50.230556  1779.360  113.228   6.248 0.000
 50.258333  50.272222  1746.552  111.141   6.133 0.000
 50.341667  50.355556  1554.753   98.956   5.552 0.000
 50.383333  50.397222  1568.020   99.801   5.599 0.000
 50.591667  50.605556 99999.999 9999.999 999.999 0.999
 50.633333  50.647222 99999.999 9999.999 999.999 0.999
 50.716667  50.730556 99999.999 9999.999 999.999 0.999
 50.758333  50.772222 99999.999 9999.999 999.999 0.999
 50.841667  50.855556 99999.999 9999.999 999.999 0.999
 50.883333  50.897222 99999.999 9999.999 999.999 0.999
 50.966667  50.980556 99999.999 9999.999 999.999 0.999
 51.008333  51.022222 99999.999 9999.999 999.999 0.999
 51.091667  51.105556 99999.999 9999.999 999.999 0.999
 51.133333  51.147222 99999.999 9999.999 999.999 0.999
 51.216667  51.230556 99999.999 9999.999 999.999 0.999
 51.258333  51.272222 99999.999 9999.999 999.999 0.999
 51.585417  51.599306 99999.999 9999.999 999.999 0.999
 51.627083  51.640972 99999.999 9999.999 999.999 0.999
 51.710417  51.724306 99999.999 9999.999 999.999 0.999
 51.752083  51.765972 99999.999 9999.999 999.999 0.999
 51.835417  51.849306  1636.579  104.194   5.975 0.000
 51.877083  51.890972  1634.022  104.031   5.966 0.000
 51.960417  51.974306  1629.709  103.716   5.772 0.000
 52.002083  52.015972  1606.521  102.241   5.690 0.000
 52.085417  52.099306  1582.956  100.678   5.318 0.000
 52.127083  52.140972  1550.548   98.617   5.210 0.000
 52.210417  52.224306  1542.165   98.040   4.971 0.000
 52.252083  52.265972  1471.165   93.650   5.314 0.000
 52.460417  52.474306  1537.274   98.070   6.420 0.000
 52.502083  52.515972  1488.992   94.990   6.218 0.000
 52.585417  52.599306  1549.146   98.773   6.260 0.000
 52.627083  52.640972  1579.624  100.717   6.383 0.000
 52.710417  52.724306  1582.043  100.821   6.195 0.000
 52.752083  52.765972  1701.656  108.444   6.663 0.000
 52.835417  52.849306  1791.147  114.119   6.900 0.000
 52.877083  52.890972  1697.513  108.154   6.539 0.000
 52.960417  52.974306  1956.727  124.760   7.905 0.000
 53.002083  53.015972  1946.858  124.131   7.865 0.000
 53.085417  53.099306  1720.365  109.924   7.821 0.000
 53.127083  53.140972  1900.401  121.452   8.726 0.000
 53.335417  53.349306  1299.290   82.942   5.629 0.000
 53.377083  53.390972  1597.343  101.969   6.921 0.000
 53.460417  53.474306  1368.200   87.336   5.909 0.000
 53.502083  53.515972  1214.105   77.500   5.244 0.000
 53.585417  53.599306  1201.192   76.692   5.248 0.000
 53.627083  53.640972  1170.686   74.744   5.115 0.000
 53.710417  53.724306  1217.095   77.701   5.294 0.000
 53.752083  53.765972  1542.166   98.453   6.708 0.000
 53.835417  53.849306  1257.379   80.263   5.435 0.000
 53.877083  53.890972  1186.741   75.754   5.130 0.000
 53.960417  53.974306  1202.892   76.813   5.300 0.000
 54.002083  54.015972  1275.304   81.437   5.619 0.000
 54.210417  54.224306  1166.236   74.498   5.232 0.000
 54.252083  54.265972  1167.184   74.558   5.236 0.000
 54.335417  54.349306  1155.154   73.540   4.202 0.000
 54.377083  54.390972  1189.261   75.711   4.326 0.000
 54.460417  54.474306  1196.690   76.189   4.372 0.000
 54.502083  54.515972  1121.136   71.378   4.096 0.000
 54.585417  54.599306  1150.674   73.257   4.193 0.000
 54.627083  54.640972  1110.804   70.718   4.048 0.000
 54.710417  54.724306  1066.936   67.925   3.886 0.000
 54.752083  54.765972  1096.473   69.806   3.994 0.000
 54.835417  54.849306  1133.155   72.135   4.104 0.000
 54.877083  54.890972  1111.422   70.725   3.906 0.000
 55.085417  55.099306   917.049   58.108   1.775 0.000
 55.127083  55.140972  1002.471   63.539   2.084 0.000
 55.210417  55.224306  1070.280   67.870   2.470 0.000
 55.252083  55.265972  1113.298   70.598   2.569 0.000
 55.335417  55.349306  1099.525   69.766   2.806 0.000
 55.377083  55.390972  1152.140   73.118   3.022 0.000
 55.460417  55.474306  1102.641   69.988   2.963 0.000
 55.502083  55.515972  1153.777   73.224   3.037 0.000
 55.585417  55.599306  1218.971   77.363   3.218 0.000
 55.627083  55.640972  1249.891   79.310   3.210 0.000
 55.710417  55.724306  1239.168   78.644   3.271 0.000
 55.752083  55.765972  1224.901   77.723   3.138 0.000
 56.418750  56.432639  2097.031  133.128   5.765 0.000
 56.460417  56.474306  2174.013  138.015   5.976 0.000
 56.543750  56.557639  2304.118  146.348   6.742 0.000
 56.585417  56.599306  2294.214  145.719   6.713 0.000
 56.668750  56.682639  2353.940  149.666   7.679 0.000
 56.710417  56.724306  2287.598  145.448   7.463 0.000
 56.793750  56.807639  2696.144  171.417   8.761 0.000
 56.835417  56.849306  3496.015  222.272  11.360 0.000
 56.918750  56.932639  1898.999  120.775   6.359 0.000
 56.960417  56.974306  1880.757  119.614   6.298 0.000
 57.043750  57.057639  2102.891  133.847   7.523 0.000
 57.085417  57.099306  2026.916  128.976   7.095 0.000
 57.293750  57.307639  2134.410  135.757   7.197 0.000
 57.335417  57.349306  2628.624  167.191   8.864 0.000
 57.418750  57.432639  2321.582  147.698   7.997 0.000
 57.460417  57.474306  2069.933  131.688   7.130 0.000
 57.543750  57.557639  2258.175  143.671   7.811 0.000
 57.585417  57.599306  2554.635  162.533   8.836 0.000
 57.668750  57.682639  1863.902  118.584   6.434 0.000
 57.710417  57.724306  1901.553  120.940   6.380 0.000
 57.793750  57.807639  1986.616  126.391   6.858 0.000
 57.835417  57.849306  1802.851  114.700   6.224 0.000
 57.918750  57.932639  1682.435  107.060   5.904 0.000
 57.960417  57.974306  1651.376  105.061   5.695 0.000
 58.168750  58.182639  1272.778   80.942   4.234 0.000
 58.210417  58.224306  1220.203   77.575   3.946 0.000
 58.293750  58.307639  1215.722   77.319   4.071 0.000
 58.335417  58.349306  1212.748   77.107   3.952 0.000
 58.418750  58.432639  1607.891  102.250   5.334 0.000
 58.460417  58.474306  1659.711  105.510   5.333 0.000
 58.543750  58.557639  1623.264  103.157   5.038 0.000
 58.585417  58.599306  1593.590  101.243   4.796 0.000
 58.668750  58.682639  1314.104   83.414   3.553 0.000
 58.752083  58.765972 99999.999 9999.999 999.999 0.999
 58.793750  58.807639   800.144   50.785   2.131 0.000
 58.877083  58.890972   808.498   51.315   2.153 0.000
 58.918750  58.932639 99999.999 9999.999 999.999 0.999
 59.002083  59.015972   881.443   55.956   2.412 0.000
 59.043750  59.057639   800.045   50.734   1.848 0.000
 59.127083  59.140972   756.163   47.949   1.733 0.000
 59.168750  59.182639   849.732   53.867   1.839 0.000
 59.252083  59.265972   684.932   43.420   1.482 0.000
 59.293750  59.307639   619.684   39.252   1.079 0.000
 59.377083  59.390972   603.201   38.204   1.021 0.000
 59.418750  59.432639   581.528   36.804   0.680 0.000
 59.502083  59.515972   587.293   37.167   0.663 0.000
 59.543750  59.557639   587.701   37.191   0.635 0.000
 59.627083  59.640972   594.222   37.605   0.653 0.000
 59.668750  59.682639   588.856   37.267   0.673 0.000
 59.960417  59.974306  1043.840   66.061   1.192 0.000
 60.002083  60.015972  1616.949  102.317   1.626 0.000
 60.085417  60.099306  2346.517  148.477   2.290 0.000
 60.127083  60.140972  2200.712  139.248   2.097 0.000
 60.210417  60.224306  2140.443  135.571   3.656 0.000
 60.252083  60.265972  2034.486  128.874   3.602 0.000
 60.336111  60.350000  1607.250  101.955   3.933 0.000
 60.377778  60.391667  1841.011  116.784   4.505 0.000
 60.461111  60.475000  2124.190  134.788   5.457 0.000
 60.502778  60.516667  2149.240  136.378   5.521 0.000
 60.586111  60.600000  1968.588  124.920   5.088 0.000
 60.627778  60.641667  1867.524  118.506   4.826 0.000
 60.711111  60.725000  1823.964  115.772   4.895 0.000
 60.752778  60.766667  1579.945  100.284   4.240 0.000
 60.836111  60.850000   767.495   48.751   2.263 0.000
 60.877778  60.891667   770.976   48.972   2.273 0.000
 60.961111  60.975000   619.689   39.364   1.837 0.000
 61.002778  61.016667   876.846   55.700   2.599 0.000
 61.086111  61.100000  1071.576   68.067   3.165 0.000
 61.127778  61.141667  1699.778  107.971   5.021 0.000
 61.211111  61.225000  1997.159  126.862   5.905 0.000
 61.252778  61.266667  1892.500  120.214   5.596 0.000
 61.336111  61.350000  2062.285  131.107   6.652 0.000
 61.377778  61.391667  2087.772  132.805   7.107 0.000
 61.461111  61.475000  2022.823  128.728   7.137 0.000
 61.502778  61.516667  2020.242  128.564   7.128 0.000
 61.586111  61.600000  1354.014   86.169   4.789 0.000
 61.627778  61.641667  1439.349   91.569   4.951 0.000
 61.711111  61.725000  1690.394  107.574   5.967 0.000
 61.752778  61.766667  1831.552  116.597   6.645 0.000
 61.836111  61.850000  1896.011  120.750   7.091 0.000
 61.877778  61.891667  2193.930  139.809   8.561 0.000
 61.961111  61.975000  2255.509  143.799   9.067 0.000
 62.002778  62.016667  2109.941  134.722   9.253 0.000
 62.086111  62.100000  1616.875  103.298   7.302 0.000
 62.127778  62.141667  1552.223   99.191   7.093 0.000
 62.669444  62.683333  1200.756   76.592   4.975 0.000
 62.711111  62.725000  1299.757   82.926   5.461 0.000
 62.794444  62.808333  1482.365   94.534   6.064 0.000
 62.836111  62.850000  1505.889   95.998   6.019 0.000
 62.919444  62.933333  1561.720   99.516   6.075 0.000
 62.961111  62.975000  1562.287   99.571   6.152 0.000
 63.044444  63.058333  1506.349   95.966   5.767 0.000
 63.086111  63.100000  1431.011   91.207   5.646 0.000
 63.169444  63.183333  1436.325   91.535   5.624 0.000
 63.211111  63.225000  1430.599   91.212   5.768 0.000
 63.294444  63.308333  1451.780   92.576   5.908 0.000
 63.336111  63.350000  1486.755   94.777   5.937 0.000
 63.419444  63.433333  1552.743   98.984   6.200 0.000
 63.461111  63.475000  1489.556   94.956   5.948 0.000
 63.544444  63.558333  1498.432   95.502   5.902 0.000
 63.586111  63.600000  1517.993   96.789   6.144 0.000
 63.669444  63.683333  1514.778   96.581   6.118 0.000
 63.711111  63.725000  1486.001   94.746   6.002 0.000
 63.794444  63.808333  1535.837   97.846   5.889 0.000
 63.836111  63.850000  1507.247   96.025   5.779 0.000
 63.919444  63.933333  1615.417  102.853   5.925 0.000
 63.961111  63.975000  1583.034  100.791   5.806 0.000
 64.044444  64.058333  1910.727  121.386   5.726 0.000
 64.086111  64.100000  1929.267  122.564   5.782 0.000
 64.169444  64.183333  2146.135  136.333   6.385 0.000
 64.211111  64.225000  2184.196  138.751   6.498 0.000
 64.294444  64.308333  2269.658  144.180   6.754 0.000
 64.336111  64.350000  2247.708  142.786   6.689 0.000
 64.419444  64.433333  2065.971  131.258   6.239 0.000
 64.461111  64.475000  2092.949  132.972   6.320 0.000
 64.544444  64.558333  2129.216  135.257   6.330 0.000
 64.586111  64.600000  2005.692  127.410   5.962 0.000
 64.669444  64.683333  2043.898  129.858   6.186 0.000
 64.711111  64.725000  2082.164  132.289   6.302 0.000
 64.794444  64.808333  2123.427  135.161   7.629 0.000
 64.836111  64.850000  2016.408  128.349   7.245 0.000
 64.919444  64.933333  2017.721  128.578   7.865 0.000
 64.961111  64.975000  2010.682  128.129   7.838 0.000
 65.044444  65.058333  2102.433  133.978   8.205 0.000
 65.086111  65.100000  2115.068  134.784   8.255 0.000
 65.169444  65.183333  2256.598  143.783   8.726 0.000
 65.211111  65.225000  2230.569  142.124   8.625 0.000
 65.294444  65.308333  2145.735  136.645   7.987 0.000
 65.336111  65.350000  2154.465  137.201   8.019 0.000
 65.419444  65.433333  2067.414  131.773   8.175 0.000
 65.461111  65.475000  2045.595  130.382   8.088 0.000
 65.544444  65.558333  1908.012  121.689   7.846 0.000
 65.586111  65.600000  1924.446  122.737   7.913 0.000
 65.669444  65.683333  1793.121  114.376   7.428 0.000
 65.711111  65.725000  1725.587  110.012   6.928 0.000
 65.794444  65.808333  1715.966  109.449   7.089 0.000
 65.836111  65.850000  1667.163  106.337   6.887 0.000
