data/obs/c2h6/WDCGG/event/CH0001G.20110101000500.20170425145159.online_gc.ethane.air.1y.2h.CH01L_Agilent_GC-MS-MEDUSA_Medusa-12_JFJ.CH01L_VOC_AIR_MEDUSA-12.lev2.nas
68 1001
Hill, Matz; Reimann, Stefan
CH01L, Swiss Federal Laboratories for Materials Science and Technology, EMPA, Section Air Pollution, Überlandstrasse 133, , 8600, Dübendorf, Switzerland
Hill, Matz
ACTRIS EMEP GAW-WDCGG-node GAW-WDCRG
1 1
2011 01 01 2017 04 25
0
days from file reference point
5
1 1 1 1 1
999.999999 99999 9999 999 9.999
end_time of measurement, days from the file reference point
ethane, pmol/mol, Statistics=arithmetic mean, Detection limit=1.1 pmol/mol
ethane, pmol/mol, Statistics=expanded uncertainty 2sigma
ethane, pmol/mol, Statistics=precision
numflag, no unit
0
49
Data definition:              EBAS_1.1
Set type code:                TI
Timezone:                     UTC
File name:                    CH0001G.20110101000500.20170425145159.online_gc.ethane.air.1y.2h.CH01L_Agilent_GC-MS-MEDUSA_Medusa-12_JFJ.CH01L_VOC_AIR_MEDUSA-12.lev2.nas
File creation:                20190306184543
Startdate:                    20110101000500
Revision date:                20170425145159
Version:                      3
Version description:          third revision, manually inspected
Data level:                   2
Period code:                  1y
Resolution code:              2h
Sample duration:              20mn
Orig. time res.:              2h
Station code:                 CH0001G
Platform code:                CH0001S
Station name:                 Jungfraujoch
Station GAW-ID:               JFJ
Station latitude:             46.5475
Station longitude:            7.985
Station altitude:             3578.0m
Measurement height:           4.0m
Regime:                       IMG
Component:                    ethane
Unit:                         pmol/mol
Matrix:                       air
Instrument type:              online_gc
Laboratory code:              CH01L
Instrument name:              Agilent_GC-MS-MEDUSA_Medusa-12_JFJ
Instrument manufacturer:      AGAGE+Agilent+Agilent
Instrument model:             MEDUSA+6890N+5975B
Instrument serial number:     Medusa-12
Method ref:                   CH01L_VOC_AIR_MEDUSA-12
Standard method:              None
Calibration scale:            SIO-p
Inlet type:                   Hat or hood
Inlet description:            above the roof
Volume std. temperature:      273.15 K
Volume std. pressure:         1013.25 hPa
Detection limit expl.:        Determined by instrument counting statistics, no detection limit flag used
Measurement uncertainty expl.: Includes reproducibility (precision) + systematic errors (accuracy)
Zero/negative values code:    Zero/negative impossible
Zero/negative values:         Zero and neg. values don't appear because data was processed and zero/neg data taken out
Originator:                   Hill, Matz, matthias.hill@empa.ch, Swiss Federal Laboratories for Materials Science and Technology, Empa, Air Pollution/Environmental Technology, Ueberlandstrasse 129, , CH-8600, Duebendorf, Switzerland
Originator:                   Reimann, Stefan, , , , , , , , , 
Submitter:                    Hill, Matz, matthias.hill@empa.ch, Swiss Federal Laboratories for Materials Science and Technology, Empa, Air Pollution/Environmental Technology, Ueberlandstrasse 129, , CH-8600, Duebendorf, Switzerland
Acknowledgement:              Request acknowledgement details from data originator
Comment:                      "No SOP currently available, MEDUSA. Sample volume: 2L, trap at -170degC, trap material Hayesep D, Nafion dryer, no O3 removal, 2-hourly calibration interval"
starttime endtime C2H6 C2H6 C2H6 flag
  0.003472   0.017361 99999 9999 999 0.999
  0.045139   0.059028 99999 9999 999 0.999
  0.128472   0.142361  1549   98   4 0.000
  0.170139   0.184028  1555   99   4 0.000
  0.253472   0.267361  1551   98   4 0.000
  0.295139   0.309028  1567   99   4 0.000
  0.378472   0.392361  1442   91   3 0.000
  0.420139   0.434028  1503   95   4 0.000
  0.503472   0.517361  1287   82   4 0.000
  0.545139   0.559028  1262   80   4 0.000
  0.628472   0.642361  1479   94   7 0.000
  0.670139   0.684028  1388   89   6 0.000
  0.753472   0.767361   969   62   4 0.000
  0.795139   0.809028  1092   70   5 0.000
  0.878472   0.892361  1156   74   5 0.000
  0.920139   0.934028  1315   84   6 0.000
  1.003472   1.017361  1274   81   5 0.000
  1.045139   1.059028  1334   85   6 0.000
  1.128472   1.142361  1562  100   8 0.000
  1.170139   1.184028  1488   95   7 0.000
  1.253472   1.267361  1411   90   7 0.000
  1.295139   1.309028  1467   94   7 0.000
  1.378472   1.392361  1361   87   7 0.000
  1.420139   1.434028  1293   83   7 0.000
  1.503472   1.517361  1099   70   6 0.000
  1.545139   1.559028  1120   72   6 0.000
  1.628472   1.642361  1133   72   5 0.000
  1.670139   1.684028  1181   75   5 0.000
  1.753472   1.767361  1125   72   5 0.000
  1.795139   1.809028  1174   75   5 0.000
  1.878472   1.892361  1393   89   7 0.000
  1.920139   1.934028  1439   92   7 0.000
  2.003472   2.017361  1482   95   7 0.000
  2.045139   2.059028  1516   97   7 0.000
  2.128472   2.142361  1408   90   6 0.000
  2.170139   2.184028  1499   96   6 0.000
  2.253472   2.267361  1339   85   5 0.000
  2.295139   2.309028  1303   83   5 0.000
  2.378472   2.392361  1353   86   5 0.000
  2.420139   2.434028  1340   85   5 0.000
  2.503472   2.517361  1324   84   3 0.000
  2.545139   2.559028  1312   83   3 0.000
  2.628472   2.642361  1255   80   3 0.000
  2.670139   2.684028  1270   81   3 0.000
  2.753472   2.767361  1182   75   3 0.000
  2.795139   2.809028  1061   67   3 0.000
  2.878472   2.892361  1091   69   3 0.000
  2.920139   2.934028  1116   71   3 0.000
  3.003472   3.017361  1120   71   3 0.000
  3.045139   3.059028  1138   72   3 0.000
  3.128472   3.142361  1066   68   3 0.000
  3.170139   3.184028  1049   67   3 0.000
  3.253472   3.267361  1064   68   3 0.000
  3.295139   3.309028  1087   69   3 0.000
  3.378472   3.392361  1147   73   4 0.000
  3.420139   3.434028  1188   76   4 0.000
  3.503472   3.517361  1194   76   5 0.000
  3.545139   3.559028  1308   83   5 0.000
  3.772917   3.786806 99999 9999 999 0.999
  4.504861   4.518750 99999 9999 999 0.999
  4.546528   4.560417 99999 9999 999 0.999
  4.629861   4.643750  1204   76   3 0.000
  4.671528   4.685417  1266   80   4 0.000
  4.754861   4.768750  1370   87   5 0.000
  4.796528   4.810417  1406   90   5 0.000
  4.879861   4.893750  1461   93   5 0.000
  4.921528   4.935417  1440   92   5 0.000
  5.004861   5.018750  1261   80   4 0.000
  5.046528   5.060417  1271   81   4 0.000
  5.129861   5.143750  1217   77   4 0.000
  5.171528   5.185417  1206   77   4 0.000
  5.254861   5.268750  1208   77   4 0.000
  5.296528   5.310417  1293   82   4 0.000
  5.379861   5.393750  1318   84   4 0.000
  5.421528   5.435417  1292   82   3 0.000
  5.504861   5.518750  1284   81   3 0.000
  5.546528   5.560417  1320   84   4 0.000
  5.629861   5.643750  1287   82   3 0.000
  5.671528   5.685417  1274   81   3 0.000
  5.754861   5.768750  1269   80   2 0.000
  5.796528   5.810417  1268   80   2 0.000
  5.879861   5.893750  1282   81   1 0.000
  5.921528   5.935417  1296   82   1 0.000
  6.005556   6.019444  1216   77   2 0.000
  6.047222   6.061111  1243   79   2 0.000
  6.130556   6.144444  1221   77   2 0.000
  6.172222   6.186111  1168   74   2 0.000
  6.255556   6.269444  1100   70   1 0.000
  6.297222   6.311111  1128   71   2 0.000
  6.380556   6.394444  1056   67   2 0.000
  6.422222   6.436111  1075   68   2 0.000
  6.505556   6.519444   968   61   2 0.000
  6.547222   6.561111   968   61   2 0.000
  6.630556   6.644444   946   60   2 0.000
  6.672222   6.686111   987   63   2 0.000
  6.922222   6.936111  1058   67   3 0.000
  6.963889   6.977778  1067   68   3 0.000
  7.047222   7.061111 99999 9999 999 0.999
  7.088889   7.102778 99999 9999 999 0.999
  7.172222   7.186111 99999 9999 999 0.999
  7.213889   7.227778 99999 9999 999 0.999
  7.297222   7.311111  1312   83   4 0.000
  7.338889   7.352778  1363   86   4 0.000
  7.422222   7.436111  1388   88   3 0.000
  7.463889   7.477778  1410   89   3 0.000
  7.547222   7.561111  1396   88   3 0.000
  7.588889   7.602778  1457   92   3 0.000
  7.672222   7.686111  1501   95   3 0.000
  7.713889   7.727778  1545   98   3 0.000
  7.797222   7.811111  1521   96   3 0.000
  7.838889   7.852778  1547   98   3 0.000
  7.922222   7.936111  1480   94   3 0.000
  7.963889   7.977778  1557   99   3 0.000
  8.047222   8.061111  1584  100   3 0.000
  8.088889   8.102778  1380   87   2 0.000
  8.172222   8.186111  1411   89   3 0.000
  8.213889   8.227778  1475   93   3 0.000
  8.297222   8.311111  1449   92   3 0.000
  8.338889   8.352778  1446   92   3 0.000
  8.422222   8.436111  1284   81   2 0.000
  8.463889   8.477778  1470   93   2 0.000
  8.547222   8.561111  1465   93   2 0.000
  8.588889   8.602778  1449   92   2 0.000
  8.672222   8.686111  1636  104   3 0.000
  8.713889   8.727778  1633  103   3 0.000
  8.797222   8.811111  1791  113   3 0.000
  8.838889   8.852778  1632  103   3 0.000
  8.922222   8.936111  1753  111   2 0.000
  8.963889   8.977778  1887  119   2 0.000
  9.047222   9.061111  1900  120   2 0.000
  9.088889   9.102778  1951  123   2 0.000
  9.172222   9.186111  1773  112   2 0.000
  9.213889   9.227778  1628  103   2 0.000
  9.297222   9.311111  1606  102   2 0.000
  9.338889   9.352778  1580  100   2 0.000
  9.422222   9.436111  1586  100   2 0.000
  9.463889   9.477778  1596  101   2 0.000
  9.547222   9.561111  1555   98   2 0.000
  9.588889   9.602778  1573  100   2 0.000
  9.672222   9.686111  1562   99   2 0.000
  9.713889   9.727778  1570   99   2 0.000
  9.797222   9.811111  1571   99   2 0.000
  9.838889   9.852778  1581  100   2 0.000
  9.922222   9.936111  1571   99   2 0.000
  9.963889   9.977778  1569   99   2 0.000
 10.047222  10.061111  1432   91   2 0.000
 10.088889  10.102778  1654  105   2 0.000
 10.630556  10.644444  1821  115   3 0.000
 10.672222  10.686111  1972  125   3 0.000
 10.755556  10.769444  1939  123   2 0.000
 10.797222  10.811111  1990  126   2 0.000
 10.880556  10.894444  2041  129   2 0.000
 10.922222  10.936111  2058  130   2 0.000
 11.005556  11.019444  1996  126   3 0.000
 11.047222  11.061111  1946  123   3 0.000
 11.130556  11.144444  2011  127   3 0.000
 11.172222  11.186111  1892  120   3 0.000
 11.255556  11.269444  1492   95   3 0.000
 11.297222  11.311111  1431   91   3 0.000
 11.380556  11.394444  1412   89   3 0.000
 11.422222  11.436111  1382   88   3 0.000
 11.505556  11.519444  1012   64   2 0.000
 11.547222  11.561111   950   60   2 0.000
 11.630556  11.644444   917   58   2 0.000
 11.672222  11.686111   952   60   2 0.000
 11.755556  11.769444   960   61   2 0.000
 11.797222  11.811111   950   60   2 0.000
 11.880556  11.894444   921   58   2 0.000
 11.922222  11.936111   937   59   2 0.000
 12.005556  12.019444  1058   67   2 0.000
 12.047222  12.061111  1049   66   2 0.000
 12.130556  12.144444   848   54   2 0.000
 12.172222  12.186111   831   53   2 0.000
 12.255556  12.269444   793   50   1 0.000
 12.297222  12.311111   800   51   1 0.000
 12.380556  12.394444   768   49   1 0.000
 12.422222  12.436111   744   47   1 0.000
 12.505556  12.519444   704   45   1 0.000
 12.547222  12.561111   724   46   1 0.000
 12.630556  12.644444   657   42   1 0.000
 12.672222  12.686111   747   47   1 0.000
 12.755556  12.769444   796   50   2 0.000
 12.797222  12.811111   817   52   2 0.000
 12.880556  12.894444   668   42   1 0.000
 12.922222  12.936111   710   45   1 0.000
 13.006250  13.020139   736   47   1 0.000
 13.047917  13.061806   878   56   2 0.000
 13.131250  13.145139   699   44   1 0.000
 13.172917  13.186806   706   45   1 0.000
 13.256250  13.270139   660   42   1 0.000
 13.297917  13.311806   681   43   1 0.000
 13.381250  13.395139   746   47   2 0.000
 13.422917  13.436806   881   56   2 0.000
 13.506250  13.520139   838   53   2 0.000
 13.547917  13.561806   828   53   2 0.000
 13.631250  13.645139   782   50   3 0.000
 13.672917  13.686806   823   52   3 0.000
 13.756250  13.770139   784   50   3 0.000
 13.797917  13.811806   785   50   3 0.000
 13.881250  13.895139   758   48   2 0.000
 13.922917  13.936806   830   53   3 0.000
 14.006250  14.020139   856   54   3 0.000
 14.047917  14.061806  1032   66   4 0.000
 14.131250  14.145139  1261   80   5 0.000
 14.172917  14.186806  1292   82   5 0.000
 14.256250  14.270139  1707  109   6 0.000
 14.297917  14.311806  1924  122   7 0.000
 14.381250  14.395139  1589  101   5 0.000
 14.422917  14.436806  1669  106   6 0.000
 14.506250  14.520139  1570  100   5 0.000
 14.547917  14.561806  1557   99   5 0.000
 14.631250  14.645139  1430   91   3 0.000
 14.672917  14.686806  1137   72   3 0.000
 14.756250  14.770139   971   62   2 0.000
 14.797917  14.811806  1028   65   2 0.000
 14.881250  14.895139   946   60   2 0.000
 14.922917  14.936806   803   51   2 0.000
 15.006250  15.020139   734   46   1 0.000
 15.047917  15.061806   751   48   1 0.000
 15.131250  15.145139  1000   63   1 0.000
 15.172917  15.186806   877   56   1 0.000
 15.256250  15.270139  1313   83   2 0.000
 15.297917  15.311806  1312   83   2 0.000
 15.381250  15.395139  1253   79   2 0.000
 15.422917  15.436806  1308   83   2 0.000
 15.506250  15.520139  1297   82   2 0.000
 15.547917  15.561806  1300   82   2 0.000
 15.631250  15.645139  1348   85   3 0.000
 15.672917  15.686806  1349   85   3 0.000
 15.756250  15.770139  1287   82   3 0.000
 15.797917  15.811806  1266   80   3 0.000
 15.881250  15.895139  1231   78   2 0.000
 15.922917  15.936806  1270   80   2 0.000
 16.006250  16.020139  1281   81   3 0.000
 16.047917  16.061806  1300   82   3 0.000
 16.131250  16.145139  1244   79   2 0.000
 16.172917  16.186806  1187   75   2 0.000
 16.256250  16.270139   998   63   2 0.000
 16.297917  16.311806   899   57   2 0.000
 16.381250  16.395139   783   50   1 0.000
 16.422917  16.436806   791   50   2 0.000
 16.550694  16.564583   852   54   2 0.000
 16.591667  16.605556   891   56   2 0.000
 16.675694  16.689583   849   54   2 0.000
 16.716667  16.730556  1073   68   3 0.000
 16.800694  16.814583   910   58   2 0.000
 16.841667  16.855556   983   62   3 0.000
 16.925694  16.939583   994   63   2 0.000
 16.966667  16.980556   987   63   2 0.000
 17.050694  17.064583   982   62   2 0.000
 17.091667  17.105556  1008   64   2 0.000
 17.175694  17.189583  1047   66   2 0.000
 17.216667  17.230556  1176   75   3 0.000
 17.300694  17.314583  1188   75   3 0.000
 17.341667  17.355556  1237   78   3 0.000
 17.425694  17.439583  1221   78   3 0.000
 17.466667  17.480556  1241   79   3 0.000
 17.550694  17.564583  1299   82   3 0.000
 17.591667  17.605556  1273   81   3 0.000
 17.675694  17.689583  1198   76   2 0.000
 17.716667  17.730556  1193   76   2 0.000
 17.800694  17.814583  1661  105   4 0.000
 17.841667  17.855556  1695  107   4 0.000
 17.925694  17.939583  1569  100   4 0.000
 17.966667  17.980556  1645  104   4 0.000
 18.050694  18.064583  1659  105   4 0.000
 18.091667  18.105556  1761  112   4 0.000
 18.175694  18.189583  1843  117   4 0.000
 18.216667  18.230556  1915  121   4 0.000
 18.300694  18.314583  1942  123   3 0.000
 18.341667  18.355556  1963  124   3 0.000
 18.425694  18.439583  2064  131   5 0.000
 18.466667  18.480556  2164  137   5 0.000
 18.550694  18.564583  2179  138   5 0.000
 18.591667  18.605556  2305  146   5 0.000
 18.675694  18.689583  2452  155   6 0.000
 18.716667  18.730556  2245  142   5 0.000
 18.800694  18.814583  2007  127   4 0.000
 18.841667  18.855556  1812  115   4 0.000
 18.925694  18.939583  1730  110   3 0.000
 18.966667  18.980556  1781  113   4 0.000
 19.050694  19.064583  1761  112   4 0.000
 19.091667  19.105556  1871  119   4 0.000
 19.175694  19.189583  1870  119   4 0.000
 19.218056  19.231944  1895  120   5 0.000
 19.300694  19.314583  1884  119   4 0.000
 19.343056  19.356944  1921  122   4 0.000
 19.425694  19.439583  2032  129   4 0.000
 19.468056  19.481944  2045  130   4 0.000
 19.550694  19.564583  2109  134   4 0.000
 19.593056  19.606944  2119  134   4 0.000
 19.675694  19.689583  2003  127   4 0.000
 19.718056  19.731944  1947  123   4 0.000
 19.800694  19.814583  2122  135   4 0.000
 19.843056  19.856944  2119  134   4 0.000
 19.925694  19.939583  2030  129   4 0.000
 19.968056  19.981944  2027  128   4 0.000
 20.050694  20.064583  1991  126   4 0.000
 20.093056  20.106944  2014  128   4 0.000
 20.175694  20.189583  1931  122   3 0.000
 20.218056  20.231944  1948  123   3 0.000
 20.300694  20.314583  1887  120   3 0.000
 20.343056  20.356944  1837  116   3 0.000
 20.425694  20.439583  1789  113   3 0.000
 20.468056  20.481944  1890  120   3 0.000
 20.550694  20.564583  1830  116   3 0.000
 20.593056  20.606944  1841  117   3 0.000
 20.675694  20.689583  1824  116   3 0.000
 20.718056  20.731944  1863  118   3 0.000
 20.800694  20.814583  1870  119   4 0.000
 20.843056  20.856944  1896  120   5 0.000
 20.925694  20.939583  2114  134   6 0.000
 20.968056  20.981944  2076  132   6 0.000
 21.050694  21.064583  2029  129   6 0.000
 21.093056  21.106944  2071  132   6 0.000
 21.343056  21.356944  1818  115   5 0.000
 21.384722  21.398611  1817  115   5 0.000
 21.468056  21.481944  1926  122   5 0.000
 21.509722  21.523611  1940  123   6 0.000
 21.593056  21.606944  1845  117   5 0.000
 21.634722  21.648611  1900  121   6 0.000
 21.718056  21.731944  1886  120   5 0.000
 21.759722  21.773611  1906  121   6 0.000
 21.843056  21.856944  1869  118   4 0.000
 21.884722  21.898611  1975  125   4 0.000
 21.968056  21.981944  1890  120   3 0.000
 22.009722  22.023611  1930  122   3 0.000
 22.093056  22.106944  1920  122   3 0.000
 22.134722  22.148611  1938  123   3 0.000
 22.218056  22.231944  1829  116   3 0.000
 22.259722  22.273611  1592  101   3 0.000
 22.343056  22.356944  1638  104   3 0.000
 22.384722  22.398611  1688  107   3 0.000
 22.468056  22.481944  1786  113   3 0.000
 22.509722  22.523611  1816  115   3 0.000
 22.593056  22.606944  1802  114   3 0.000
 22.634722  22.648611  1804  114   3 0.000
 22.718056  22.731944  1740  110   2 0.000
 22.759722  22.773611  1710  108   2 0.000
 22.843056  22.856944  1927  122   2 0.000
 22.884722  22.898611  1945  123   2 0.000
 22.968056  22.981944  1954  124   3 0.000
 23.009722  23.023611  1986  126   3 0.000
 23.093056  23.106944  1867  118   2 0.000
 23.134722  23.148611  1878  119   2 0.000
 23.218056  23.231944  1916  121   2 0.000
 23.259722  23.273611  1951  123   2 0.000
 23.343056  23.356944  1891  120   2 0.000
 23.384722  23.398611  1909  121   2 0.000
 23.468056  23.481944  1851  117   2 0.000
 23.509722  23.523611  1859  118   2 0.000
 23.593056  23.606944  1803  114   3 0.000
 23.634722  23.648611  1843  117   3 0.000
 23.718056  23.731944  1841  117   3 0.000
 23.759722  23.773611  1846  117   3 0.000
 23.843056  23.856944  1777  113   3 0.000
 23.884722  23.898611  1791  113   3 0.000
 23.968056  23.981944  1743  110   3 0.000
 24.009722  24.023611  1742  110   3 0.000
 24.093056  24.106944  1740  110   4 0.000
 24.134722  24.148611  1769  112   4 0.000
 24.218056  24.231944  1767  112   5 0.000
 24.259722  24.273611  1790  114   6 0.000
 24.343056  24.356944  1635  104   5 0.000
 24.384722  24.398611  1726  110   5 0.000
 24.468056  24.481944  1682  107   5 0.000
 24.509722  24.523611  1700  108   5 0.000
 24.593056  24.606944  1516   96   5 0.000
 24.634722  24.648611  1678  107   5 0.000
 24.718056  24.731944  1636  104   5 0.000
 24.759722  24.773611  1718  109   5 0.000
 24.843056  24.856944  1710  109   5 0.000
