data/obs/c2h6/WDCGG/event/CH0001G.20140101014600.20170425145159.online_gc.ethane.air.50w.2h.CH01L_Agilent_GC-MS-MEDUSA_Medusa-12_JFJ.CH01L_VOC_AIR_MEDUSA-12.lev2.nas
68 1001
Hill, Matz; Reimann, Stefan
CH01L, Swiss Federal Laboratories for Materials Science and Technology, EMPA, Section Air Pollution, Überlandstrasse 133, , 8600, Dübendorf, Switzerland
Hill, Matz
ACTRIS EMEP GAW-WDCGG-node GAW-WDCRG
1 1
2014 01 01 2017 04 25
0
days from file reference point
5
1 1 1 1 1
999.999999 99999.999 9999.999 999.999 9.999
end_time of measurement, days from the file reference point
ethane, pmol/mol, Statistics=arithmetic mean, Detection limit=1.1 pmol/mol
ethane, pmol/mol, Statistics=expanded uncertainty 2sigma
ethane, pmol/mol, Statistics=precision
numflag, no unit
0
49
Data definition:              EBAS_1.1
Set type code:                TI
Timezone:                     UTC
File name:                    CH0001G.20140101014600.20170425145159.online_gc.ethane.air.50w.2h.CH01L_Agilent_GC-MS-MEDUSA_Medusa-12_JFJ.CH01L_VOC_AIR_MEDUSA-12.lev2.nas
File creation:                20190306184544
Startdate:                    20140101014600
Revision date:                20170425145159
Version:                      3
Version description:          second revision, manually inspected
Data level:                   2
Period code:                  50w
Resolution code:              2h
Sample duration:              20mn
Orig. time res.:              2h
Station code:                 CH0001G
Platform code:                CH0001S
Station name:                 Jungfraujoch
Station GAW-ID:               JFJ
Station latitude:             46.5475
Station longitude:            7.985
Station altitude:             3578.0m
Measurement height:           4.0m
Regime:                       IMG
Component:                    ethane
Unit:                         pmol/mol
Matrix:                       air
Instrument type:              online_gc
Laboratory code:              CH01L
Instrument name:              Agilent_GC-MS-MEDUSA_Medusa-12_JFJ
Instrument manufacturer:      AGAGE+Agilent+Agilent
Instrument model:             MEDUSA+6890N+5975B
Instrument serial number:     Medusa-12
Method ref:                   CH01L_VOC_AIR_MEDUSA-12
Standard method:              None
Calibration scale:            SIO-p
Inlet type:                   Hat or hood
Inlet description:            above the roof
Volume std. temperature:      273.15 K
Volume std. pressure:         1013.25 hPa
Detection limit expl.:        Determined by instrument counting statistics, no detection limit flag used
Measurement uncertainty expl.: Includes reproducibility (precision) + systematic errors (accuracy)
Zero/negative values code:    Zero/negative impossible
Zero/negative values:         Zero and neg. values do not appear because data was processed and zero/neg data taken out
Originator:                   Hill, Matz, matthias.hill@empa.ch, Swiss Federal Laboratories for Materials Science and Technology, Empa, Air Pollution/Environmental Technology, Ueberlandstrasse 129, , CH-8600, Duebendorf, Switzerland
Originator:                   Reimann, Stefan, , , , , , , , , 
Submitter:                    Hill, Matz, matthias.hill@empa.ch, Swiss Federal Laboratories for Materials Science and Technology, Empa, Air Pollution/Environmental Technology, Ueberlandstrasse 129, , CH-8600, Duebendorf, Switzerland
Acknowledgement:              Request acknowledgement details from data originator
Comment:                      "No SOP currently available, MEDUSA. Sample volume: 2L, trap at -170degC, trap material Hayesep D, Nafion dryer, no O3 removal, 2-hourly calibration interval"
starttime endtime C2H6 C2H6 C2H6 flag
[from data line 2619]
213.668056 213.681944   868.971   55.071   1.762 0.000
213.713194 213.727083   817.429   51.801   1.628 0.000
213.803472 213.817361   849.231   53.822   1.737 0.000
213.848611 213.862500   831.697   52.705   1.653 0.000
213.938889 213.952778   802.901   50.887   1.652 0.000
213.984028 213.997917   808.729   51.248   1.593 0.000
214.074306 214.088194   799.002   50.640   1.644 0.000
214.119444 214.133333   787.375   49.897   1.575 0.000
214.254861 214.268750 99999.999 9999.999 999.999 0.999
214.345139 214.359028 99999.999 9999.999 999.999 0.999
214.390278 214.404167 99999.999 9999.999 999.999 0.999
214.480556 214.494444   699.358   44.278   1.014 0.000
214.553472 214.567361   691.585   43.789   1.034 0.000
214.615972 214.629861   763.173   48.321   1.141 0.000
214.661111 214.675000   777.599   49.236   1.172 0.000
214.751389 214.765278   789.044   49.960   1.189 0.000
214.796528 214.810417   868.832   55.006   1.238 0.000
214.886806 214.900694   909.495   57.580   1.296 0.000
214.931944 214.945833   892.341   56.494   1.272 0.000
215.022222 215.036111   961.924   60.899   1.372 0.000
215.095139 215.109028   989.544   62.645   1.379 0.000
215.157639 215.171528  1093.958   69.255   1.525 0.000
215.202778 215.216667  1084.898   68.678   1.477 0.000
215.293056 215.306944   983.334   62.249   1.338 0.000
215.338194 215.352083   961.088   60.837   1.263 0.000
215.428472 215.442361   969.595   61.376   1.274 0.000
215.473611 215.487500   998.702   63.220   1.342 0.000
215.563889 215.577778   986.136   62.425   1.325 0.000
215.636806 215.650694  1016.880   64.362   1.256 0.000
215.699306 215.713194   953.441   60.347   1.178 0.000
215.744444 215.758333   956.961   60.578   1.279 0.000
215.834722 215.848611   932.592   59.035   1.247 0.000
215.879861 215.893750   980.015   62.038   1.320 0.000
215.970139 215.984028  1021.095   64.637   1.357 0.000
216.015278 216.029167  1006.529   63.718   1.382 0.000
216.106250 216.120139  1020.964   64.628   1.354 0.000
216.179167 216.193056  1015.996   64.315   1.367 0.000
216.241667 216.255556  1002.114   63.437   1.353 0.000
216.286806 216.300694  1001.471   63.400   1.391 0.000
216.377083 216.390972  1094.263   69.270   1.468 0.000
216.422222 216.436111  1082.820   68.546   1.467 0.000
216.512500 216.526389  1072.430   67.887   1.433 0.000
216.557639 216.571528  1076.013   68.114   1.446 0.000
216.647917 216.661806  1052.149   66.603   1.400 0.000
216.720833 216.734722  1050.288   66.482   1.360 0.000
216.783333 216.797222  1078.797   68.315   1.713 0.000
216.828472 216.842361  1071.882   67.883   1.761 0.000
216.963889 216.977778  1287.821   81.605   2.525 0.000
217.009028 217.022917  1315.523   83.375   2.691 0.000
217.099306 217.113194  1255.965   79.612   2.656 0.000
217.144444 217.158333  1305.507   82.746   2.720 0.000
217.262500 217.276389  1325.116   84.000   2.843 0.000
217.279861 217.293750  1422.246   90.197   3.333 0.000
217.370139 217.384028  1119.966   71.040   2.708 0.000
217.415278 217.429167  1148.617   72.892   2.997 0.000
217.505556 217.519444  1177.932   74.762   3.130 0.000
217.550694 217.564583  1077.992   68.408   2.799 0.000
217.640972 217.654861  1058.818   67.188   2.731 0.000
217.686111 217.700000  1017.906   64.636   2.887 0.000
217.804167 217.818056  1036.304   65.810   2.969 0.000
217.821528 217.835417   999.333   63.462   2.864 0.000
217.911806 217.925694   903.611   57.398   2.668 0.000
217.956944 217.970833   780.570   49.598   2.385 0.000
218.047222 218.061111   765.648   48.649   2.340 0.000
218.092361 218.106250   719.263   45.721   2.295 0.000
218.182639 218.196528   763.180   48.583   2.761 0.000
218.227778 218.241667   781.684   49.787   2.940 0.000
218.345833 218.359722   807.352   51.424   3.047 0.000
218.363194 218.377083   851.672   54.247   3.214 0.000
218.453472 218.467361   845.821   53.843   3.057 0.000
218.498611 218.512500   847.965   54.008   3.188 0.000
218.588889 218.602778   876.460   55.983   3.917 0.000
218.634028 218.647917   888.292   56.782   4.120 0.000
218.950000 218.963889 99999.999 9999.999 999.999 0.999
218.995139 219.009028 99999.999 9999.999 999.999 0.999
219.085417 219.099306   741.624   47.932   4.936 0.000
219.130556 219.144444   741.672   48.017   5.132 0.000
219.220833 219.234722   791.634   51.357   5.719 0.000
219.265972 219.279861   924.141   59.831   6.395 0.000
219.356250 219.370139   814.145   52.755   5.740 0.000
219.429167 219.443056   781.473   50.705   5.661 0.000
219.491667 219.505556   766.369   49.622   5.316 0.000
219.536806 219.550694   721.833   46.659   4.819 0.000
219.627083 219.640972   749.097   48.559   5.323 0.000
219.672222 219.686111   720.839   46.727   5.122 0.000
219.762500 219.776389   776.296   50.551   6.018 0.000
219.807639 219.821528   688.139   44.810   5.334 0.000
219.897917 219.911806   672.064   43.702   5.078 0.000
219.970833 219.984722   643.600   41.851   4.863 0.000
220.033333 220.047222   741.907   48.167   5.439 0.000
220.078472 220.092361   654.470   42.490   4.798 0.000
220.665278 220.679167   576.258   37.376   4.142 0.000
220.710417 220.724306   593.166   38.449   4.211 0.000
220.800694 220.814583   621.387   40.288   4.435 0.000
220.845833 220.859722   637.974   41.312   4.434 0.000
220.936111 220.950000   676.033   43.699   4.516 0.000
220.981250 220.995139   685.222   44.235   4.432 0.000
221.071528 221.085417   690.536   44.456   4.153 0.000
221.116667 221.130556   680.544   43.765   3.963 0.000
221.252083 221.265972 99999.999 9999.999 999.999 0.999
221.342361 221.356250   707.475   45.420   3.902 0.000
221.387500 221.401389   734.684   47.115   3.897 0.000
221.477778 221.491667   749.900   48.137   4.117 0.000
221.522917 221.536806   720.225   46.190   3.829 0.000
221.613194 221.627083   689.280   44.245   3.782 0.000
221.658333 221.672222   703.373   45.017   3.448 0.000
221.748611 221.762500   718.692   45.997   3.523 0.000
221.793750 221.807639   726.031   46.217   2.621 0.000
221.884028 221.897917   735.509   46.820   2.656 0.000
221.929167 221.943056   749.761   47.707   2.618 0.000
222.019444 222.033333   745.066   47.409   2.602 0.000
222.064583 222.078472   754.841   48.025   2.612 0.000
222.154861 222.168750   749.722   47.700   2.594 0.000
222.200000 222.213889   740.347   47.104   2.565 0.000
222.290278 222.304167   781.199   49.703   2.707 0.000
222.335417 222.349306   789.960   50.133   2.072 0.000
222.425694 222.439583   847.973   53.815   2.224 0.000
222.470833 222.484722   845.240   53.629   2.142 0.000
222.561111 222.575000   829.103   52.605   2.101 0.000
222.606250 222.620139   812.254   51.597   2.409 0.000
222.696528 222.710417   923.055   58.635   2.738 0.000
222.741667 222.755556  1007.759   63.940   2.547 0.000
222.831944 222.845833   954.035   60.531   2.412 0.000
222.877083 222.890972  1042.343   66.124   2.569 0.000
222.967361 222.981250  1066.056   67.628   2.628 0.000
223.012500 223.026389   994.100   63.063   2.450 0.000
223.102778 223.116667  1079.168   68.460   2.660 0.000
223.147917 223.161806  1037.158   65.838   2.819 0.000
223.238194 223.252083   961.676   61.046   2.614 0.000
223.283333 223.297222  1002.817   63.664   2.761 0.000
223.373611 223.387500  1136.110   72.126   3.129 0.000
223.418750 223.432639  1160.720   73.706   3.300 0.000
223.509028 223.522917  1233.911   78.354   3.508 0.000
223.554167 223.568056  1239.935   78.759   3.647 0.000
223.644444 223.658333  1259.206   79.983   3.704 0.000
223.689583 223.703472  1238.455   78.691   3.784 0.000
223.779861 223.793750  1425.854   90.599   4.356 0.000
223.825000 223.838889  1317.469   83.755   4.243 0.000
223.915278 223.929167  1248.618   79.378   4.021 0.000
223.960417 223.974306  1221.344   77.688   4.146 0.000
224.050694 224.064583  1028.316   65.410   3.491 0.000
224.095833 224.109722  1016.308   64.692   3.657 0.000
224.186111 224.200000  1023.602   65.104   3.447 0.000
224.231250 224.245139  1125.143   71.616   4.032 0.000
224.321528 224.335417 99999.999 9999.999 999.999 0.999
224.366667 224.380556 99999.999 9999.999 999.999 0.999
224.915278 224.929167 99999.999 9999.999 999.999 0.999
225.050694 225.064583   968.559   61.411   2.172 0.000
225.095833 225.109722   977.482   61.977   2.192 0.000
225.186111 225.200000   997.523   63.202   1.886 0.000
225.231250 225.245139   992.349   62.874   1.876 0.000
225.321528 225.335417   986.511   62.499   1.827 0.000
225.366667 225.380556   944.817   59.858   1.750 0.000
225.456944 225.470833   854.696   54.154   1.635 0.000
225.502083 225.515972   853.724   54.093   1.633 0.000
225.592361 225.606250   880.280   55.836   2.125 0.000
225.637500 225.651389   880.687   55.862   2.126 0.000
225.953472 225.967361  1042.450   66.149   2.689 0.000
225.998611 226.012500   938.389   59.533   2.336 0.000
226.088889 226.102778   896.089   56.849   2.231 0.000
226.134028 226.147917   899.379   57.132   2.669 0.000
226.224306 226.238194   894.986   56.872   2.756 0.000
226.269444 226.283333   976.577   62.083   3.140 0.000
226.387500 226.401389   965.940   61.408   3.114 0.000
226.404861 226.418750   945.659   60.119   3.048 0.000
226.495139 226.509028   911.443   57.941   2.926 0.000
226.540278 226.554167   899.397   57.160   2.812 0.000
226.630556 226.644444   903.669   57.555   3.394 0.000
226.675694 226.689583   899.919   57.316   3.380 0.000
226.765972 226.779861   908.829   57.983   3.813 0.000
226.811111 226.825000   927.068   59.147   3.889 0.000
226.929167 226.943056   965.709   61.726   4.465 0.000
226.946528 226.960417   969.818   61.989   4.484 0.000
227.036806 227.050694   965.850   61.770   4.584 0.000
227.081944 227.095833   948.873   60.728   4.649 0.000
227.668750 227.682639   950.546   60.949   5.017 0.000
227.713889 227.727778   941.488   60.331   4.853 0.000
227.804167 227.818056   924.273   59.239   4.800 0.000
227.849306 227.863194   905.243   58.060   4.823 0.000
227.939583 227.953472   905.063   58.106   4.995 0.000
227.984722 227.998611   906.027   58.108   4.823 0.000
228.075000 228.088889   921.177   59.140   5.081 0.000
228.120139 228.134028   930.135   59.653   4.946 0.000
228.255556 228.269444 99999.999 9999.999 999.999 0.999
228.345833 228.359722 99999.999 9999.999 999.999 0.999
228.390972 228.404861 99999.999 9999.999 999.999 0.999
228.481250 228.495139  1114.488   71.472   5.915 0.000
228.554167 228.568056  1098.290   70.458   5.904 0.000
228.616667 228.630556   952.605   61.112   5.121 0.000
228.661806 228.675694  1077.058   68.919   5.234 0.000
228.752083 228.765972  1121.849   71.785   5.452 0.000
228.797222 228.811111  1078.303   68.797   4.531 0.000
228.887500 228.901389  1067.853   68.130   4.487 0.000
228.932639 228.946528  1053.357   67.084   3.937 0.000
229.022917 229.036806  1032.022   65.725   3.857 0.000
229.095833 229.109722  1009.483   64.169   3.220 0.000
229.158333 229.172222   983.756   62.534   3.138 0.000
229.203472 229.217361  1063.010   67.525   3.149 0.000
229.293750 229.307639  1007.627   64.007   2.985 0.000
229.338889 229.352778   939.564   59.683   2.783 0.000
229.429167 229.443056   881.611   56.002   2.612 0.000
229.474306 229.488194   902.810   57.492   3.356 0.000
229.564583 229.578472   970.311   61.790   3.607 0.000
229.637500 229.651389  1004.739   63.989   3.763 0.000
229.700000 229.713889   971.137   61.849   3.637 0.000
229.745139 229.759028   865.276   55.107   3.239 0.000
229.835417 229.849306   832.753   53.036   3.117 0.000
229.880556 229.894444   960.360   61.059   3.122 0.000
229.970833 229.984722  1033.866   65.732   3.361 0.000
230.015972 230.029861  1032.196   65.638   3.413 0.000
230.106250 230.120139   999.547   63.562   3.305 0.000
230.179167 230.193056   999.714   63.577   3.331 0.000
230.241667 230.255556 99999.999 9999.999 999.999 0.999
230.286806 230.300694   885.449   56.355   3.155 0.000
230.377083 230.390972 99999.999 9999.999 999.999 0.999
230.422222 230.436111 99999.999 9999.999 999.999 0.999
230.512500 230.526389   901.765   57.410   3.287 0.000
230.557639 230.571528   876.824   55.797   3.081 0.000
230.647917 230.661806   903.079   57.467   3.174 0.000
230.720833 230.734722   969.254   61.678   3.403 0.000
230.783333 230.797222  1043.684   66.414   3.664 0.000
230.828472 230.842361  1021.243   64.998   3.640 0.000
230.918750 230.932639  1020.114   64.926   3.636 0.000
230.963889 230.977778   981.922   62.585   3.881 0.000
231.054167 231.068056   992.105   63.234   3.921 0.000
231.099306 231.113194   998.916   63.713   4.125 0.000
231.189583 231.203472  1014.096   64.682   4.188 0.000
231.262500 231.276389  1122.587   71.588   4.582 0.000
231.325000 231.338889  1081.653   68.977   4.415 0.000
231.370139 231.384028  1081.914   68.956   4.266 0.000
231.460417 231.474306  1094.918   69.785   4.318 0.000
231.505556 231.519444  1178.336   74.908   3.787 0.000
231.595833 231.609722  1018.821   64.768   3.274 0.000
231.640972 231.654861   804.033   51.139   2.708 0.000
231.731250 231.745139   784.488   49.896   2.642 0.000
231.804167 231.818056   780.846   49.651   2.564 0.000
231.866667 231.880556   932.398   59.287   3.061 0.000
231.911806 231.925694   996.301   63.374   3.382 0.000
232.002083 232.015972   999.682   63.603   3.461 0.000
232.047222 232.061111   976.275   62.130   3.453 0.000
232.137500 232.151389  1000.185   63.625   3.416 0.000
232.182639 232.196528  1017.816   64.770   3.584 0.000
232.272917 232.286806  1116.536   71.090   4.096 0.000
232.345833 232.359722  1100.533   70.050   3.948 0.000
232.408333 232.422222   967.525   61.556   3.345 0.000
232.453472 232.467361  1007.011   64.059   3.437 0.000
232.543750 232.557639   977.654   62.179   3.281 0.000
232.588889 232.602778  1059.367   67.404   3.681 0.000
232.904861 232.918750   962.320   61.260   3.482 0.000
232.950000 232.963889   932.593   59.340   3.252 0.000
233.040278 233.054167   962.213   61.151   3.002 0.000
233.085417 233.099306   948.360   60.278   2.996 0.000
233.175694 233.189583   983.882   62.521   3.031 0.000
233.220833 233.234722  1021.017   64.868   3.081 0.000
233.311111 233.325000  1036.845   65.841   2.950 0.000
233.356250 233.370139  1001.132   63.577   2.873 0.000
233.446528 233.460417  1099.282   69.830   3.263 0.000
233.491667 233.505556  1083.451   68.825   3.216 0.000
233.581944 233.595833  1027.453   65.295   3.195 0.000
233.627083 233.640972  1000.135   63.539   3.005 0.000
233.717361 233.731250  1034.850   65.845   3.604 0.000
233.762500 233.776389  1018.484   64.804   3.547 0.000
233.852778 233.866667  1009.879   64.276   3.603 0.000
233.897917 233.911806   954.568   60.755   3.406 0.000
233.988194 234.002083   963.770   61.359   3.518 0.000
234.033333 234.047222   956.766   60.918   3.515 0.000
234.123611 234.137500   942.451   60.123   3.936 0.000
234.168750 234.182639   928.633   59.275   4.003 0.000
234.755556 234.769444   881.098   56.283   3.950 0.000
234.800694 234.814583   898.846   57.386   3.919 0.000
234.890972 234.904861   886.819   56.622   3.881 0.000
234.936111 234.950000   880.093   56.319   4.290 0.000
235.054167 235.068056   872.821   55.897   4.393 0.000
235.071528 235.085417   843.717   53.993   4.116 0.000
235.206944 235.220833 99999.999 9999.999 999.999 0.999
235.297917 235.311806   897.198   57.432   4.433 0.000
235.343056 235.356944   912.537   58.379   4.393 0.000
235.433333 235.447222   993.034   63.562   4.892 0.000
235.478472 235.492361  1006.793   64.467   5.037 0.000
235.596528 235.610417  1025.269   65.670   5.192 0.000
235.613889 235.627778  1043.675   66.831   5.227 0.000
235.704167 235.718056   963.426   61.746   4.994 0.000
235.749306 235.763194   901.521   57.663   4.304 0.000
235.839583 235.853472   909.112   58.149   4.341 0.000
235.884722 235.898611   989.541   63.272   4.651 0.000
235.975000 235.988889   820.454   52.460   3.857 0.000
236.020139 236.034028   764.733   48.894   3.583 0.000
236.138194 236.152083   713.808   45.543   3.002 0.000
236.155556 236.169444   732.062   46.709   3.086 0.000
236.245833 236.259722   831.168   53.033   3.504 0.000
