data/obs/c2h6/WDCGG/event/CH0001G.20130101005200.20170425145159.online_gc.ethane.air.1y.2h.CH01L_Agilent_GC-MS-MEDUSA_Medusa-12_JFJ.CH01L_VOC_AIR_MEDUSA-12.lev2.nas
68 1001
Hill, Matz; Reimann, Stefan
CH01L, Swiss Federal Laboratories for Materials Science and Technology, EMPA, Section Air Pollution, Überlandstrasse 133, , 8600, Dübendorf, Switzerland
Hill, Matz
ACTRIS EMEP GAW-WDCGG-node GAW-WDCRG
1 1
2013 01 01 2017 04 25
0
days from file reference point
5
1 1 1 1 1
999.999999 99999.999 9999.999 999.999 9.999
end_time of measurement, days from the file reference point
ethane, pmol/mol, Statistics=arithmetic mean, Detection limit=1.1 pmol/mol
ethane, pmol/mol, Statistics=expanded uncertainty 2sigma
ethane, pmol/mol, Statistics=precision
numflag, no unit
0
49
Data definition:              EBAS_1.1
Set type code:                TI
Timezone:                     UTC
File name:                    CH0001G.20130101005200.20170425145159.online_gc.ethane.air.1y.2h.CH01L_Agilent_GC-MS-MEDUSA_Medusa-12_JFJ.CH01L_VOC_AIR_MEDUSA-12.lev2.nas
File creation:                20190306184543
Startdate:                    20130101005200
Revision date:                20170425145159
Version:                      3
Version description:          third revision, manually inspected
Data level:                   2
Period code:                  1y
Resolution code:              2h
Sample duration:              20mn
Orig. time res.:              2h
Station code:                 CH0001G
Platform code:                CH0001S
Station name:                 Jungfraujoch
Station GAW-ID:               JFJ
Station latitude:             46.5475
Station longitude:            7.985
Station altitude:             3578.0m
Measurement height:           4.0m
Regime:                       IMG
Component:                    ethane
Unit:                         pmol/mol
Matrix:                       air
Instrument type:              online_gc
Laboratory code:              CH01L
Instrument name:              Agilent_GC-MS-MEDUSA_Medusa-12_JFJ
Instrument manufacturer:      AGAGE+Agilent+Agilent
Instrument model:             MEDUSA+6890N+5975B
Instrument serial number:     Medusa-12
Method ref:                   CH01L_VOC_AIR_MEDUSA-12
Standard method:              None
Calibration scale:            SIO-p
Inlet type:                   Hat or hood
Inlet description:            above the roof
Volume std. temperature:      273.15 K
Volume std. pressure:         1013.25 hPa
Detection limit expl.:        Determined by instrument counting statistics, no detection limit flag used
Measurement uncertainty expl.: Includes reproducibility (precision) + systematic errors (accuracy)
Zero/negative values code:    Zero/negative impossible
Zero/negative values:         Zero and neg. values do not appear because data was processed and zero/neg data taken out
Originator:                   Hill, Matz, matthias.hill@empa.ch, Swiss Federal Laboratories for Materials Science and Technology, Empa, Air Pollution/Environmental Technology, Ueberlandstrasse 129, , CH-8600, Duebendorf, Switzerland
Originator:                   Reimann, Stefan, , , , , , , , , 
Submitter:                    Hill, Matz, matthias.hill@empa.ch, Swiss Federal Laboratories for Materials Science and Technology, Empa, Air Pollution/Environmental Technology, Ueberlandstrasse 129, , CH-8600, Duebendorf, Switzerland
Acknowledgement:              Request acknowledgement details from data originator
Comment:                      "No SOP currently available, MEDUSA. Sample volume: 2L, trap at -170degC, trap material Hayesep D, Nafion dryer, no O3 removal, 2-hourly calibration interval"
starttime endtime C2H6 C2H6 C2H6 flag
[from data line 3201]
243.720139 243.734028   827.379   53.031   4.303 0.000
243.803472 243.817361   818.827   52.483   4.259 0.000
243.886806 243.900694   814.770   52.219   4.226 0.000
243.970139 243.984028   792.815   50.965   4.561 0.000
244.053472 244.067361 99999.999 9999.999 999.999 0.999
244.136806 244.150694   781.304   50.252   4.569 0.000
244.220139 244.234028   752.895   48.404   4.346 0.000
244.303472 244.317361   734.500   47.137   3.999 0.000
244.386806 244.400694   730.501   46.896   4.021 0.000
244.470139 244.484028   700.192   44.919   3.763 0.000
244.553472 244.567361   732.069   46.997   4.031 0.000
244.629861 244.643750 99999.999 9999.999 999.999 0.999
244.671528 244.685417 99999.999 9999.999 999.999 0.999
244.754861 244.768750 99999.999 9999.999 999.999 0.999
244.796528 244.810417   533.638   34.276   2.990 0.000
244.879861 244.893750   605.157   38.840   3.306 0.000
244.921528 244.935417   678.284   43.485   3.560 0.000
245.004861 245.018750   771.833   49.422   3.861 0.000
245.046528 245.060417   858.438   54.967   4.294 0.000
245.129861 245.143750   846.268   54.190   4.239 0.000
245.171528 245.185417   885.305   56.739   4.590 0.000
245.254861 245.268750   843.291   54.228   4.903 0.000
245.296528 245.310417   874.517   56.236   5.084 0.000
245.379861 245.393750   750.739   48.241   4.265 0.000
245.421528 245.435417   763.578   49.058   4.314 0.000
245.504861 245.518750   755.838   48.541   4.216 0.000
245.546528 245.560417   803.978   51.633   4.485 0.000
245.629861 245.643750   804.371   51.658   4.487 0.000
245.671528 245.685417   816.420   52.432   4.554 0.000
245.754861 245.768750   796.494   51.152   4.443 0.000
245.796528 245.810417   832.584   53.470   4.644 0.000
245.879861 245.893750 99999.999 9999.999 999.999 0.999
245.921528 245.935417   721.154   46.383   4.217 0.000
246.004861 246.018750   716.505   45.868   3.548 0.000
246.046528 246.060417   720.998   46.156   3.570 0.000
246.129861 246.143750   809.570   51.887   4.202 0.000
246.171528 246.185417 99999.999 9999.999 999.999 0.999
246.254861 246.268750   755.403   48.392   3.848 0.000
246.296528 246.310417   745.097   47.732   3.795 0.000
248.354861 248.368750   935.440   60.491   6.303 0.000
248.396528 248.410417   916.299   59.253   6.174 0.000
248.479861 248.493750   915.569   59.189   6.129 0.000
248.521528 248.535417   932.010   60.252   6.240 0.000
248.604861 248.618750   953.524   61.643   6.384 0.000
248.646528 248.660417   956.088   61.909   6.640 0.000
248.729861 248.743750   987.520   64.059   7.119 0.000
248.771528 248.785417  1002.824   64.929   6.949 0.000
248.854861 248.868750   989.516   64.189   7.136 0.000
248.896528 248.910417  1005.249   65.232   7.299 0.000
248.979861 248.993750   972.431   63.227   7.335 0.000
249.021528 249.035417   957.113   62.231   7.220 0.000
249.104861 249.118750 99999.999 9999.999 999.999 0.999
249.146528 249.160417 99999.999 9999.999 999.999 0.999
249.688194 249.702083   796.466   51.499   5.356 0.000
249.729861 249.743750   803.928   52.200   5.908 0.000
249.813194 249.827083   843.353   54.760   6.198 0.000
249.854861 249.868750   841.587   54.709   6.325 0.000
249.938194 249.952083   821.621   53.411   6.175 0.000
249.979861 249.993750   800.367   52.033   6.024 0.000
250.063194 250.077083 99999.999 9999.999 999.999 0.999
250.104861 250.118750 99999.999 9999.999 999.999 0.999
250.271528 250.285417   727.990   47.364   5.557 0.000
250.313194 250.327083   725.641   47.212   5.539 0.000
250.396528 250.410417   724.441   46.930   5.080 0.000
250.438194 250.452083   746.451   48.356   5.234 0.000
250.521528 250.535417   758.172   49.045   5.151 0.000
250.563194 250.577083   771.103   49.882   5.239 0.000
250.646528 250.660417   770.161   49.821   5.232 0.000
250.688194 250.702083   761.977   49.291   5.177 0.000
250.771528 250.785417   718.995   46.444   4.724 0.000
250.813194 250.827083   709.347   45.903   4.859 0.000
250.896528 250.910417   680.429   44.032   4.661 0.000
250.938194 250.952083   683.454   44.295   4.837 0.000
251.021528 251.035417   709.145   45.967   5.036 0.000
251.063194 251.077083   715.849   46.402   5.084 0.000
251.146528 251.160417   748.509   48.613   5.526 0.000
251.188194 251.202083   818.231   53.141   6.041 0.000
251.271528 251.285417   793.796   51.597   5.954 0.000
251.313194 251.327083   794.576   51.648   5.960 0.000
251.396528 251.410417   806.079   52.366   5.982 0.000
251.438194 251.452083   805.921   52.356   5.981 0.000
251.521528 251.535417   749.705   48.604   5.342 0.000
251.563194 251.577083   730.456   47.356   5.205 0.000
251.688194 251.702083   745.139   48.677   6.093 0.000
251.729861 251.743750   727.807   47.545   5.952 0.000
251.813194 251.827083 99999.999 9999.999 999.999 0.999
251.854861 251.868750   699.569   46.247   6.730 0.000
251.938194 251.952083   739.422   49.083   7.453 0.000
251.979861 251.993750 99999.999 9999.999 999.999 0.999
252.063194 252.077083   689.881   45.804   6.969 0.000
252.104861 252.118750   695.432   46.173   7.025 0.000
252.188194 252.202083   708.126   46.970   7.079 0.000
252.229861 252.243750   711.159   47.171   7.109 0.000
252.313194 252.327083   698.582   46.322   6.959 0.000
252.354861 252.368750   705.910   46.808   7.032 0.000
252.438194 252.452083 99999.999 9999.999 999.999 0.999
252.479861 252.493750   764.475   50.825   7.833 0.000
252.563194 252.577083   796.965   53.322   8.697 0.000
252.604861 252.618750   790.227   52.871   8.624 0.000
252.688194 252.702083   799.825   53.504   8.715 0.000
252.729861 252.743750   823.259   55.072   8.970 0.000
252.813194 252.827083   826.014   55.425   9.257 0.000
252.854861 252.868750   830.155   55.619   9.177 0.000
252.938194 252.952083   817.393   54.764   9.035 0.000
252.979861 252.993750   820.225   54.769   8.782 0.000
253.063194 253.077083   856.944   57.322   9.333 0.000
253.104861 253.118750   855.858   57.100   9.088 0.000
253.188194 253.202083   878.954   58.650   9.349 0.000
253.229861 253.243750   910.069   60.684   9.613 0.000
253.313194 253.327083   901.330   60.160   9.614 0.000
253.354861 253.368750   910.375   60.687   9.589 0.000
253.438194 253.452083   875.932   58.566   9.500 0.000
253.479861 253.493750   889.222   59.267   9.350 0.000
253.563194 253.577083   886.391   59.220   9.543 0.000
253.604861 253.618750   918.717   61.181   9.577 0.000
253.896528 253.910417   844.709   55.082   6.707 0.000
253.938194 253.952083   820.287   53.377   6.278 0.000
254.021528 254.035417   822.513   53.459   6.159 0.000
254.063194 254.077083   831.909   54.152   6.407 0.000
254.146528 254.160417   898.269   58.418   6.802 0.000
254.188194 254.202083   912.620   59.420   7.058 0.000
254.271528 254.285417   953.264   62.045   7.327 0.000
254.313194 254.327083   946.374   61.553   7.180 0.000
254.396528 254.410417   953.374   61.948   7.103 0.000
254.438194 254.452083   957.833   62.104   6.839 0.000
254.521528 254.535417   965.810   62.526   6.677 0.000
254.563194 254.577083   966.808   62.319   6.016 0.000
254.646528 254.660417   950.964   61.247   5.784 0.000
254.688194 254.702083   963.228   61.901   5.490 0.000
254.771528 254.785417   957.707   61.578   5.547 0.000
254.813194 254.827083   939.035   60.231   5.015 0.000
254.896528 254.910417   923.091   59.158   4.778 0.000
254.938194 254.952083   931.554   59.701   4.822 0.000
255.021528 255.035417   872.046   55.885   4.509 0.000
255.063194 255.077083   847.344   54.302   4.381 0.000
255.146528 255.160417   821.532   52.618   4.152 0.000
255.188194 255.202083   842.757   53.977   4.259 0.000
255.271528 255.285417   822.422   52.546   3.728 0.000
255.313194 255.327083   839.905   53.646   3.745 0.000
255.396528 255.410417   827.754   52.801   3.438 0.000
255.438194 255.452083   854.966   54.537   3.551 0.000
255.521528 255.535417   858.652   54.787   3.622 0.000
255.563194 255.577083   856.297   54.627   3.577 0.000
255.646528 255.660417   851.634   54.359   3.667 0.000
255.688194 255.702083   841.520   53.797   3.919 0.000
255.771528 255.785417   795.645   50.897   3.818 0.000
255.813194 255.827083   773.403   49.481   3.733 0.000
255.896528 255.910417   747.510   47.854   3.705 0.000
255.938194 255.952083   751.825   48.103   3.636 0.000
256.021528 256.035417   617.806   39.533   3.004 0.000
256.063194 256.077083   608.391   38.990   3.150 0.000
256.604861 256.618750   703.982   45.145   3.732 0.000
256.646528 256.660417   717.235   46.012   3.852 0.000
256.729861 256.743750   675.687   43.346   3.629 0.000
256.771528 256.785417   760.731   48.766   3.976 0.000
256.854861 256.868750   769.061   49.300   4.020 0.000
256.896528 256.910417   753.066   48.245   3.845 0.000
256.979861 256.993750   772.243   49.473   3.943 0.000
257.021528 257.035417   815.142   52.277   4.332 0.000
257.188194 257.202083   933.088   59.906   5.150 0.000
257.229861 257.243750   949.891   60.984   5.242 0.000
257.313194 257.327083   862.169   55.403   4.903 0.000
257.354861 257.368750   861.690   55.440   5.089 0.000
257.438194 257.452083   792.289   51.008   4.767 0.000
257.479861 257.493750   779.599   50.191   4.691 0.000
257.563194 257.577083 99999.999 9999.999 999.999 0.999
271.685417 271.699306 99999.999 9999.999 999.999 0.999
271.727083 271.740972 99999.999 9999.999 999.999 0.999
271.810417 271.824306 99999.999 9999.999 999.999 0.999
271.852083 271.865972 99999.999 9999.999 999.999 0.999
271.935417 271.949306 99999.999 9999.999 999.999 0.999
271.977083 271.990972 99999.999 9999.999 999.999 0.999
272.060417 272.074306 99999.999 9999.999 999.999 0.999
272.102083 272.115972 99999.999 9999.999 999.999 0.999
272.185417 272.199306 99999.999 9999.999 999.999 0.999
272.227083 272.240972 99999.999 9999.999 999.999 0.999
272.336111 272.350000 99999.999 9999.999 999.999 0.999
272.377778 272.391667 99999.999 9999.999 999.999 0.999
272.461111 272.475000   829.936   52.604   1.733 0.000
272.502778 272.516667   841.357   53.328   1.756 0.000
272.586111 272.600000   902.350   57.268   2.379 0.000
272.627778 272.641667   879.052   55.789   2.317 0.000
272.711111 272.725000   866.739   55.023   2.378 0.000
272.752778 272.766667   842.267   53.470   2.311 0.000
272.836111 272.850000   859.762   54.567   2.281 0.000
272.877778 272.891667   850.372   53.971   2.256 0.000
272.961111 272.975000   829.609   52.638   2.108 0.000
273.002778 273.016667   851.896   54.052   2.164 0.000
273.086111 273.100000   849.460   53.907   2.213 0.000
273.127778 273.141667   854.865   54.250   2.227 0.000
273.211111 273.225000   861.133   54.669   2.371 0.000
273.252778 273.266667   851.880   54.082   2.346 0.000
273.336111 273.350000   862.737   54.767   2.352 0.000
273.377778 273.391667   895.379   56.839   2.441 0.000
273.461111 273.475000   892.095   56.650   2.542 0.000
273.502778 273.516667   889.446   56.481   2.534 0.000
273.586111 273.600000   854.751   54.377   2.937 0.000
273.627778 273.641667   854.322   54.350   2.935 0.000
273.711111 273.725000   844.031   53.804   3.366 0.000
273.752778 273.766667   842.562   53.710   3.360 0.000
273.836111 273.850000   808.177   51.836   4.311 0.000
273.877778 273.891667   789.218   50.969   5.158 0.000
273.961111 273.975000   778.000   50.313   5.251 0.000
274.002778 274.016667   773.370   49.980   5.138 0.000
274.086111 274.100000   779.906   50.472   5.347 0.000
274.127778 274.141667   780.859   50.469   5.201 0.000
274.211111 274.225000   764.639   49.490   5.259 0.000
274.252778 274.266667   780.535   50.519   5.368 0.000
274.336111 274.350000   775.469   50.271   5.518 0.000
274.377778 274.391667   847.228   54.838   5.832 0.000
274.461111 274.475000   804.260   52.126   5.697 0.000
274.502778 274.516667   808.970   52.432   5.730 0.000
274.586111 274.600000   867.665   56.298   6.286 0.000
274.627778 274.641667   898.530   58.197   6.274 0.000
274.919444 274.933333  1069.081   69.366   7.744 0.000
274.961111 274.975000  1000.110   65.025   7.540 0.000
275.044444 275.058333   958.704   62.245   7.036 0.000
275.086111 275.100000   960.970   62.501   7.289 0.000
275.169444 275.183333 99999.999 9999.999 999.999 0.999
275.211111 275.225000  1024.318   66.732   8.004 0.000
275.294444 275.308333 99999.999 9999.999 999.999 0.999
275.336111 275.350000 99999.999 9999.999 999.999 0.999
275.419444 275.433333 99999.999 9999.999 999.999 0.999
275.461111 275.475000   614.875   40.075   4.840 0.000
275.544444 275.558333   623.704   40.551   4.700 0.000
275.586111 275.600000 99999.999 9999.999 999.999 0.999
275.669444 275.683333 99999.999 9999.999 999.999 0.999
275.711111 275.725000 99999.999 9999.999 999.999 0.999
275.794444 275.808333 99999.999 9999.999 999.999 0.999
275.836111 275.850000 99999.999 9999.999 999.999 0.999
275.919444 275.933333 99999.999 9999.999 999.999 0.999
275.961111 275.975000 99999.999 9999.999 999.999 0.999
276.044444 276.058333 99999.999 9999.999 999.999 0.999
276.086111 276.100000   609.742   38.916   2.612 0.000
276.169444 276.183333   612.404   39.097   2.664 0.000
276.211111 276.225000 99999.999 9999.999 999.999 0.999
276.294444 276.308333   625.362   39.936   2.764 0.000
276.336111 276.350000   642.025   41.133   3.285 0.000
276.419444 276.433333   698.979   44.825   3.709 0.000
276.461111 276.475000   661.263   42.407   3.509 0.000
276.544444 276.558333   663.063   42.481   3.393 0.000
276.586111 276.600000   715.831   45.825   3.544 0.000
276.669444 276.683333   708.849   45.415   3.630 0.000
276.711111 276.725000   727.094   46.545   3.597 0.000
276.794444 276.808333   680.922   43.601   3.407 0.000
276.836111 276.850000   676.263   43.270   3.279 0.000
276.919444 276.933333   663.784   42.472   3.218 0.000
276.961111 276.975000   679.874   43.501   3.296 0.000
277.044444 277.058333   855.052   54.721   4.182 0.000
277.086111 277.100000  1396.202   89.487   7.254 0.000
277.627778 277.641667   952.926   61.732   6.680 0.000
277.669444 277.683333   975.063   63.141   6.778 0.000
277.752778 277.766667   928.290   60.113   6.455 0.000
277.794444 277.808333   923.729   59.747   6.256 0.000
277.877778 277.891667 99999.999 9999.999 999.999 0.999
277.919444 277.933333   912.930   59.028   6.134 0.000
278.002778 278.016667   935.523   60.547   6.424 0.000
278.044444 278.058333 99999.999 9999.999 999.999 0.999
278.211111 278.225000   966.589   62.675   6.911 0.000
278.252778 278.266667   979.499   63.559   7.108 0.000
278.336111 278.350000   971.023   63.100   7.246 0.000
278.377778 278.391667   959.612   62.277   6.982 0.000
278.461111 278.475000   968.055   62.794   6.974 0.000
278.502778 278.516667   981.982   63.808   7.319 0.000
278.586111 278.600000   943.274   61.271   6.983 0.000
278.627778 278.641667   945.875   61.553   7.247 0.000
278.711111 278.725000   934.470   60.717   6.958 0.000
278.752778 278.766667   939.488   61.157   7.238 0.000
278.836111 278.850000   959.187   62.356   7.213 0.000
278.877778 278.891667   980.631   63.866   7.622 0.000
278.961111 278.975000   997.089   64.834   7.529 0.000
279.002778 279.016667  1012.276   65.822   7.644 0.000
279.086111 279.100000  1028.798   66.896   7.769 0.000
279.127778 279.141667  1044.979   67.923   7.836 0.000
279.211111 279.225000 99999.999 9999.999 999.999 0.999
279.252778 279.266667  1050.683   67.920   7.024 0.000
279.336111 279.350000  1019.259   65.617   6.125 0.000
279.377778 279.391667  1017.088   65.478   6.112 0.000
279.461111 279.475000  1016.976   65.563   6.355 0.000
279.502778 279.516667  1010.565   65.150   6.315 0.000
279.586111 279.600000   997.444   64.373   6.409 0.000
279.627778 279.641667  1001.668   64.646   6.436 0.000
279.711111 279.725000   995.789   64.287   6.451 0.000
279.752778 279.766667  1012.835   65.388   6.562 0.000
279.836111 279.850000   979.736   63.343   6.573 0.000
279.877778 279.891667 99999.999 9999.999 999.999 0.999
279.961111 279.975000  1108.799   71.667   7.389 0.000
280.002778 280.016667  1158.702   74.892   7.722 0.000
280.086111 280.100000 99999.999 9999.999 999.999 0.999
