data/obs/c2h6/WDCGG/event/CH0005R.20140101000000.20150720000000.online_gc.ethane.air.1y.2h.CH01L_Agilent_ADS-GC-FID_cn10450060_RIG.CH01L_ADS_GC_FID_VOCAIR_RIGI.lev2.nas
67 1001
Hill, Matz; Reimann, Stefan
CH01L, Swiss Federal Laboratories for Materials Science and Technology, EMPA, Section Air Pollution, Überlandstrasse 133, , 8600, Dübendorf, Switzerland
Hill, Matz
ACTRIS EMEP GAW-WDCRG
1 1
2014 01 01 2015 07 20
0
days from file reference point
5
1 1 1 1 1
999.999999 99999 9999.9 999.9 9.999
end_time of measurement, days from the file reference point
ethane, pmol/mol, Statistics=arithmetic mean, Data level=, Standard method=, Calibration scale=, Inlet type=, Detection limit=7.0 pmol/mol
ethane, pmol/mol, Statistics=expanded uncertainty 2sigma
ethane, pmol/mol, Statistics=precision
numflag, no unit
0
48
Data definition:              EBAS_1.1
Set type code:                TI
Timezone:                     UTC
File name:                    CH0005R.20140101000000.20150720000000.online_gc.ethane.air.1y.2h.CH01L_Agilent_ADS-GC-FID_cn10450060_RIG.CH01L_ADS_GC_FID_VOCAIR_RIGI.lev2.nas
File creation:                20190306184553
Startdate:                    20140101000000
Revision date:                20150720000000
Version:                      2
Version description:          initial revision, manually inspected, removed all data for butenes and pentenes
Data level:                   2
Period code:                  1y
Resolution code:              2h
Sample duration:              40mn
Station code:                 CH0005R
Platform code:                CH0005S
Station name:                 Rigi
Station GAW-ID:               RIG
Station latitude:             47.0675
Station longitude:            8.463889
Station altitude:             1031.0m
Measurement height:           3.0m
Regime:                       IMG
Component:                    ethane
Unit:                         pmol/mol
Matrix:                       air
Instrument type:              online_gc
Laboratory code:              CH01L
Instrument name:              Agilent_ADS-GC-FID_cn10450060_RIG
Instrument manufacturer:      Agilent
Instrument model:             6890GC/FID
Instrument serial number:     cn10450060
Method ref:                   CH01L_ADS_GC_FID_VOCAIR_RIGI
Standard method:              None
Calibration scale:            NPL
Inlet type:                   Hat or hood
Inlet description:            ambient air is brought into the cabin through a main inlet line at a flow rate of 300 lpm. From the main inlet line short stainless steel tubes are used to bring the air samples to the instruments.
Volume std. temperature:      273.15 K
Volume std. pressure:         1013.25 hPa
Detection limit expl.:        Determined by instrument counting statistics, no detection limit flag used
Measurement uncertainty expl.: Includes reproducibility (precision) + systematic errors (accuracy)
Zero/negative values code:    Zero/negative impossible
Zero/negative values:         Zero and neg. values don't appear because data was processed and zero/neg data taken out
Originator:                   Hill, Matz, matthias.hill@empa.ch, Swiss Federal Laboratories for Materials Science and Technology, Empa, Air Pollution/Environmental Technology, Ueberlandstrasse 129, , CH-8600, Duebendorf, Switzerland
Originator:                   Reimann, Stefan, , , , , , , , , 
Submitter:                    Hill, Matz, matthias.hill@empa.ch, Swiss Federal Laboratories for Materials Science and Technology, Empa, Air Pollution/Environmental Technology, Ueberlandstrasse 129, , CH-8600, Duebendorf, Switzerland
Acknowledgement:              Request acknowledgement details from data originator
Comment:                      "No SOP currently available, o3 not removed, nafion dryer, Calibration interval:1/two weeks"
starttime endtime C2H6 C2H6 C2H6 flag
[from data line 341]
 29.625000  29.652778  2765   56.6   6.0 0.000
 29.708333  29.736111  2750   56.3   6.0 0.000
 29.791667  29.819444  2897   59.2   6.1 0.000
 29.875000  29.902778  2791   57.1   6.0 0.000
 29.958333  29.986111  2963   60.5   6.2 0.000
 30.041667  30.069444  2668   54.6   5.9 0.000
 30.125000  30.152778  2693   55.1   5.9 0.000
 30.208333  30.236111  2626   53.8   5.8 0.000
 30.291667  30.319444  2708   55.4   5.9 0.000
 30.375000  30.402778  2733   55.9   6.0 0.000
 30.458333  30.486111  2623   53.7   5.8 0.000
 30.541667  30.569444  2961   60.5   6.2 0.000
 30.625000  30.652778  2937   60.0   6.2 0.000
 30.708333  30.736111  2775   56.8   6.0 0.000
 30.791667  30.819444  2524   51.8   5.7 0.000
 30.875000  30.902778  2858   58.4   6.1 0.000
 30.958333  30.986111  2516   51.6   5.7 0.000
 31.041667  31.069444  2723   55.7   5.9 0.000
 31.125000  31.152778  2466   50.6   5.7 0.000
 31.208333  31.236111  2349   48.3   5.5 0.000
 31.291667  31.319444  2681   54.9   5.9 0.000
 31.375000  31.402778  2740   56.1   6.0 0.000
 31.458333  31.486111  2325   47.8   5.5 0.000
 31.541667  31.569444  2485   51.0   5.7 0.000
 31.625000  31.652778  2529   51.9   5.7 0.000
 31.708333  31.736111  2391   49.1   5.6 0.000
 31.791667  31.819444  2408   49.4   5.6 0.000
 31.875000  31.902778  2571   52.7   5.8 0.000
 31.958333  31.986111  2510   51.5   5.7 0.000
 32.041667  32.069444  2245   46.2   5.4 0.000
 32.125000  32.152778  2277   46.8   5.5 0.000
 32.208333  32.236111  2541   52.1   5.7 0.000
 32.298611  32.326389  2508   51.4   5.7 0.000
 32.381944  32.409722  2473   50.7   5.7 0.000
 32.465278  32.493056  2448   50.2   5.6 0.000
 32.548611  32.576389  2422   49.7   5.6 0.000
 32.631944  32.659722  2432   49.9   5.6 0.000
 32.715278  32.743056  2437   50.0   5.6 0.000
 32.798611  32.826389  2512   51.5   5.7 0.000
 32.881944  32.909722  2437   50.0   5.6 0.000
 32.965278  32.993056  2563   52.5   5.8 0.000
 33.048611  33.076389  2755   56.4   6.0 0.000
 33.131944  33.159722  2637   54.0   5.8 0.000
 33.215278  33.243056  2632   53.9   5.8 0.000
 33.902778  33.930556  2575   53.1   6.5 0.000
 33.986111  34.013889  2664   54.9   6.6 0.000
 34.069444  34.097222  2353   48.6   6.2 0.000
 34.152778  34.180556  2330   48.2   6.1 0.000
 34.236111  34.263889  2396   49.5   6.2 0.000
 34.319444  34.347222  2566   52.9   6.4 0.000
 34.402778  34.430556  2277   47.1   6.1 0.000
 34.486111  34.513889  2056   42.7   5.8 0.000
 34.569444  34.597222  2171   45.0   5.9 0.000
 34.652778  34.680556  2568   53.0   6.4 0.000
 34.736111  34.763889  2516   51.9   6.4 0.000
 34.819444  34.847222  2367   48.9   6.2 0.000
 34.902778  34.930556  2235   46.3   6.0 0.000
 34.986111  35.013889  2372   49.0   6.2 0.000
 35.069444  35.097222  2547   52.5   6.4 0.000
 35.152778  35.180556  2750   56.6   6.7 0.000
 35.236111  35.263889  2926   60.1   6.9 0.000
 35.319444  35.347222  2717   55.9   6.6 0.000
 35.402778  35.430556  2496   51.5   6.3 0.000
 35.486111  35.513889  2332   48.2   6.1 0.000
 35.569444  35.597222  2556   52.7   6.4 0.000
 35.652778  35.680556  2679   55.2   6.6 0.000
 35.736111  35.763889  2399   49.6   6.2 0.000
 35.819444  35.847222  2294   47.5   6.1 0.000
 35.902778  35.930556  2118   43.9   5.8 0.000
 35.986111  36.013889  2196   45.5   5.9 0.000
 36.069444  36.097222  2180   45.2   5.9 0.000
 36.152778  36.180556  2237   46.3   6.0 0.000
 36.236111  36.263889  2253   46.6   6.0 0.000
 36.319444  36.347222  2241   46.4   6.0 0.000
 36.409722  36.437500  2237   46.3   6.0 0.000
 36.493056  36.520833  2236   46.3   6.0 0.000
 36.576389  36.604167  2307   47.7   6.1 0.000
 36.659722  36.687500  2269   47.0   6.0 0.000
 36.743056  36.770833  2200   45.6   5.9 0.000
 36.826389  36.854167  2111   43.8   5.8 0.000
 36.909722  36.937500  2061   42.8   5.8 0.000
 36.993056  37.020833  1699   35.6   5.3 0.000
 37.076389  37.104167  1958   40.7   5.6 0.000
 37.159722  37.187500  2004   41.7   5.7 0.000
 37.243056  37.270833  1849   38.6   5.5 0.000
 37.326389  37.354167  1899   39.6   5.5 0.000
 37.409722  37.437500  1934   40.3   5.6 0.000
 37.493056  37.520833  1948   40.5   5.6 0.000
 37.576389  37.604167  2109   43.8   5.8 0.000
 37.659722  37.687500  2046   42.5   5.7 0.000
 37.743056  37.770833  2079   43.2   5.8 0.000
 37.826389  37.854167  2128   44.1   5.9 0.000
 37.909722  37.937500  2139   44.4   5.9 0.000
 37.993056  38.020833  2086   43.3   5.8 0.000
 38.076389  38.104167  2040   42.4   5.7 0.000
 38.159722  38.187500  1976   41.1   5.6 0.000
 38.243056  38.270833  1956   40.7   5.6 0.000
 38.326389  38.354167  2038   42.3   5.7 0.000
 38.409722  38.437500  2061   42.8   5.8 0.000
 38.493056  38.520833  2062   42.8   5.8 0.000
 38.576389  38.604167  2098   43.5   5.8 0.000
 38.659722  38.687500  2117   43.9   5.8 0.000
 38.743056  38.770833  2158   44.7   5.9 0.000
 38.826389  38.854167  2274   47.1   6.0 0.000
 38.909722  38.937500  2130   44.2   5.9 0.000
 38.993056  39.020833  2137   44.3   5.9 0.000
 39.083333  39.111111  2133   44.2   5.9 0.000
 39.166667  39.194444  2127   44.1   5.9 0.000
 39.250000  39.277778  2161   44.8   5.9 0.000
 39.333333  39.361111  2167   44.9   5.9 0.000
 39.416667  39.444444  2161   44.8   5.9 0.000
 39.500000  39.527778  2173   45.0   5.9 0.000
 39.583333  39.611111  2149   44.6   5.9 0.000
 39.666667  39.694444  2166   44.9   5.9 0.000
 39.750000  39.777778  2179   45.2   5.9 0.000
 39.833333  39.861111  2172   45.0   5.9 0.000
 39.916667  39.944444  2205   45.7   6.0 0.000
 40.000000  40.027778  2207   45.7   6.0 0.000
 40.083333  40.111111  2154   44.7   5.9 0.000
 40.166667  40.194444  2101   43.6   5.8 0.000
 40.250000  40.277778  2072   43.0   5.8 0.000
 40.333333  40.361111  2101   43.6   5.8 0.000
 40.416667  40.444444  2095   43.5   5.8 0.000
 40.500000  40.527778  2062   42.8   5.8 0.000
 40.583333  40.611111  2251   46.6   6.0 0.000
 40.666667  40.694444  2290   47.4   6.1 0.000
 40.750000  40.777778  2291   47.4   6.1 0.000
 40.833333  40.861111  2323   48.0   6.1 0.000
 40.916667  40.944444  2338   48.3   6.1 0.000
 41.000000  41.027778  2223   46.0   6.0 0.000
 41.083333  41.111111  2289   47.4   6.1 0.000
 41.166667  41.194444  2207   45.7   6.0 0.000
 41.250000  41.277778  2223   46.0   6.0 0.000
 41.333333  41.361111  2296   47.5   6.1 0.000
 41.416667  41.444444  2344   48.5   6.1 0.000
 41.500000  41.527778  2366   48.9   6.2 0.000
 41.583333  41.611111  2378   49.1   6.2 0.000
 41.666667  41.694444  2334   48.3   6.1 0.000
 41.756944  41.784722  2311   47.8   6.1 0.000
 41.840278  41.868056  2317   47.9   6.1 0.000
 41.923611  41.951389  2292   47.4   6.1 0.000
 42.006944  42.034722  2304   47.7   6.1 0.000
 42.090278  42.118056  2395   49.5   6.2 0.000
 42.173611  42.201389  2391   49.4   6.2 0.000
 42.256944  42.284722  2314   47.9   6.1 0.000
 42.340278  42.368056  2378   49.1   6.2 0.000
 42.423611  42.451389  2352   48.6   6.2 0.000
 42.506944  42.534722  2385   49.3   6.2 0.000
 42.590278  42.618056  2381   49.2   6.2 0.000
 42.673611  42.701389  2334   48.3   6.1 0.000
 42.756944  42.784722  2265   46.9   6.0 0.000
 42.840278  42.868056  2271   47.0   6.0 0.000
 42.923611  42.951389  2263   46.8   6.0 0.000
 43.006944  43.034722  2240   46.4   6.0 0.000
 43.090278  43.118056  2330   48.2   6.1 0.000
 43.173611  43.201389  2379   49.2   6.2 0.000
 43.256944  43.284722  2164   44.9   5.9 0.000
 43.340278  43.368056  2202   45.6   6.0 0.000
 43.423611  43.451389  2283   47.2   6.1 0.000
 43.506944  43.534722  2313   47.8   6.1 0.000
 43.590278  43.618056  2276   47.1   6.0 0.000
 43.673611  43.701389  2244   46.5   6.0 0.000
 43.756944  43.784722  2403   49.6   6.2 0.000
 43.840278  43.868056  2471   51.0   6.3 0.000
 43.923611  43.951389  2505   51.7   6.4 0.000
 44.006944  44.034722  2457   50.7   6.3 0.000
 44.090278  44.118056  2401   49.6   6.2 0.000
 44.173611  44.201389  2383   49.2   6.2 0.000
 44.256944  44.284722  2342   48.4   6.1 0.000
 44.340278  44.368056  2336   48.3   6.1 0.000
 44.430556  44.458333  2346   48.5   6.1 0.000
 44.513889  44.541667  2340   48.4   6.1 0.000
 44.597222  44.625000  2311   47.8   6.1 0.000
 44.680556  44.708333  2339   48.4   6.1 0.000
 44.763889  44.791667  2336   48.3   6.1 0.000
 44.847222  44.875000  2191   45.4   5.9 0.000
 44.930556  44.958333  2005   41.7   5.7 0.000
 45.013889  45.041667  1696   35.5   5.3 0.000
 45.097222  45.125000  2244   46.5   6.0 0.000
 45.180556  45.208333  1534   32.3   5.1 0.000
 45.263889  45.291667  1693   35.5   5.3 0.000
 45.347222  45.375000  1884   39.3   5.5 0.000
 45.430556  45.458333  1755   36.7   5.4 0.000
 45.513889  45.541667  2613   53.9   6.5 0.000
 45.597222  45.625000  2308   47.7   6.1 0.000
 45.680556  45.708333  2269   47.0   6.0 0.000
 45.763889  45.791667  2111   43.8   5.8 0.000
 45.847222  45.875000  2173   45.0   5.9 0.000
 45.930556  45.958333  2205   45.7   6.0 0.000
 46.013889  46.041667  2246   46.5   6.0 0.000
 46.097222  46.125000  2250   46.6   6.0 0.000
 46.180556  46.208333  2252   46.6   6.0 0.000
 46.263889  46.291667  2247   46.5   6.0 0.000
 46.347222  46.375000  2260   46.8   6.0 0.000
 46.430556  46.458333  2283   47.2   6.1 0.000
 46.513889  46.541667  2365   48.9   6.2 0.000
 46.597222  46.625000  2266   46.9   6.0 0.000
 46.680556  46.708333  2248   46.5   6.0 0.000
 46.763889  46.791667  2253   46.6   6.0 0.000
 46.847222  46.875000  2268   46.9   6.0 0.000
 46.930556  46.958333  2251   46.6   6.0 0.000
 47.013889  47.041667  2296   47.5   6.1 0.000
 47.104167  47.131944  2259   46.8   6.0 0.000
 47.187500  47.215278  2262   46.8   6.0 0.000
 47.270833  47.298611  2286   47.3   6.1 0.000
 47.354167  47.381944  2274   47.1   6.0 0.000
 47.437500  47.465278  2279   47.2   6.1 0.000
 47.520833  47.548611  2313   47.8   6.1 0.000
 47.604167  47.631944  2323   48.0   6.1 0.000
 47.687500  47.715278  2321   48.0   6.1 0.000
 47.770833  47.798611  2300   47.6   6.1 0.000
 47.854167  47.881944  2295   47.5   6.1 0.000
 47.937500  47.965278  2256   46.7   6.0 0.000
 48.020833  48.048611  2196   45.5   5.9 0.000
 48.104167  48.131944  2166   44.9   5.9 0.000
 48.187500  48.215278  2107   43.7   5.8 0.000
 48.270833  48.298611  2097   43.5   5.8 0.000
 48.354167  48.381944  2120   44.0   5.8 0.000
 48.437500  48.465278  2094   43.5   5.8 0.000
 48.520833  48.548611  2077   43.1   5.8 0.000
 48.604167  48.631944  2169   45.0   5.9 0.000
 48.687500  48.715278  1766   36.9   5.4 0.000
 48.770833  48.798611  1881   39.2   5.5 0.000
 48.854167  48.881944  1883   39.2   5.5 0.000
 48.937500  48.965278  1949   40.6   5.6 0.000
 49.020833  49.048611  2167   44.9   5.9 0.000
 49.104167  49.131944  2294   47.5   6.1 0.000
 49.187500  49.215278  2388   49.3   6.2 0.000
 49.270833  49.298611  2433   50.2   6.3 0.000
 49.354167  49.381944  2573   53.1   6.4 0.000
 49.437500  49.465278  2504   51.7   6.4 0.000
 49.520833  49.548611  2524   52.1   6.4 0.000
 49.604167  49.631944  2647   54.5   6.5 0.000
 49.687500  49.715278  2591   53.4   6.5 0.000
 49.777778  49.805556  2364   48.9   6.2 0.000
 49.861111  49.888889  2321   48.0   6.1 0.000
 49.944444  49.972222  2222   46.0   6.0 0.000
 50.027778  50.055556  2378   49.1   6.2 0.000
 50.111111  50.138889  2403   49.6   6.2 0.000
 50.194444  50.222222  2412   49.8   6.2 0.000
 50.277778  50.305556  2341   48.4   6.1 0.000
 50.361111  50.388889  2262   46.8   6.0 0.000
 50.444444  50.472222  2257   46.7   6.0 0.000
 50.527778  50.555556  2342   48.4   6.1 0.000
 50.611111  50.638889  2290   47.4   6.1 0.000
 50.694444  50.722222  2288   47.3   6.1 0.000
 50.777778  50.805556  2297   47.5   6.1 0.000
 50.861111  50.888889  2241   46.4   6.0 0.000
 50.944444  50.972222  2289   47.4   6.1 0.000
 51.027778  51.055556  2393   49.4   6.2 0.000
 51.111111  51.138889  2285   47.3   6.1 0.000
 51.194444  51.222222  2086   43.3   5.8 0.000
 51.277778  51.305556  2000   41.6   5.7 0.000
 51.361111  51.388889  2009   41.8   5.7 0.000
 51.444444  51.472222  2070   43.0   5.8 0.000
 51.527778  51.555556  2111   43.8   5.8 0.000
 51.611111  51.638889  2136   44.3   5.9 0.000
 51.694444  51.722222  2182   45.2   5.9 0.000
 51.777778  51.805556  2193   45.4   5.9 0.000
 51.861111  51.888889  2219   46.0   6.0 0.000
 51.944444  51.972222  2236   46.3   6.0 0.000
 52.027778  52.055556  2216   45.9   6.0 0.000
 52.111111  52.138889  2230   46.2   6.0 0.000
 52.194444  52.222222  2211   45.8   6.0 0.000
 52.277778  52.305556  2196   45.5   5.9 0.000
 52.361111  52.388889  2204   45.7   6.0 0.000
 52.451389  52.479167  2186   45.3   5.9 0.000
 52.534722  52.562500  2192   45.4   5.9 0.000
 52.618056  52.645833  2186   45.3   5.9 0.000
 52.701389  52.729167  2194   45.5   5.9 0.000
 52.784722  52.812500  2236   46.3   6.0 0.000
 52.868056  52.895833  2204   45.7   6.0 0.000
 52.951389  52.979167  2215   45.9   6.0 0.000
 53.034722  53.062500  2173   45.0   5.9 0.000
 53.118056  53.145833  2199   45.6   5.9 0.000
 53.201389  53.229167  2241   46.4   6.0 0.000
 53.284722  53.312500  2218   45.9   6.0 0.000
 53.368056  53.395833  2267   46.9   6.0 0.000
 53.451389  53.479167  2225   46.1   6.0 0.000
 53.534722  53.562500  2215   45.9   6.0 0.000
 53.618056  53.645833  2264   46.9   6.0 0.000
 53.701389  53.729167  2212   45.8   6.0 0.000
 53.784722  53.812500  2207   45.7   6.0 0.000
 53.868056  53.895833  2222   46.0   6.0 0.000
 53.951389  53.979167  2222   46.0   6.0 0.000
 54.034722  54.062500  2183   45.2   5.9 0.000
 54.118056  54.145833  2188   45.3   5.9 0.000
 54.201389  54.229167  2172   45.0   5.9 0.000
 54.284722  54.312500  2232   46.2   6.0 0.000
 54.368056  54.395833  2255   46.7   6.0 0.000
 54.451389  54.479167  2250   46.6   6.0 0.000
 54.534722  54.562500  2223   46.0   6.0 0.000
 54.618056  54.645833  2190   45.4   5.9 0.000
 54.701389  54.729167  2332   48.2   6.1 0.000
 54.784722  54.812500  2384   49.3   6.2 0.000
 54.868056  54.895833  2373   49.0   6.2 0.000
 54.951389  54.979167  2347   48.5   6.1 0.000
 55.034722  55.062500  2305   47.7   6.1 0.000
 55.125000  55.152778  2438   50.3   6.3 0.000
 55.208333  55.236111  2437   50.3   6.3 0.000
 55.291667  55.319444  2380   49.2   6.2 0.000
 55.375000  55.402778  2336   48.3   6.1 0.000
 55.458333  55.486111  2381   49.2   6.2 0.000
 55.541667  55.569444  2335   48.3   6.1 0.000
 55.625000  55.652778  2277   47.1   6.1 0.000
 55.708333  55.736111  2268   46.9   6.0 0.000
 55.791667  55.819444  2270   47.0   6.0 0.000
 55.875000  55.902778  2292   47.4   6.1 0.000
 55.958333  55.986111  2273   47.0   6.0 0.000
 56.041667  56.069444  2234   46.3   6.0 0.000
 56.125000  56.152778  2327   48.1   6.1 0.000
 56.208333  56.236111  2466   50.9   6.3 0.000
 56.291667  56.319444  2527   52.1   6.4 0.000
 56.375000  56.402778  2473   51.0   6.3 0.000
 56.458333  56.486111  2588   53.4   6.5 0.000
 56.541667  56.569444  2541   52.4   6.4 0.000
 56.625000  56.652778  2517   51.9   6.4 0.000
 56.708333  56.736111  2425   50.1   6.2 0.000
 56.791667  56.819444  2483   51.2   6.3 0.000
 56.875000  56.902778  2433   50.2   6.3 0.000
 56.958333  56.986111  2492   51.4   6.3 0.000
 57.041667  57.069444  2493   51.4   6.3 0.000
 57.125000  57.152778  2457   50.7   6.3 0.000
 57.208333  57.236111  2401   49.6   6.2 0.000
 57.638889  57.666667 99999 9999.9 999.9 0.999
 57.722222  57.750000  2343   48.4   6.1 0.000
 57.805556  57.833333  2326   48.1   6.1 0.000
 57.888889  57.916667  2303   47.6   6.1 0.000
 57.972222  58.000000  2340   48.4   6.1 0.000
 58.055556  58.083333  2402   49.6   6.2 0.000
 58.138889  58.166667  2430   50.2   6.3 0.000
 58.222222  58.250000  2410   49.8   6.2 0.000
 58.305556  58.333333  2588   53.4   6.5 0.000
 58.388889  58.416667  2479   51.2   6.3 0.000
 58.472222  58.500000  2492   51.4   6.3 0.000
 58.555556  58.583333  2550   52.6   6.4 0.000
 58.638889  58.666667  2566   52.9   6.4 0.000
 58.722222  58.750000  2611   53.8   6.5 0.000
 58.805556  58.833333  2651   54.6   6.6 0.000
