data/obs/c2h6/WDCGG/event/CH0005R.20160101002300.20180114182000.online_gc.ethane.air.1y.2h.CH01L_Agilent_ADS-GC-FID_cn10450060_RIG.CH01L_ADS_GC_FID_VOCAIR_RIGI.lev2.nas
68 1001
Hill, Matz; Reimann, Stefan
CH01L, Swiss Federal Laboratories for Materials Science and Technology, EMPA, Section Air Pollution, Überlandstrasse 133, , 8600, Dübendorf, Switzerland
Hill, Matz
ACTRIS EMEP GAW-WDCRG
1 1
2016 01 01 2018 01 14
0
days from file reference point
5
1 1 1 1 1
999.999999 99999 9999.99 999.99 9.999
end_time of measurement, days from the file reference point
ethane, pmol/mol, Statistics=arithmetic mean, Detection limit=13.0 pmol/mol
ethane, pmol/mol, Statistics=expanded uncertainty 2sigma
ethane, pmol/mol, Statistics=precision
numflag, no unit
0
49
Data definition:              EBAS_1.1
Set type code:                TI
Timezone:                     UTC
File name:                    CH0005R.20160101002300.20180114182000.online_gc.ethane.air.1y.2h.CH01L_Agilent_ADS-GC-FID_cn10450060_RIG.CH01L_ADS_GC_FID_VOCAIR_RIGI.lev2.nas
File creation:                20190306184554
Startdate:                    20160101002300
Revision date:                20180114182000
Version:                      2
Version description:          initial revision, manually inspected
Data level:                   2
Period code:                  1y
Resolution code:              2h
Sample duration:              40mn
Orig. time res.:              40mn
Station code:                 CH0005R
Platform code:                CH0005S
Station name:                 Rigi
Station GAW-ID:               RIG
Station latitude:             47.0675
Station longitude:            8.463889
Station altitude:             1031.0m
Measurement altitude:         1034.0m
Measurement height:           4.0m
Regime:                       IMG
Component:                    ethane
Unit:                         pmol/mol
Matrix:                       air
Instrument type:              online_gc
Laboratory code:              CH01L
Instrument name:              Agilent_ADS-GC-FID_cn10450060_RIG
Instrument manufacturer:      Agilent
Instrument model:             6890GC/FID
Instrument serial number:     cn10450060
Method ref:                   CH01L_ADS_GC_FID_VOCAIR_RIGI
Standard method:              SOP=ACTRIS_VOC_2014
Calibration scale:            NPL
Calibration standard ID:      D292408
Inlet type:                   Hat or hood
Inlet description:            ambient air is brought into the cabin through a main inlet line at a flow rate of 300 lpm. From the main inlet line short stainless steel tubes are used to bring the air samples to the instruments.
Detection limit expl.:        Determined by integration of a baseline signal multiplied by a factor of 3
Measurement uncertainty expl.: Includes reproducibility (precision) + systematic errors (accuracy)
Zero/negative values code:    Zero possible
Zero/negative values:         Zero values may appear due to statistical variations at very low concentrations
Originator:                   Hill, Matz, matthias.hill@empa.ch, Swiss Federal Laboratories for Materials Science and Technology, Empa, Air Pollution/Environmental Technology, Ueberlandstrasse 129, , CH-8600, Duebendorf, Switzerland
Originator:                   Reimann, Stefan, , , , , , , , , 
Submitter:                    Hill, Matz, matthias.hill@empa.ch, Swiss Federal Laboratories for Materials Science and Technology, Empa, Air Pollution/Environmental Technology, Ueberlandstrasse 129, , CH-8600, Duebendorf, Switzerland
Acknowledgement:              Request acknowledgement details from data originator
Comment:                      "No SOP currently available, o3 not removed, nafion dryer, Calibration interval:1/two weeks"
starttime endtime C2H6 C2H6 C2H6 flag
[from data line 327]
 28.357638  28.385416  1814   39.20   7.42 0.000
 28.440972  28.468750  1777   38.46   7.35 0.000
 28.524306  28.552083  1879   40.49   7.53 0.000
 28.607638  28.635416  1902   40.94   7.57 0.000
 28.690972  28.718750  1830   39.51   7.44 0.000
 28.774306  28.802083  1915   41.20   7.59 0.000
 28.857638  28.885416  1852   39.95   7.48 0.000
 28.940972  28.968750  1860   40.11   7.50 0.000
 29.024306  29.052083  1750   37.93   7.31 0.000
 29.107638  29.135416  1741   37.75   7.29 0.000
 29.190277  29.218056  1736   37.65   7.28 0.000
 29.273611  29.301389  1774   38.40   7.35 0.000
 29.356944  29.384722  1790   38.72   7.38 0.000
 29.440277  29.468056  1725   37.44   7.27 0.000
 29.523611  29.551389  1753   37.99   7.31 0.000
 29.606944  29.634722  1823   39.37   7.43 0.000
 29.690277  29.718056  1840   39.71   7.46 0.000
 29.773611  29.801389  1472   32.46   6.84 0.000
 29.856944  29.884722  1568   34.34   7.00 0.000
 29.940277  29.968056  1672   36.39   7.18 0.000
 30.023611  30.051389  1756   38.05   7.32 0.000
 30.106944  30.134722  1784   38.60   7.37 0.000
 30.190277  30.218056  1800   38.92   7.39 0.000
 30.273611  30.301389  1843   39.77   7.47 0.000
 30.356944  30.384722  1766   38.25   7.34 0.000
 30.440277  30.468056  1699   36.92   7.22 0.000
 30.523611  30.551389  1652   35.99   7.14 0.000
 30.606944  30.634722  1617   35.30   7.08 0.000
 30.690277  30.718056  1589   34.75   7.03 0.000
 30.773611  30.801389  1564   34.26   6.99 0.000
 30.856944  30.884722  1542   33.83   6.95 0.000
 30.940277  30.968056  1514   33.28   6.91 0.000
 31.023611  31.051389  1400   31.05   6.71 0.000
 31.106944  31.134722  1408   31.21   6.73 0.000
 31.190277  31.218056  1413   31.31   6.74 0.000
 31.273611  31.301389  1478   32.58   6.85 0.000
 31.356944  31.384722  1487   32.75   6.86 0.000
 31.440277  31.468056  1459   32.20   6.81 0.000
 31.523611  31.551389  1455   32.13   6.81 0.000
 31.606944  31.634722  1437   31.78   6.78 0.000
 31.690277  31.718056  1421   31.46   6.75 0.000
 31.773611  31.801389  1428   31.60   6.76 0.000
 31.856944  31.884722  1459   32.20   6.81 0.000
 31.940277  31.968056  1511   33.22   6.90 0.000
 32.023611  32.051389  1464   32.30   6.82 0.000
 32.106944  32.134722  1444   31.91   6.79 0.000
 32.190277  32.218056  1414   31.33   6.74 0.000
 32.273611  32.301389  1402   31.09   6.72 0.000
 32.356944  32.384722  1408   31.21   6.73 0.000
 32.440277  32.468056  1469   32.40   6.83 0.000
 32.523611  32.551389  1413   31.31   6.74 0.000
 32.606944  32.634722  1402   31.09   6.72 0.000
 32.690277  32.718056  1441   31.85   6.78 0.000
 32.773611  32.801389  1451   32.05   6.80 0.000
 32.856944  32.884722  1396   30.98   6.71 0.000
 32.940277  32.968056  1403   31.11   6.72 0.000
 33.023611  33.051389  1381   30.68   6.68 0.000
 33.106944  33.134722  1415   31.35   6.74 0.000
 33.190277  33.218056  1382   30.70   6.68 0.000
 33.511111  33.538889  2056   44.00   7.83 0.000
 33.594444  33.622222  2089   44.65   7.88 0.000
 33.677777  33.705556  2168   46.23   8.02 0.000
 33.761111  33.788889  2212   47.11   8.09 0.000
 33.844444  33.872222  2172   46.31   8.03 0.000
 33.927777  33.955556  2231   47.49   8.13 0.000
 34.011111  34.038889  2253   47.92   8.16 0.000
 34.094444  34.122222  2313   49.13   8.27 0.000
 34.177777  34.205556  2322   49.30   8.28 0.000
 34.261111  34.288889  2409   51.04   8.43 0.000
 34.344444  34.372222  2382   50.50   8.38 0.000
 34.427777  34.455556  2394   50.74   8.40 0.000
 34.511111  34.538889  2355   49.97   8.34 0.000
 34.594444  34.622222  2317   49.20   8.27 0.000
 34.677777  34.705556  2323   49.32   8.28 0.000
 34.761111  34.788889  2236   47.58   8.13 0.000
 34.844444  34.872222  2219   47.25   8.11 0.000
 34.927777  34.955556  2203   46.93   8.08 0.000
 35.011111  35.038889  2188   46.63   8.05 0.000
 35.094444  35.122222  2202   46.91   8.08 0.000
 35.177777  35.205556  2196   46.79   8.07 0.000
 35.261111  35.288889  2228   47.43   8.12 0.000
 35.344444  35.372222  2234   47.55   8.13 0.000
 35.427777  35.455556  2229   47.45   8.12 0.000
 35.511111  35.538889  2210   47.07   8.09 0.000
 35.594444  35.622222  2226   47.39   8.12 0.000
 35.677777  35.705556  2246   47.79   8.15 0.000
 35.761111  35.788889  2271   48.28   8.19 0.000
 35.844444  35.872222  2343   49.73   8.32 0.000
 35.927777  35.955556  2319   49.25   8.28 0.000
 36.011111  36.038889  2413   51.13   8.44 0.000
 36.094444  36.122222  2350   49.87   8.33 0.000
 36.177777  36.205556  2218   47.23   8.10 0.000
 36.261111  36.288889  2114   45.16   7.93 0.000
 36.344444  36.372222  2228   47.43   8.12 0.000
 36.427777  36.455556  2298   48.83   8.24 0.000
 36.511111  36.538889  2255   47.97   8.17 0.000
 36.594444  36.622222  2284   48.55   8.22 0.000
 36.677777  36.705556  2248   47.82   8.15 0.000
 36.761111  36.788889  2047   43.82   7.81 0.000
 36.844444  36.872222  1973   42.35   7.69 0.000
 36.927777  36.955556  2015   43.19   7.76 0.000
 37.011111  37.038889  2180   46.47   8.04 0.000
 37.094444  37.122222  2215   47.17   8.10 0.000
 37.177777  37.205556  2149   45.85   7.99 0.000
 37.261111  37.288889  2125   45.38   7.95 0.000
 37.344444  37.372222  2222   47.31   8.11 0.000
 37.427777  37.455556  2266   48.19   8.19 0.000
 37.511111  37.538889  2256   47.99   8.17 0.000
 37.594444  37.622222  2316   49.18   8.27 0.000
 37.677777  37.705556  2250   47.87   8.16 0.000
 37.761111  37.788889  2240   47.67   8.14 0.000
 37.844444  37.872222  2185   46.57   8.05 0.000
 37.927777  37.955556  2161   46.09   8.01 0.000
 38.011111  38.038889  2128   45.43   7.95 0.000
 38.094444  38.122222  2163   46.13   8.01 0.000
 38.177777  38.205556  2235   47.57   8.13 0.000
 38.261111  38.288889  2237   47.61   8.14 0.000
 38.344444  38.372222  1944   41.77   7.64 0.000
 38.427777  38.455556  1953   41.95   7.65 0.000
 38.511111  38.538889  2023   43.34   7.77 0.000
 38.594444  38.622222  1760   38.13   7.33 0.000
 38.677777  38.705556  1765   38.22   7.33 0.000
 38.761111  38.788889  1814   39.20   7.42 0.000
 38.844444  38.872222  1793   38.78   7.38 0.000
 38.927777  38.955556  1785   38.62   7.37 0.000
 39.011111  39.038889  1800   38.92   7.39 0.000
 39.094444  39.122222  1740   37.73   7.29 0.000
 39.177777  39.205556  1701   36.97   7.23 0.000
 39.261111  39.288889  1763   38.19   7.33 0.000
 39.344444  39.372222  1705   37.04   7.23 0.000
 39.427777  39.455556  1678   36.51   7.19 0.000
 39.511111  39.538889  1723   37.39   7.26 0.000
 39.594444  39.622222  1835   39.61   7.45 0.000
 39.677777  39.705556  1915   41.20   7.59 0.000
 39.761111  39.788889  1810   39.12   7.41 0.000
 39.844444  39.872222  1753   37.99   7.31 0.000
 39.927777  39.955556  1950   41.89   7.65 0.000
 40.011111  40.038889  1992   42.73   7.72 0.000
 40.094444  40.122222  2007   43.03   7.75 0.000
 40.177777  40.205556  2026   43.40   7.78 0.000
 40.885416  40.913194  2165   45.95   7.69 0.000
 40.968749  40.996527  2156   45.77   7.68 0.000
 41.052083  41.079861  2176   46.17   7.71 0.000
 41.135416  41.163194  2146   45.57   7.66 0.000
 41.218749  41.246527  2127   45.19   7.63 0.000
 41.302083  41.329861  2110   44.85   7.60 0.000
 41.385416  41.413194  2139   45.43   7.65 0.000
 41.468749  41.496527  2148   45.61   7.66 0.000
 41.552083  41.579861  2183   46.31   7.72 0.000
 41.635416  41.663194  2181   46.27   7.71 0.000
 41.718749  41.746527  2181   46.27   7.71 0.000
 41.802083  41.829861  2203   46.71   7.75 0.000
 41.885416  41.913194  2282   48.28   7.87 0.000
 41.968749  41.996527  2268   48.00   7.85 0.000
 42.052083  42.079861  2266   47.96   7.85 0.000
 42.135416  42.163194  2230   47.24   7.79 0.000
 42.218749  42.246527  2299   48.62   7.90 0.000
 42.302083  42.329861  2270   48.04   7.85 0.000
 42.385416  42.413194  2237   47.38   7.80 0.000
 42.468749  42.496527  2154   45.73   7.67 0.000
 42.552083  42.579861  2138   45.41   7.65 0.000
 42.635416  42.663194  2157   45.79   7.68 0.000
 42.718749  42.746527  2093   44.52   7.58 0.000
 42.802083  42.829861  2160   45.85   7.68 0.000
 42.885416  42.913194  2142   45.49   7.65 0.000
 42.968749  42.996527  2267   47.98   7.85 0.000
 43.052083  43.079861  2298   48.60   7.90 0.000
 43.135416  43.163194  2352   49.67   7.98 0.000
 43.218749  43.246527  2364   49.91   8.00 0.000
 43.302083  43.329861  2365   49.93   8.00 0.000
 43.385416  43.413194  2341   49.45   7.96 0.000
 43.468749  43.496527  2241   47.46   7.81 0.000
 43.552083  43.579861  2269   48.02   7.85 0.000
 43.635416  43.663194  2317   48.97   7.92 0.000
 43.718749  43.746527  2023   43.13   7.47 0.000
 43.802083  43.829861  2154   45.73   7.67 0.000
 43.885416  43.913194  2206   46.76   7.75 0.000
 43.968749  43.996527  2173   46.11   7.70 0.000
 44.052083  44.079861  2216   46.97   7.77 0.000
 44.135416  44.163194  2190   46.45   7.73 0.000
 44.218749  44.246527  2241   47.46   7.81 0.000
 44.302083  44.329861  2233   47.30   7.79 0.000
 44.385416  44.413194  2230   47.24   7.79 0.000
 44.468749  44.496527  2374   50.11   8.01 0.000
 44.552083  44.579861  2254   47.72   7.83 0.000
 44.635416  44.663194  2282   48.28   7.87 0.000
 44.718749  44.746527  2306   48.76   7.91 0.000
 44.802083  44.829861  2283   48.30   7.87 0.000
 44.885416  44.913194  2281   48.26   7.87 0.000
 44.968749  44.996527  2279   48.22   7.87 0.000
 45.052083  45.079861  2301   48.66   7.90 0.000
 45.135416  45.163194  2301   48.66   7.90 0.000
 45.218749  45.246527  2389   50.41   8.04 0.000
 45.302083  45.329861  2377   50.17   8.02 0.000
 45.385416  45.413194  2385   50.33   8.03 0.000
 45.468749  45.496527  2846   59.54   8.74 0.000
 45.552083  45.579861  2836   59.35   8.73 0.000
 45.635416  45.663194  3049   63.62   9.06 0.000
 45.718749  45.746527  2958   61.79   8.92 0.000
 45.802083  45.829861  3146   65.56   9.21 0.000
 45.885416  45.913194  3183   66.30   9.27 0.000
 45.968749  45.996527  3318   69.02   9.48 0.000
 46.052083  46.079861  3496   72.59   9.75 0.000
 46.135416  46.163194  3570   74.08   9.87 0.000
 46.218749  46.246527  3189   66.43   9.28 0.000
 46.302083  46.329861  3027   63.18   9.03 0.000
 46.385416  46.413194  2977   62.17   8.95 0.000
 46.468749  46.496527  2955   61.73   8.91 0.000
 46.552083  46.579861  2790   58.43   8.66 0.000
 46.635416  46.663194  2771   58.05   8.63 0.000
 46.718749  46.746527  2836   59.35   8.73 0.000
 46.802083  46.829861  2736   57.34   8.57 0.000
 46.885416  46.913194  2892   60.47   8.82 0.000
 46.968749  46.996527  2899   60.61   8.83 0.000
 47.052083  47.079861  2887   60.37   8.81 0.000
 47.135416  47.163194  2905   60.73   8.84 0.000
 47.218749  47.246527  2891   60.45   8.81 0.000
 47.302083  47.329861  2831   59.25   8.72 0.000
 47.385416  47.413194  2847   59.57   8.75 0.000
 47.468749  47.496527  2844   59.51   8.74 0.000
 47.552083  47.579861  2819   59.00   8.70 0.000
 47.635416  47.663194  2861   59.85   8.77 0.000
 47.718749  47.746527  2801   58.64   8.67 0.000
 47.802083  47.829861  2789   58.41   8.66 0.000
 47.885416  47.913194  2730   57.22   8.56 0.000
 47.968749  47.996527  2775   58.12   8.63 0.000
 48.052083  48.079861  2789   58.41   8.66 0.000
 48.135416  48.163194  2730   57.22   8.56 0.000
 48.218749  48.246527  2741   57.44   8.58 0.000
 48.302083  48.329861  2715   56.92   8.54 0.000
 48.385416  48.413194  2696   56.54   8.51 0.000
 48.468749  48.496527  2723   57.08   8.55 0.000
 48.552083  48.579861  2706   56.75   8.53 0.000
 48.635416  48.663194  2726   57.14   8.56 0.000
 48.718749  48.746527  2630   55.22   8.41 0.000
 48.802083  48.829861  2625   55.12   8.40 0.000
 48.885416  48.913194  2559   53.80   8.30 0.000
 48.968749  48.996527  2524   53.11   8.25 0.000
 49.052083  49.079861  2587   54.36   8.34 0.000
 49.135416  49.163194  2683   56.28   8.49 0.000
 49.218749  49.246527  2540   53.42   8.27 0.000
 49.302083  49.329861  2800   58.62   8.67 0.000
 49.385416  49.413194  2799   58.60   8.67 0.000
 49.468749  49.496527  2631   55.24   8.41 0.000
 49.552083  49.579861  2539   53.41   8.27 0.000
 49.635416  49.663194  2545   53.53   8.28 0.000
 49.718749  49.746527  2504   52.70   8.21 0.000
 49.802083  49.829861  2374   50.11   8.01 0.000
 49.885416  49.913194  2300   48.64   7.90 0.000
 49.968749  49.996527  2326   49.16   7.94 0.000
 50.052083  50.079861  2304   48.71   7.90 0.000
 50.135416  50.163194  2231   47.26   7.79 0.000
 50.218749  50.246527  2175   46.15   7.70 0.000
 50.302083  50.329861  2205   46.74   7.75 0.000
 50.385416  50.413194  2174   46.13   7.70 0.000
 50.468749  50.496527  2220   47.04   7.77 0.000
 50.552083  50.579861  2285   48.34   7.88 0.000
 50.635416  50.663194  2070   44.06   7.54 0.000
 50.718749  50.746527  1985   42.38   7.41 0.000
 50.802083  50.829861  1870   40.10   7.23 0.000
 50.885416  50.913194  1619   35.15   6.84 0.000
 50.968749  50.996527  1685   36.45   6.95 0.000
 51.052083  51.079861  1552   33.84   6.74 0.000
 51.135416  51.163194  1663   36.02   6.91 0.000
 51.218749  51.246527  1600   34.78   6.81 0.000
 51.302083  51.329861  1607   34.91   6.82 0.000
 51.385416  51.413194  1567   34.13   6.76 0.000
 51.468749  51.496527  1576   34.31   6.78 0.000
 51.552083  51.579861  1553   33.86   6.74 0.000
 51.635416  51.663194  1564   34.08   6.76 0.000
 51.718749  51.746527  1570   34.19   6.77 0.000
 51.802083  51.829861  1561   34.01   6.75 0.000
 51.885416  51.913194  1440   31.66   6.57 0.000
 51.968749  51.996527  1510   33.02   6.67 0.000
 52.052083  52.079861  1440   31.66   6.57 0.000
 52.135416  52.163194  1316   29.24   6.37 0.000
 52.218749  52.246527  1305   29.03   6.36 0.000
 52.302083  52.329861  1388   30.64   6.48 0.000
 52.385416  52.413194  1393   30.74   6.49 0.000
 52.468749  52.496527  1366   30.21   6.45 0.000
 52.552083  52.579861  1595   34.69   6.81 0.000
 52.635416  52.663194  1568   34.15   6.76 0.000
 52.718749  52.746527  1712   36.98   6.99 0.000
 52.802083  52.829861  1868   40.06   7.23 0.000
 52.885416  52.913194  1962   41.92   7.37 0.000
 52.968749  52.996527  2026   43.19   7.47 0.000
 53.052083  53.079861  2125   45.16   7.63 0.000
 53.135416  53.163194  1975   42.17   7.39 0.000
 53.218749  53.246527  1907   40.83   7.29 0.000
 53.302083  53.329861  2011   42.89   7.45 0.000
 53.385416  53.413194  1931   41.31   7.33 0.000
 53.468749  53.496527  1884   40.37   7.25 0.000
 53.552083  53.579861  1947   41.62   7.35 0.000
 53.635416  53.663194  2074   44.14   7.55 0.000
 53.718749  53.746527  2093   44.52   7.58 0.000
 53.802083  53.829861  2092   44.50   7.58 0.000
 53.885416  53.913194  2165   45.95   7.69 0.000
 53.968749  53.996527  2209   46.83   7.76 0.000
 54.052083  54.079861  2216   46.97   7.77 0.000
 54.135416  54.163194  2255   47.74   7.83 0.000
 54.218749  54.246527  2230   47.24   7.79 0.000
 54.302083  54.329861  2141   45.47   7.65 0.000
 54.385416  54.413194  2145   45.55   7.66 0.000
 54.468749  54.496527  2157   45.79   7.68 0.000
 54.552083  54.579861  2180   46.25   7.71 0.000
 54.635416  54.663194  2253   47.70   7.83 0.000
 54.718749  54.746527  2170   46.05   7.70 0.000
 54.802083  54.829861  2188   46.40   7.72 0.000
 54.885416  54.913194  2097   44.60   7.58 0.000
 54.968749  54.996527  1974   42.16   7.39 0.000
 55.052083  55.079861  1952   41.72   7.36 0.000
 55.135416  55.163194  1563   34.06   6.76 0.000
 55.218749  55.246527  1899   40.68   7.28 0.000
 55.302083  55.329861  2215   46.95   7.77 0.000
 55.385416  55.413194  2353   49.69   7.98 0.000
 55.468749  55.496527  2437   51.37   8.11 0.000
 55.552083  55.579861  2367   49.97   8.00 0.000
 55.635416  55.663194  2504   52.70   8.21 0.000
 55.718749  55.746527  2641   55.45   8.43 0.000
 55.802083  55.829861  2721   57.04   8.55 0.000
 55.885416  55.913194  2830   59.23   8.72 0.000
 55.968749  55.996527  2786   58.34   8.65 0.000
 56.052083  56.079861  2837   59.37   8.73 0.000
 56.135416  56.163194  2739   57.40   8.58 0.000
 56.218749  56.246527  2838   59.38   8.73 0.000
 56.302083  56.329861  2625   55.12   8.40 0.000
