data/obs/c2h6/WDCGG/event/CH0005R.20110101001000.20160915102628.online_gc.ethane.air.1y.2h.CH01L_Agilent_ADS-GC-FID_cn10450060_RIG.CH01L_ADS_GC_FID_VOCAIR_RIGI.lev2.nas
67 1001
Hill, Matz; Reimann, Stefan
CH01L, Swiss Federal Laboratories for Materials Science and Technology, EMPA, Section Air Pollution, Überlandstrasse 133, , 8600, Dübendorf, Switzerland
Hill, Matz
ACTRIS EMEP GAW-WDCRG
1 1
2011 01 01 2016 09 15
0
days from file reference point
5
1 1 1 1 1
999.999999 99999 9999 999 9.999
end_time of measurement, days from the file reference point
ethane, pmol/mol, Statistics=arithmetic mean, Data level=, Standard method=, Calibration scale=, Inlet type=, Detection limit=9.0 pmol/mol
ethane, pmol/mol, Revision date=20150330000000, Statistics=expanded uncertainty 2sigma
ethane, pmol/mol, Revision date=20150330000000, Statistics=precision
numflag, no unit
0
48
Data definition:              EBAS_1.1
Set type code:                TI
Timezone:                     UTC
File name:                    CH0005R.20110101001000.20160915102628.online_gc.ethane.air.1y.2h.CH01L_Agilent_ADS-GC-FID_cn10450060_RIG.CH01L_ADS_GC_FID_VOCAIR_RIGI.lev2.nas
File creation:                20190306184552
Startdate:                    20110101001000
Revision date:                20160915102628
Version:                      2
Version description:          initial revision, manually inspected, removed all data for butenes and pentenes
Data level:                   2
Period code:                  1y
Resolution code:              2h
Sample duration:              40mn
Station code:                 CH0005R
Platform code:                CH0005S
Station name:                 Rigi
Station GAW-ID:               RIG
Station latitude:             47.0675
Station longitude:            8.463889
Station altitude:             1031.0m
Measurement height:           3.0m
Regime:                       IMG
Component:                    ethane
Unit:                         pmol/mol
Matrix:                       air
Instrument type:              online_gc
Laboratory code:              CH01L
Instrument name:              Agilent_ADS-GC-FID_cn10450060_RIG
Instrument manufacturer:      Agilent
Instrument model:             6890GC/FID
Instrument serial number:     cn10450060
Method ref:                   CH01L_ADS_GC_FID_VOCAIR_RIGI
Standard method:              None
Calibration scale:            NPL
Inlet type:                   Hat or hood
Inlet description:            ambient air is brought into the cabin through a main inlet line at a flow rate of 300 lpm. From the main inlet line short stainless steel tubes are used to bring the air samples to the instruments.
Volume std. temperature:      273.15 K
Volume std. pressure:         1013.25 hPa
Detection limit expl.:        Determined by instrument counting statistics, no detection limit flag used
Measurement uncertainty expl.: Includes reproducibility (precision) + systematic errors (accuracy)
Zero/negative values code:    Zero/negative impossible
Zero/negative values:         Zero and neg. values don't appear because data was processed and zero/neg data taken out
Originator:                   Hill, Matz, matthias.hill@empa.ch, Swiss Federal Laboratories for Materials Science and Technology, Empa, Air Pollution/Environmental Technology, Ueberlandstrasse 129, , CH-8600, Duebendorf, Switzerland
Originator:                   Reimann, Stefan, , , , , , , , , 
Submitter:                    Hill, Matz, matthias.hill@empa.ch, Swiss Federal Laboratories for Materials Science and Technology, Empa, Air Pollution/Environmental Technology, Ueberlandstrasse 129, , CH-8600, Duebendorf, Switzerland
Acknowledgement:              Request acknowledgement details from data originator
Comment:                      "No SOP currently available, o3 not removed, nafion dryer, Calibration interval:1/two weeks"
starttime endtime C2H6 C2H6 C2H6 flag
[from data line 2605]
228.486111 228.513889 99999 9999 999 0.999
228.569444 228.597222 99999 9999 999 0.999
228.652778 228.680556   695   18   6 0.000
228.736111 228.763889   730   19   6 0.000
228.819444 228.847222   713   19   6 0.000
228.902778 228.930556   706   19   6 0.000
228.986111 229.013889   699   19   6 0.000
229.069444 229.097222   704   19   6 0.000
229.152778 229.180556   729   19   6 0.000
229.236111 229.263889   678   18   6 0.000
229.319444 229.347222   750   20   6 0.000
229.402778 229.430556   717   19   6 0.000
229.486111 229.513889   751   20   6 0.000
229.569444 229.597222   768   20   6 0.000
229.652778 229.680556   772   20   6 0.000
229.736111 229.763889   800   21   7 0.000
229.819444 229.847222   659   18   6 0.000
229.902778 229.930556   679   18   6 0.000
229.986111 230.013889   688   18   6 0.000
230.069444 230.097222   733   19   6 0.000
230.152778 230.180556   757   20   6 0.000
230.236111 230.263889   738   19   6 0.000
230.319444 230.347222   726   19   6 0.000
230.402778 230.430556   739   19   6 0.000
230.486111 230.513889   749   20   6 0.000
230.569444 230.597222   651   18   6 0.000
230.652778 230.680556   606   17   6 0.000
230.736111 230.763889   621   17   6 0.000
230.819444 230.847222   631   17   6 0.000
230.902778 230.930556   630   17   6 0.000
230.986111 231.013889   636   17   6 0.000
231.069444 231.097222   631   17   6 0.000
231.152778 231.180556   623   17   6 0.000
231.236111 231.263889   629   17   6 0.000
231.319444 231.347222   629   17   6 0.000
231.402778 231.430556   636   17   6 0.000
231.486111 231.513889   635   17   6 0.000
231.569444 231.597222   643   17   6 0.000
231.652778 231.680556   640   17   6 0.000
231.736111 231.763889   846   22   7 0.000
231.819444 231.847222   642   17   6 0.000
231.902778 231.930556   576   16   6 0.000
231.986111 232.013889   580   16   6 0.000
232.069444 232.097222   597   16   6 0.000
232.152778 232.180556   540   15   5 0.000
232.236111 232.263889   535   15   5 0.000
232.319444 232.347222   549   15   5 0.000
232.402778 232.430556   576   16   6 0.000
232.486111 232.513889   589   16   6 0.000
232.569444 232.597222   570   16   5 0.000
232.652778 232.680556   652   18   6 0.000
232.736111 232.763889   581   16   6 0.000
232.819444 232.847222   568   16   5 0.000
232.902778 232.930556   562   16   5 0.000
232.986111 233.013889   563   16   5 0.000
233.069444 233.097222   566   16   5 0.000
233.152778 233.180556   541   15   5 0.000
233.236111 233.263889   536   15   5 0.000
233.319444 233.347222   581   16   6 0.000
233.402778 233.430556   630   17   6 0.000
233.486111 233.513889   630   17   6 0.000
233.569444 233.597222   686   18   6 0.000
233.652778 233.680556   694   18   6 0.000
233.736111 233.763889   627   17   6 0.000
233.819444 233.847222   599   16   6 0.000
233.902778 233.930556   602   16   6 0.000
233.986111 234.013889   589   16   6 0.000
234.069444 234.097222   593   16   6 0.000
234.152778 234.180556   666   18   6 0.000
234.236111 234.263889   696   18   6 0.000
234.319444 234.347222   730   19   6 0.000
234.402778 234.430556   704   19   6 0.000
234.486111 234.513889   680   18   6 0.000
234.569444 234.597222   673   18   6 0.000
234.652778 234.680556   677   18   6 0.000
234.736111 234.763889   677   18   6 0.000
234.819444 234.847222   725   19   6 0.000
234.902778 234.930556   711   19   6 0.000
234.986111 235.013889   708   19   6 0.000
235.069444 235.097222   607   17   6 0.000
235.152778 235.180556   619   17   6 0.000
235.236111 235.263889   620   17   6 0.000
235.319444 235.347222   621   17   6 0.000
235.402778 235.430556   600   16   6 0.000
235.486111 235.513889   640   17   6 0.000
235.569444 235.597222   634   17   6 0.000
235.652778 235.680556   654   18   6 0.000
235.736111 235.763889   693   18   6 0.000
235.819444 235.847222   688   18   6 0.000
235.902778 235.930556   648   17   6 0.000
235.986111 236.013889   659   18   6 0.000
236.069444 236.097222   666   18   6 0.000
236.152778 236.180556   688   18   6 0.000
236.236111 236.263889   689   18   6 0.000
236.319444 236.347222   717   19   6 0.000
236.402778 236.430556   705   19   6 0.000
236.486111 236.513889   740   19   6 0.000
236.569444 236.597222   703   19   6 0.000
236.652778 236.680556   687   18   6 0.000
236.736111 236.763889   688   18   6 0.000
236.819444 236.847222   671   18   6 0.000
236.902778 236.930556   744   19   6 0.000
236.986111 237.013889   763   20   6 0.000
237.069444 237.097222   758   20   6 0.000
237.152778 237.180556   744   19   6 0.000
237.236111 237.263889   727   19   6 0.000
237.319444 237.347222   684   18   6 0.000
237.402778 237.430556   685   18   6 0.000
237.486111 237.513889   720   19   6 0.000
237.569444 237.597222   721   19   6 0.000
237.652778 237.680556   682   18   6 0.000
237.736111 237.763889   730   19   6 0.000
237.819444 237.847222   679   18   6 0.000
237.902778 237.930556   675   18   6 0.000
237.986111 238.013889   652   18   6 0.000
238.069444 238.097222   638   17   6 0.000
238.152778 238.180556   632   17   6 0.000
238.236111 238.263889   635   17   6 0.000
238.319444 238.347222   628   17   6 0.000
238.402778 238.430556   651   18   6 0.000
238.486111 238.513889   633   17   6 0.000
238.569444 238.597222   641   17   6 0.000
238.652778 238.680556   639   17   6 0.000
238.736111 238.763889   655   18   6 0.000
238.819444 238.847222   638   17   6 0.000
238.902778 238.930556   615   17   6 0.000
238.986111 239.013889   633   17   6 0.000
239.069444 239.097222   648   17   6 0.000
239.152778 239.180556   612   17   6 0.000
239.236111 239.263889   621   17   6 0.000
239.319444 239.347222   654   18   6 0.000
239.402778 239.430556   686   18   6 0.000
239.486111 239.513889   640   17   6 0.000
239.569444 239.597222   639   17   6 0.000
239.652778 239.680556   638   17   6 0.000
239.736111 239.763889   650   17   6 0.000
239.819444 239.847222   665   18   6 0.000
239.902778 239.930556   698   18   6 0.000
239.986111 240.013889   630   17   6 0.000
240.069444 240.097222   633   17   6 0.000
240.152778 240.180556   635   17   6 0.000
240.236111 240.263889   645   17   6 0.000
240.319444 240.347222   738   19   6 0.000
240.402778 240.430556   654   18   6 0.000
240.486111 240.513889   702   19   6 0.000
240.569444 240.597222   684   18   6 0.000
240.652778 240.680556   678   18   6 0.000
240.736111 240.763889   697   18   6 0.000
240.819444 240.847222   667   18   6 0.000
240.902778 240.930556   660   18   6 0.000
240.986111 241.013889   664   18   6 0.000
241.069444 241.097222   647   17   6 0.000
241.152778 241.180556   668   18   6 0.000
241.236111 241.263889   703   19   6 0.000
241.319444 241.347222   728   19   6 0.000
241.402778 241.430556   746   19   6 0.000
241.486111 241.513889   710   19   6 0.000
241.569444 241.597222   721   19   6 0.000
241.652778 241.680556  1027   25   7 0.000
241.736111 241.763889   774   20   6 0.000
241.819444 241.847222   744   19   6 0.000
241.902778 241.930556   749   20   6 0.000
241.986111 242.013889   756   20   6 0.000
242.069444 242.097222   739   19   6 0.000
242.152778 242.180556   735   19   6 0.000
242.236111 242.263889   775   20   6 0.000
242.319444 242.347222   764   20   6 0.000
242.402778 242.430556   812   21   7 0.000
242.486111 242.513889   827   21   7 0.000
242.569444 242.597222   824   21   7 0.000
242.652778 242.680556   819   21   7 0.000
242.736111 242.763889   817   21   7 0.000
242.819444 242.847222   815   21   7 0.000
242.902778 242.930556   762   20   6 0.000
242.986111 243.013889   813   21   7 0.000
243.069444 243.097222   751   20   6 0.000
243.152778 243.180556   735   19   6 0.000
243.236111 243.263889   604   17   6 0.000
243.319444 243.347222   651   18   6 0.000
243.402778 243.430556   634   17   6 0.000
243.486111 243.513889   607   17   6 0.000
243.569444 243.597222   568   16   5 0.000
243.652778 243.680556   543   15   5 0.000
243.736111 243.763889   549   15   5 0.000
243.819444 243.847222   536   15   5 0.000
243.902778 243.930556   515   15   5 0.000
243.986111 244.013889   526   15   5 0.000
244.069444 244.097222   499   14   5 0.000
244.152778 244.180556   498   14   5 0.000
244.236111 244.263889   518   15   5 0.000
244.319444 244.347222   606   17   6 0.000
244.402778 244.430556   580   16   6 0.000
244.486111 244.513889   569   16   5 0.000
244.569444 244.597222   595   16   6 0.000
244.652778 244.680556   593   16   6 0.000
244.736111 244.763889   612   17   6 0.000
244.819444 244.847222   610   17   6 0.000
244.902778 244.930556   637   17   6 0.000
244.986111 245.013889   590   16   6 0.000
245.069444 245.097222   582   16   6 0.000
245.152778 245.180556   558   16   5 0.000
245.236111 245.263889   559   16   5 0.000
245.319444 245.347222   552   15   5 0.000
245.402778 245.430556   700   19   6 0.000
245.486111 245.513889   693   18   6 0.000
245.569444 245.597222   667   18   6 0.000
245.652778 245.680556   742   19   6 0.000
245.736111 245.763889   722   19   6 0.000
245.819444 245.847222   849   22   7 0.000
245.902778 245.930556   685   18   6 0.000
245.986111 246.013889   667   18   6 0.000
246.069444 246.097222   689   18   6 0.000
246.152778 246.180556   685   18   6 0.000
246.236111 246.263889   679   18   6 0.000
246.319444 246.347222   694   18   6 0.000
246.402778 246.430556   743   19   6 0.000
246.486111 246.513889   729   19   6 0.000
246.569444 246.597222   732   19   6 0.000
246.652778 246.680556   708   19   6 0.000
246.736111 246.763889   655   18   6 0.000
246.819444 246.847222   634   17   6 0.000
246.902778 246.930556   630   17   6 0.000
246.986111 247.013889   626   17   6 0.000
247.069444 247.097222   569   16   5 0.000
247.152778 247.180556   548   15   5 0.000
247.236111 247.263889   565   16   5 0.000
247.319444 247.347222   628   17   6 0.000
247.402778 247.430556   645   17   6 0.000
247.486111 247.513889   638   17   6 0.000
247.569444 247.597222   634   17   6 0.000
247.652778 247.680556   625   17   6 0.000
247.736111 247.763889   611   17   6 0.000
247.819444 247.847222   615   17   6 0.000
247.902778 247.930556   636   17   6 0.000
247.986111 248.013889   641   17   6 0.000
248.069444 248.097222   629   17   6 0.000
248.152778 248.180556   632   17   6 0.000
248.236111 248.263889   635   17   6 0.000
248.319444 248.347222   633   17   6 0.000
248.402778 248.430556   642   17   6 0.000
248.486111 248.513889   684   18   6 0.000
248.569444 248.597222   661   18   6 0.000
248.652778 248.680556   658   18   6 0.000
248.736111 248.763889   666   18   6 0.000
248.819444 248.847222   650   17   6 0.000
248.902778 248.930556   662   18   6 0.000
248.986111 249.013889   660   18   6 0.000
249.069444 249.097222   658   18   6 0.000
249.152778 249.180556   673   18   6 0.000
249.236111 249.263889   672   18   6 0.000
249.319444 249.347222   703   19   6 0.000
249.402778 249.430556   722   19   6 0.000
249.486111 249.513889   679   18   6 0.000
249.569444 249.597222   645   17   6 0.000
249.652778 249.680556   641   17   6 0.000
249.736111 249.763889   623   17   6 0.000
249.819444 249.847222   645   17   6 0.000
249.902778 249.930556   658   18   6 0.000
249.986111 250.013889   678   18   6 0.000
250.069444 250.097222   684   18   6 0.000
250.152778 250.180556   684   18   6 0.000
250.236111 250.263889   686   18   6 0.000
250.319444 250.347222   705   19   6 0.000
250.402778 250.430556   723   19   6 0.000
250.486111 250.513889   757   20   6 0.000
250.569444 250.597222   744   19   6 0.000
250.652778 250.680556   851   22   7 0.000
250.736111 250.763889   894   23   7 0.000
250.819444 250.847222   934   23   7 0.000
250.902778 250.930556   826   21   7 0.000
250.986111 251.013889   858   22   7 0.000
251.069444 251.097222   811   21   7 0.000
251.152778 251.180556   790   20   6 0.000
251.236111 251.263889   749   20   6 0.000
251.319444 251.347222   801   21   7 0.000
251.402778 251.430556   859   22   7 0.000
251.486111 251.513889   803   21   7 0.000
251.569444 251.597222   647   17   6 0.000
251.652778 251.680556   591   16   6 0.000
251.736111 251.763889   574   16   6 0.000
251.819444 251.847222   616   17   6 0.000
251.902778 251.930556   618   17   6 0.000
251.986111 252.013889   631   17   6 0.000
252.069444 252.097222   634   17   6 0.000
252.152778 252.180556   626   17   6 0.000
252.236111 252.263889   633   17   6 0.000
252.319444 252.347222   642   17   6 0.000
252.402778 252.430556   683   18   6 0.000
252.486111 252.513889   668   18   6 0.000
252.569444 252.597222   667   18   6 0.000
252.652778 252.680556   667   18   6 0.000
252.736111 252.763889   672   18   6 0.000
252.819444 252.847222   735   19   6 0.000
252.902778 252.930556   769   20   6 0.000
252.986111 253.013889   868   22   7 0.000
253.069444 253.097222   971   24   7 0.000
253.152778 253.180556   930   23   7 0.000
253.236111 253.263889   961   24   7 0.000
253.319444 253.347222   835   21   7 0.000
253.402778 253.430556   869   22   7 0.000
253.486111 253.513889   873   22   7 0.000
253.569444 253.597222   866   22   7 0.000
253.652778 253.680556   765   20   6 0.000
253.736111 253.763889   746   19   6 0.000
253.819444 253.847222   714   19   6 0.000
253.902778 253.930556   712   19   6 0.000
253.986111 254.013889   595   16   6 0.000
254.069444 254.097222   609   17   6 0.000
254.152778 254.180556   619   17   6 0.000
254.236111 254.263889   657   18   6 0.000
254.319444 254.347222   645   17   6 0.000
254.402778 254.430556   696   18   6 0.000
254.486111 254.513889   691   18   6 0.000
254.569444 254.597222   672   18   6 0.000
254.652778 254.680556   680   18   6 0.000
254.736111 254.763889   686   18   6 0.000
254.819444 254.847222   651   18   6 0.000
254.902778 254.930556   671   18   6 0.000
254.986111 255.013889   672   18   6 0.000
255.069444 255.097222   636   17   6 0.000
255.152778 255.180556   617   17   6 0.000
255.236111 255.263889   607   17   6 0.000
255.319444 255.347222   597   16   6 0.000
255.402778 255.430556   615   17   6 0.000
255.486111 255.513889   609   17   6 0.000
255.569444 255.597222   594   16   6 0.000
255.652778 255.680556   593   16   6 0.000
255.736111 255.763889   595   16   6 0.000
255.819444 255.847222   617   17   6 0.000
255.902778 255.930556   600   16   6 0.000
255.986111 256.013889   601   16   6 0.000
256.069444 256.097222   602   16   6 0.000
256.152778 256.180556   611   17   6 0.000
256.236111 256.263889   579   16   6 0.000
256.319444 256.347222   668   18   6 0.000
256.402778 256.430556   670   18   6 0.000
256.486111 256.513889   674   18   6 0.000
256.569444 256.597222   667   18   6 0.000
256.652778 256.680556   635   17   6 0.000
256.736111 256.763889   622   17   6 0.000
256.819444 256.847222   616   17   6 0.000
256.902778 256.930556   694   18   6 0.000
256.986111 257.013889   709   19   6 0.000
257.069444 257.097222   706   19   6 0.000
257.152778 257.180556   714   19   6 0.000
257.236111 257.263889   646   17   6 0.000
257.319444 257.347222   719   19   6 0.000
257.402778 257.430556   850   22   7 0.000
257.486111 257.513889   773   20   6 0.000
257.569444 257.597222   772   20   6 0.000
257.652778 257.680556   751   20   6 0.000
257.736111 257.763889   741   19   6 0.000
257.819444 257.847222   757   20   6 0.000
257.902778 257.930556   743   19   6 0.000
257.986111 258.013889   728   19   6 0.000
258.069444 258.097222   711   19   6 0.000
258.152778 258.180556   728   19   6 0.000
258.236111 258.263889   728   19   6 0.000
258.319444 258.347222   745   19   6 0.000
258.402778 258.430556   784   20   6 0.000
258.486111 258.513889   838   21   7 0.000
258.569444 258.597222   795   21   6 0.000
258.652778 258.680556   793   20   6 0.000
258.736111 258.763889   822   21   7 0.000
258.819444 258.847222   820   21   7 0.000
258.902778 258.930556   681   18   6 0.000
258.986111 259.013889   714   19   6 0.000
259.069444 259.097222   624   17   6 0.000
259.152778 259.180556   652   18   6 0.000
259.236111 259.263889   698   18   6 0.000
259.319444 259.347222   696   18   6 0.000
