data/obs/c2h6/WDCGG/event/CH0005R.20150101011100.20160915102628.online_gc.ethane.air.1y.2h.CH01L_Agilent_ADS-GC-FID_cn10450060_RIG.CH01L_ADS_GC_FID_VOCAIR_RIGI.lev2.nas
68 1001
Hill, Matz; Reimann, Stefan
CH01L, Swiss Federal Laboratories for Materials Science and Technology, EMPA, Section Air Pollution, Überlandstrasse 133, , 8600, Dübendorf, Switzerland
Hill, Matz
ACTRIS EMEP GAW-WDCRG
1 1
2015 01 01 2016 09 15
0
days from file reference point
5
1 1 1 1 1
999.999999 99999 999.99 99.99 9.999
end_time of measurement, days from the file reference point
ethane, pmol/mol, Statistics=arithmetic mean, Data level=, Standard method=, Calibration scale=, Inlet type=, Detection limit=9.0 pmol/mol
ethane, pmol/mol, Revision date=20160725000000, Statistics=expanded uncertainty 2sigma
ethane, pmol/mol, Revision date=20160725000000, Statistics=precision
numflag, no unit
0
49
Data definition:              EBAS_1.1
Set type code:                TI
Timezone:                     UTC
File name:                    CH0005R.20150101011100.20160915102628.online_gc.ethane.air.1y.2h.CH01L_Agilent_ADS-GC-FID_cn10450060_RIG.CH01L_ADS_GC_FID_VOCAIR_RIGI.lev2.nas
File creation:                20190306184553
Startdate:                    20150101011100
Revision date:                20160915102628
Version:                      2
Version description:          initial revision, manually inspected
Data level:                   2
Period code:                  1y
Resolution code:              2h
Sample duration:              40mn
Orig. time res.:              2h
Station code:                 CH0005R
Platform code:                CH0005S
Station name:                 Rigi
Station GAW-ID:               RIG
Station latitude:             47.0675
Station longitude:            8.463889
Station altitude:             1031.0m
Measurement height:           4.0m
Regime:                       IMG
Component:                    ethane
Unit:                         pmol/mol
Matrix:                       air
Instrument type:              online_gc
Laboratory code:              CH01L
Instrument name:              Agilent_ADS-GC-FID_cn10450060_RIG
Instrument manufacturer:      Agilent
Instrument model:             6890GC/FID
Instrument serial number:     cn10450060
Method ref:                   CH01L_ADS_GC_FID_VOCAIR_RIGI
Standard method:              None
Calibration scale:            NPL
Inlet type:                   Hat or hood
Inlet description:            above the roof
Volume std. temperature:      273.15 K
Volume std. pressure:         1013.25 hPa
Detection limit expl.:        Determined by integration of a baseline signal multiplied by a factor of 3, detection     limit flag 147
Measurement uncertainty expl.: Includes reproducibility (precision) + systematic errors (accuracy)
Zero/negative values code:    Zero/negative impossible
Zero/negative values:         Neg. values don't appear because data was processed and neg data taken out
Originator:                   Hill, Matz, matthias.hill@empa.ch, Swiss Federal Laboratories for Materials Science and Technology, Empa, Air Pollution/Environmental Technology, Ueberlandstrasse 129, , CH-8600, Duebendorf, Switzerland
Originator:                   Reimann, Stefan, , , , , , , , , 
Submitter:                    Hill, Matz, matthias.hill@empa.ch, Swiss Federal Laboratories for Materials Science and Technology, Empa, Air Pollution/Environmental Technology, Ueberlandstrasse 129, , CH-8600, Duebendorf, Switzerland
Acknowledgement:              Request acknowledgement details from data originator
Comment:                      "No SOP currently available, o3 removed with an ozone scrubber, nafion dryer, Calibration interval:1/month calibration interval"
starttime endtime C2H6 C2H6 C2H6 flag
[from data line 341]
 28.987499  29.015277  1977  41.53  6.35 0.000
 29.070833  29.098611  2018  42.34  6.40 0.000
 29.154166  29.181944  1926  40.53  6.30 0.000
 29.237499  29.265277  1895  39.92  6.27 0.000
 29.320833  29.348611  1946  40.92  6.32 0.000
 29.404166  29.431944  2027  42.52  6.41 0.000
 29.487499  29.515277  2076  43.48  6.46 0.000
 29.570833  29.598611  2085  43.66  6.47 0.000
 29.654166  29.681944  2072  43.41  6.46 0.000
 29.737499  29.765277  2116  44.28  6.51 0.000
 29.820833  29.848611  2119  44.33  6.51 0.000
 29.904166  29.931944  2158  45.10  6.55 0.000
 29.987499  30.015277  2166  45.26  6.56 0.000
 30.070833  30.098611  2239  46.71  6.64 0.000
 30.154166  30.181944  2266  47.24  6.67 0.000
 30.237499  30.265277  2245  46.83  6.65 0.000
 30.320833  30.348611  2241  46.75  6.64 0.000
 30.404166  30.431944  2230  46.53  6.63 0.000
 30.487499  30.515277  2171  45.36  6.57 0.000
 30.570833  30.598611  2253  46.99  6.66 0.000
 30.654166  30.681944  2377  49.44  6.79 0.000
 30.737499  30.765277  2043  42.84  6.43 0.000
 30.820833  30.848611  2105  44.06  6.49 0.000
 30.904166  30.931944  2176  45.46  6.57 0.000
 30.987499  31.015277  2167  45.28  6.56 0.000
 31.070833  31.098611  2144  44.83  6.54 0.000
 31.154166  31.181944  2147  44.89  6.54 0.000
 31.237499  31.265277  2151  44.96  6.54 0.000
 31.320833  31.348611  2216  46.26  6.62 0.000
 31.404166  31.431944  2352  48.94  6.76 0.000
 31.487499  31.515277  2344  48.79  6.75 0.000
 31.570833  31.598611  2523  52.34  6.95 0.000
 31.654166  31.681944  2548  52.84  6.98 0.000
 31.737499  31.765277  2509  52.06  6.93 0.000
 31.820833  31.848611  2356  49.03  6.77 0.000
 31.904166  31.931944  2341  48.73  6.75 0.000
 31.987499  32.015277  2339  48.69  6.75 0.000
 32.070833  32.098611  2331  48.53  6.74 0.000
 32.154166  32.181944  2415  50.19  6.83 0.000
 32.237499  32.265277  2445  50.79  6.87 0.000
 32.320833  32.348611  2394  49.78  6.81 0.000
 32.404166  32.431944  2380  49.50  6.79 0.000
 32.487499  32.515277  2398  49.86  6.81 0.000
 32.570833  32.598611  2319  48.29  6.73 0.000
 32.654166  32.681944  2348  48.87  6.76 0.000
 32.737499  32.765277  2343  48.77  6.75 0.000
 32.820833  32.848611  2315  48.21  6.72 0.000
 32.904166  32.931944  2363  49.17  6.78 0.000
 32.987499  33.015277  2311  48.13  6.72 0.000
 33.070833  33.098611  2318  48.27  6.73 0.000
 33.154166  33.181944  2326  48.43  6.74 0.000
 33.236806  33.264583  2402  49.94  6.82 0.000
 33.320138  33.347916  2332  48.55  6.74 0.000
 33.403472  33.431250  2410  50.10  6.83 0.000
 33.486806  33.514583  2434  50.57  6.85 0.000
 33.570138  33.597916  2422  50.33  6.84 0.000
 33.653472  33.681250  2464  51.17  6.89 0.000
 33.736806  33.764583  2498  51.84  6.92 0.000
 33.820138  33.847916  2540  52.68  6.97 0.000
 33.903472  33.931250  2567  53.21  7.00 0.000
 33.986806  34.014583  2523  52.34  6.95 0.000
 34.070138  34.097916  2509  52.06  6.93 0.000
 34.153472  34.181250  2547  52.82  6.98 0.000
 34.236806  34.264583  2561  53.09  6.99 0.000
 34.320138  34.347916  2551  52.90  6.98 0.000
 34.403472  34.431250  2557  53.02  6.99 0.000
 34.486806  34.514583  2538  52.64  6.97 0.000
 34.570138  34.597916  2508  52.04  6.93 0.000
 34.653472  34.681250  2468  51.25  6.89 0.000
 34.736806  34.764583  2441  50.71  6.86 0.000
 34.820138  34.847916  2668  55.22  7.11 0.000
 34.903472  34.931250  2701  55.88  7.14 0.000
 34.986806  35.014583  2678  55.42  7.12 0.000
 35.070138  35.097916  2711  56.07  7.15 0.000
 35.153472  35.181250  2658  55.02  7.10 0.000
 35.236806  35.264583  2668  55.22  7.11 0.000
 35.320138  35.347916  3007  61.97  7.48 0.000
 35.403472  35.431250  2998  61.79  7.47 0.000
 35.486806  35.514583  2753  56.91  7.20 0.000
 35.570138  35.597916  3097  63.77  7.58 0.000
 35.653472  35.681250  3604  73.89  8.13 0.000
 35.736806  35.764583  3518  72.17  8.03 0.000
 35.820138  35.847916  3461  71.03  7.97 0.000
 35.903472  35.931250  3432  70.45  7.94 0.000
 35.986806  36.014583  3303  67.88  7.80 0.000
 36.070138  36.097916  3463  71.07  7.97 0.000
 36.153472  36.181250  3540  72.61  8.06 0.000
 36.236806  36.264583  3454  70.89  7.96 0.000
 36.606944  36.634722  3710  76.01  8.24 0.000
 36.690277  36.718056  3510  72.01  8.03 0.000
 36.773611  36.801389  3441  70.63  7.95 0.000
 36.856944  36.884722  3391  69.64  7.90 0.000
 36.940277  36.968056  3292  67.66  7.79 0.000
 37.023611  37.051389  3165  65.12  7.65 0.000
 37.106944  37.134722  3075  63.33  7.55 0.000
 37.190277  37.218056  3132  64.46  7.61 0.000
 37.273611  37.301389  3156  64.94  7.64 0.000
 37.356944  37.384722  3156  64.94  7.64 0.000
 37.440277  37.468056  3142  64.66  7.62 0.000
 37.523611  37.551389  3131  64.44  7.61 0.000
 37.606944  37.634722  3105  63.92  7.58 0.000
 37.690277  37.718056  3073  63.29  7.55 0.000
 37.773611  37.801389  3097  63.77  7.58 0.000
 37.856944  37.884722  3099  63.81  7.58 0.000
 37.940277  37.968056  3078  63.39  7.56 0.000
 38.023611  38.051389  3078  63.39  7.56 0.000
 38.106944  38.134722  3031  62.45  7.50 0.000
 38.190277  38.218056  2959  61.02  7.43 0.000
 38.273611  38.301389  2742  56.69  7.19 0.000
 38.356944  38.384722  2636  54.58  7.07 0.000
 38.440277  38.468056  2737  56.59  7.18 0.000
 38.523611  38.551389  2561  53.09  6.99 0.000
 38.606944  38.634722  2387  49.64  6.80 0.000
 38.690277  38.718056  2382  49.54  6.80 0.000
 38.773611  38.801389  2473  51.35  6.90 0.000
 38.856944  38.884722  2260  47.12  6.66 0.000
 38.940277  38.968056  2181  45.56  6.58 0.000
 39.023611  39.051389  2016  42.30  6.40 0.000
 39.106944  39.134722  2047  42.91  6.43 0.000
 39.190277  39.218056  2026  42.50  6.41 0.000
 39.273611  39.301389  2078  43.53  6.47 0.000
 39.356944  39.384722  2038  42.73  6.42 0.000
 39.440277  39.468056  2164  45.22  6.56 0.000
 39.523611  39.551389  2236  46.65  6.64 0.000
 39.606944  39.634722  2213  46.19  6.61 0.000
 39.690277  39.718056  2167  45.28  6.56 0.000
 39.773611  39.801389  2206  46.05  6.60 0.000
 39.856944  39.884722  2212  46.17  6.61 0.000
 39.940277  39.968056  2206  46.05  6.60 0.000
 40.023611  40.051389  2158  45.10  6.55 0.000
 40.106944  40.134722  2152  44.99  6.55 0.000
 40.190277  40.218056  1951  41.02  6.33 0.000
 40.273611  40.301389  2033  42.64  6.42 0.000
 40.356944  40.384722  2073  43.43  6.46 0.000
 40.440277  40.468056  2007  42.13  6.39 0.000
 40.523611  40.551389  2196  45.85  6.59 0.000
 40.606944  40.634722  2391  49.72  6.81 0.000
 40.690277  40.718056  2406  50.02  6.82 0.000
 40.773611  40.801389  2247  46.87  6.65 0.000
 40.856944  40.884722  2145  44.85  6.54 0.000
 40.940277  40.968056  2164  45.22  6.56 0.000
 41.022916  41.050694  2171  45.36  6.57 0.000
 41.106249  41.134027  1970  41.40  6.35 0.000
 41.189583  41.217361  1742  36.91  6.10 0.000
 41.272916  41.300694  1879  39.60  6.25 0.000
 41.356249  41.384027  1816  38.37  6.18 0.000
 41.439583  41.467361  1639  34.90  5.99 0.000
 41.522916  41.550694  1705  36.19  6.06 0.000
 41.606249  41.634027  1633  34.78  5.98 0.000
 41.689583  41.717361  1635  34.82  5.98 0.000
 41.772916  41.800694  1646  35.03  5.99 0.000
 41.856249  41.884027  1628  34.68  5.97 0.000
 41.939583  41.967361  1629  34.71  5.98 0.000
 42.022916  42.050694  1752  37.11  6.11 0.000
 42.106249  42.134027  1609  34.31  5.95 0.000
 42.189583  42.217361  1632  34.76  5.98 0.000
 42.272916  42.300694  1633  34.78  5.98 0.000
 42.356249  42.384027  1649  35.10  6.00 0.000
 42.439583  42.467361  1630  34.72  5.98 0.000
 42.522916  42.550694  1621  34.55  5.97 0.000
 42.606249  42.634027  1703  36.15  6.06 0.000
 42.689583  42.717361  1686  35.82  6.04 0.000
 42.772916  42.800694  1706  36.21  6.06 0.000
 42.856249  42.884027  1716  36.40  6.07 0.000
 42.939583  42.967361  1674  35.58  6.02 0.000
 43.022916  43.050694  1633  34.78  5.98 0.000
 43.106249  43.134027  1642  34.96  5.99 0.000
 43.189583  43.217361  1622  34.57  5.97 0.000
 43.272916  43.300694  1652  35.15  6.00 0.000
 43.356249  43.384027  1657  35.25  6.01 0.000
 43.439583  43.467361  1609  34.31  5.95 0.000
 43.522916  43.550694  1710  36.28  6.06 0.000
 43.606249  43.634027  1829  38.62  6.19 0.000
 43.689583  43.717361  1833  38.70  6.20 0.000
 43.772916  43.800694  1857  39.17  6.22 0.000
 43.856249  43.884027  1830  38.64  6.19 0.000
 43.939583  43.967361  1802  38.09  6.16 0.000
 44.022916  44.050694  1945  40.90  6.32 0.000
 44.106249  44.134027  1939  40.78  6.31 0.000
 44.189583  44.217361  2327  48.45  6.74 0.000
 44.272916  44.300694  2287  47.66  6.69 0.000
 44.356249  44.384027  2308  48.08  6.72 0.000
 44.439583  44.467361  2365  49.21  6.78 0.000
 44.522916  44.550694  2234  46.61  6.64 0.000
 44.606249  44.634027  2373  49.36  6.79 0.000
 44.689583  44.717361  2406  50.02  6.82 0.000
 44.772916  44.800694  2449  50.87  6.87 0.000
 44.856249  44.884027  2592  53.71  7.03 0.000
 44.939583  44.967361  2293  47.78  6.70 0.000
 45.022916  45.050694  2135  44.65  6.53 0.000
 45.106249  45.134027  2205  46.03  6.60 0.000
 45.189583  45.217361  2225  46.43  6.63 0.000
 45.272916  45.300694  2299  47.90  6.71 0.000
 45.356249  45.384027  2390  49.70  6.81 0.000
 45.439583  45.467361  2488  51.64  6.91 0.000
 45.522916  45.550694  2606  53.99  7.04 0.000
 45.606249  45.634027  2332  48.55  6.74 0.000
 45.689583  45.717361  2700  55.86  7.14 0.000
 45.772916  45.800694  2385  49.60  6.80 0.000
 45.856249  45.884027  2601  53.89  7.04 0.000
 45.939583  45.967361  2806  57.97  7.26 0.000
 46.022916  46.050694  3099  63.81  7.58 0.000
 46.106249  46.134027  3049  62.81  7.52 0.000
 46.189583  46.217361  2389  49.68  6.80 0.000
 46.272916  46.300694  2368  49.26  6.78 0.000
 46.356249  46.384027  2217  46.27  6.62 0.000
 46.439583  46.467361  2385  49.60  6.80 0.000
 46.522916  46.550694  2310  48.12  6.72 0.000
 46.606249  46.634027  2237  46.67  6.64 0.000
 46.689583  46.717361  2255  47.03  6.66 0.000
 46.772916  46.800694  2172  45.38  6.57 0.000
 46.856249  46.884027  2183  45.60  6.58 0.000
 46.939583  46.967361  2443  50.75  6.86 0.000
 47.022916  47.050694  2294  47.80  6.70 0.000
 47.106249  47.134027  2240  46.73  6.64 0.000
 47.189583  47.217361  2194  45.82  6.59 0.000
 47.272916  47.300694  2164  45.22  6.56 0.000
 47.356249  47.384027  2143  44.81  6.54 0.000
 47.439583  47.467361  2260  47.12  6.66 0.000
 47.522916  47.550694  2350  48.91  6.76 0.000
 47.606249  47.634027  2414  50.18  6.83 0.000
 47.689583  47.717361  2481  51.50  6.90 0.000
 47.772916  47.800694  2946  60.76  7.41 0.000
 47.856249  47.884027  3042  62.67  7.52 0.000
 47.939583  47.967361  3180  65.42  7.67 0.000
 48.022916  48.050694  3096  63.74  7.57 0.000
 48.106249  48.134027  3070  63.23  7.55 0.000
 48.189583  48.217361  3000  61.83  7.47 0.000
 48.589583  48.617361  3072  63.01  7.00 0.000
 48.672916  48.700694  3079  63.15  7.00 0.000
 48.756249  48.784027  2986  61.30  6.92 0.000
 48.839583  48.867361  2888  59.35  6.83 0.000
 48.922916  48.950694  2916  59.91  6.85 0.000
 49.006249  49.034027  2791  57.42  6.74 0.000
 49.089583  49.117361  2838  58.36  6.78 0.000
 49.172916  49.200694  2193  45.58  6.20 0.000
 49.256249  49.284027  1850  38.82  5.88 0.000
 49.339583  49.367361  1836  38.55  5.87 0.000
 49.422916  49.450694  1852  38.87  5.89 0.000
 49.506249  49.534027  1884  39.49  5.91 0.000
 49.589583  49.617361  1915  40.10  5.94 0.000
 49.672916  49.700694  1900  39.81  5.93 0.000
 49.756249  49.784027  1879  39.40  5.91 0.000
 49.839583  49.867361  1868  39.18  5.90 0.000
 49.922916  49.950694  1892  39.65  5.92 0.000
 50.006249  50.034027  1789  37.63  5.83 0.000
 50.089583  50.117361  1813  38.10  5.85 0.000
 50.172916  50.200694  1891  39.63  5.92 0.000
 50.256249  50.284027  1902  39.85  5.93 0.000
 50.339583  50.367361  1888  39.57  5.92 0.000
 50.422916  50.450694  1864  39.10  5.90 0.000
 50.506249  50.534027  1880  39.41  5.91 0.000
 50.589583  50.617361  1988  41.54  6.01 0.000
 50.672916  50.700694  2011  41.99  6.03 0.000
 50.756249  50.784027  1974  41.26  6.00 0.000
 50.839583  50.867361  2033  42.42  6.05 0.000
 50.922916  50.950694  2157  44.86  6.16 0.000
 51.006249  51.034027  2200  45.71  6.20 0.000
 51.089583  51.117361  2220  46.11  6.22 0.000
 51.172916  51.200694  2211  45.93  6.21 0.000
 51.256249  51.284027  2337  48.42  6.33 0.000
 51.339583  51.367361  2281  47.32  6.28 0.000
 51.422916  51.450694  2275  47.20  6.27 0.000
 51.506249  51.534027  2278  47.25  6.27 0.000
 51.589583  51.617361  2229  46.29  6.23 0.000
 51.672916  51.700694  2154  44.81  6.16 0.000
 51.756249  51.784027  1942  40.63  5.97 0.000
 51.839583  51.867361  2106  43.86  6.12 0.000
 51.922916  51.950694  2222  46.15  6.22 0.000
 52.006249  52.034027  2233  46.37  6.23 0.000
 52.089583  52.117361  2236  46.42  6.23 0.000
 52.172916  52.200694  2373  49.14  6.36 0.000
 52.256249  52.284027  2411  49.88  6.39 0.000
 52.339583  52.367361  2426  50.19  6.41 0.000
 52.422916  52.450694  2455  50.76  6.43 0.000
 52.506249  52.534027  2472  51.10  6.45 0.000
 52.589583  52.617361  2196  45.64  6.20 0.000
 52.672916  52.700694  2130  44.33  6.14 0.000
 52.756249  52.784027  2128  44.30  6.14 0.000
 52.839583  52.867361  2177  45.26  6.18 0.000
 52.922916  52.950694  2270  47.10  6.27 0.000
 53.006249  53.034027  2345  48.58  6.33 0.000
 53.089583  53.117361  2331  48.30  6.32 0.000
 53.172916  53.200694  2337  48.42  6.33 0.000
 53.256249  53.284027  2198  45.68  6.20 0.000
 53.339583  53.367361  2243  46.56  6.24 0.000
 53.422916  53.450694  2227  46.25  6.23 0.000
 53.506249  53.534027  2148  44.69  6.15 0.000
 53.589583  53.617361  1649  34.89  5.70 0.000
 53.672916  53.700694  1602  33.98  5.66 0.000
 53.756249  53.784027  1657  35.05  5.71 0.000
 53.839583  53.867361  1788  37.61  5.83 0.000
 53.922916  53.950694  1909  39.99  5.94 0.000
 54.006249  54.034027  2047  42.70  6.06 0.000
 54.089583  54.117361  2084  43.43  6.10 0.000
 54.172916  54.200694  2197  45.66  6.20 0.000
 54.256249  54.284027  2274  47.18  6.27 0.000
 54.339583  54.367361  2270  47.10  6.27 0.000
 54.422916  54.450694  2301  47.71  6.29 0.000
 54.506249  54.534027  2322  48.12  6.31 0.000
 54.589583  54.617361  2340  48.48  6.33 0.000
 54.672916  54.700694  2306  47.81  6.30 0.000
 54.756249  54.784027  2323  48.14  6.31 0.000
 54.839583  54.867361  2298  47.65  6.29 0.000
 54.922916  54.950694  2294  47.57  6.29 0.000
 55.006249  55.034027  2315  47.99  6.31 0.000
 55.089583  55.117361  2369  49.06  6.36 0.000
 55.172916  55.200694  2352  48.72  6.34 0.000
 55.256249  55.284027  2380  49.28  6.37 0.000
 55.339583  55.367361  2404  49.75  6.39 0.000
 55.422916  55.450694  2384  49.35  6.37 0.000
 55.506249  55.534027  2404  49.75  6.39 0.000
 55.589583  55.617361  2414  49.95  6.40 0.000
 55.672916  55.700694  2348  48.64  6.34 0.000
 55.756249  55.784027  2318  48.05  6.31 0.000
 55.839583  55.867361  2322  48.12  6.31 0.000
 55.922916  55.950694  2310  47.89  6.30 0.000
 56.006249  56.034027  2334  48.36  6.32 0.000
 56.089583  56.117361  2330  48.28  6.32 0.000
 56.172916  56.200694  2300  47.69  6.29 0.000
 56.256249  56.284027  2274  47.18  6.27 0.000
 56.339583  56.367361  2260  46.90  6.26 0.000
 56.422916  56.450694  2245  46.60  6.24 0.000
 56.506249  56.534027  2215  46.01  6.22 0.000
 56.589583  56.617361  2248  46.67  6.25 0.000
 56.672916  56.700694  2266  47.02  6.26 0.000
 56.756249  56.784027  2170  45.12  6.17 0.000
 56.839583  56.867361  2046  42.68  6.06 0.000
 56.922916  56.950694  2038  42.52  6.05 0.000
 57.006249  57.034027  2018  42.13  6.04 0.000
 57.089583  57.117361  2034  42.44  6.05 0.000
 57.172916  57.200694  1886  39.53  5.92 0.000
 57.256249  57.284027  2150  44.73  6.16 0.000
 57.339583  57.367361  1991  41.59  6.01 0.000
 57.422916  57.450694  1901  39.83  5.93 0.000
 57.506249  57.534027  2464  50.94  6.44 0.000
 57.589583  57.617361  2582  53.28  6.55 0.000
 57.672916  57.700694  2592  53.47  6.56 0.000
 57.756249  57.784027  2626  54.15  6.59 0.000
