data/obs/c2h6/WDCGG/event/CH0005R.20090101000000.20160915102628.online_gc.ethane.air.1y.2h.CH01L_Agilent_ADS-GC-FID_cn10450060_RIG.CH01L_ADS_GC_FID_VOCAIR_RIGI..nas
58 1001
Reimann, Stefan
CH01L, Swiss Federal Laboratories for Materials Science and Technology, EMPA, Section Air Pollution, Überlandstrasse 133, , 8600, Dübendorf, Switzerland
Reimann, Stefan
EMEP GAW-WDCRG
1 1
2009 01 01 2016 09 15
0.083333
days from file reference point
3
1 1 1
999.999999 99999 9.999
end_time of measurement, days from the file reference point
ethane, pmol/mol
numflag ethane, no unit
0
41
Data definition:              EBAS_1.1
Set type code:                TU
Timezone:                     UTC
File name:                    CH0005R.20090101000000.20160915102628.online_gc.ethane.air.1y.2h.CH01L_Agilent_ADS-GC-FID_cn10450060_RIG.CH01L_ADS_GC_FID_VOCAIR_RIGI..nas
File creation:                20190306184551
Startdate:                    20090101000000
Revision date:                20160915102628
Statistics:                   arithmetic mean
Data level:                   
Period code:                  1y
Resolution code:              2h
Sample duration:              40mn
Orig. time res.:              2h
Station code:                 CH0005R
Platform code:                CH0005S
Station name:                 Rigi
Station GAW-ID:               RIG
Station latitude:             47.0675
Station longitude:            8.463889
Station altitude:             1031.0m
Measurement height:           4.0m
Regime:                       IMG
Component:                    ethane
Unit:                         pmol/mol
Matrix:                       air
Instrument type:              online_gc
Laboratory code:              CH01L
Instrument name:              Agilent_ADS-GC-FID_cn10450060_RIG
Method ref:                   CH01L_ADS_GC_FID_VOCAIR_RIGI
Inlet description:            above the roof
Volume std. temperature:      273.15 K
Volume std. pressure:         1013.25 hPa
Detection limit:              9.0 pmol/mol
Detection limit expl.:        Determined by integration of a baseline signal multiplied by a factor of 3, detection     limit flag 147
Measurement uncertainty expl.: Includes reproducibility (precision) + systematic errors (accuracy)
Zero/negative values code:    Zero/negative impossible
Zero/negative values:         Neg. values don't appear because data was processed and neg data taken out
Originator:                   Reimann, Stefan, , , , , , , , , 
Submitter:                    Reimann, Stefan, , , , , , , , , 
Comment:                      "No SOP currently available, o3 removed with an ozone scrubber, nafion dryer, Calibration interval:1/month calibration interval"
starttime endtime C2H6 flag_C2H6
[from data line 942]
 78.500000  78.513889  2468 0.000
 78.583333  78.597222  2615 0.000
 78.666667  78.680556  2355 0.000
 78.750000  78.763889  2450 0.000
 78.833333  78.847222  2239 0.000
 78.916667  78.930556  2433 0.000
 79.000000  79.013889  2786 0.000
 79.083333  79.097222  2561 0.000
 79.166667  79.180556  2567 0.000
 79.250000  79.263889  2617 0.000
 79.333333  79.347222  2594 0.000
 79.416667  79.430556  2558 0.000
 79.500000  79.513889  2404 0.000
 79.583333  79.597222  2617 0.000
 79.666667  79.680556  2654 0.000
 79.750000  79.763889  2594 0.000
 79.833333  79.847222  2441 0.000
 79.916667  79.930556  2574 0.000
 80.000000  80.013889  2523 0.000
 80.083333  80.097222  2585 0.000
 80.166667  80.180556  2513 0.000
 80.250000  80.263889  2594 0.000
 80.333333  80.347222  2422 0.000
 80.416667  80.430556  2392 0.000
 80.500000  80.513889  2847 0.000
 80.583333  80.597222  2598 0.000
 80.666667  80.680556  2143 0.000
 80.750000  80.763889  2202 0.000
 80.833333  80.847222  2488 0.000
 80.916667  80.930556  2482 0.000
 81.000000  81.013889  2513 0.000
 81.083333  81.097222  2550 0.000
 81.166667  81.180556  3364 0.000
 81.250000  81.263889  2975 0.000
 81.333333  81.347222  3002 0.000
 81.416667  81.430556  2743 0.000
 81.500000  81.513889  3050 0.000
 81.583333  81.597222  2637 0.000
 81.666667  81.680556  2632 0.000
 81.750000  81.763889  2600 0.000
 81.833333  81.847222  2614 0.000
 81.916667  81.930556  1987 0.000
 82.000000  82.013889  2247 0.000
 82.083333  82.097222  2423 0.000
 82.166667  82.180556  2383 0.000
 82.250000  82.263889  2298 0.000
 82.333333  82.347222  2608 0.000
 82.416667  82.430556  2445 0.000
 82.500000  82.513889  2481 0.000
 82.583333  82.597222  2498 0.000
 82.666667  82.680556  2397 0.000
 82.750000  82.763889  2524 0.000
 82.833333  82.847222  2385 0.000
 82.916667  82.930556  2366 0.000
 83.000000  83.013889  2563 0.000
 83.083333  83.097222  2159 0.000
 83.166667  83.180556  2408 0.000
 83.250000  83.263889  2319 0.000
 83.333333  83.347222  2217 0.000
 83.416667  83.430556  2308 0.000
 83.500000  83.513889  2210 0.000
 83.583333  83.597222  2253 0.000
 83.666667  83.680556  2277 0.000
 83.750000  83.763889  2148 0.000
 83.833333  83.847222  2361 0.000
 83.916667  83.930556  2385 0.000
 84.000000  84.013889  2053 0.000
 84.083333  84.097222  2199 0.000
 84.166667  84.180556  2399 0.000
 84.250000  84.263889  2066 0.000
 84.333333  84.347222  2396 0.000
 84.416667  84.430556  2456 0.000
 84.500000  84.513889  2123 0.000
 84.583333  84.597222  2511 0.000
 84.666667  84.680556  2305 0.000
 84.750000  84.763889  2042 0.000
 84.833333  84.847222  2097 0.000
 84.916667  84.930556  1766 0.000
 85.000000  85.013889  1932 0.000
 85.083333  85.097222  1597 0.000
 85.166667  85.180556  1816 0.000
 85.250000  85.263889  2204 0.000
 85.333333  85.347222  1869 0.000
 85.416667  85.430556  1784 0.000
 85.500000  85.513889  1852 0.000
 85.583333  85.597222  1721 0.000
 85.666667  85.680556  1572 0.000
 85.750000  85.763889  1799 0.000
 85.833333  85.847222  1802 0.000
 85.916667  85.930556  1813 0.000
 86.000000  86.013889  1758 0.000
 86.083333  86.097222  1720 0.000
 86.166667  86.180556  1812 0.000
 86.250000  86.263889  1953 0.000
 86.333333  86.347222  1711 0.000
 86.416667  86.430556  1578 0.000
 86.500000  86.513889  1805 0.000
 86.583333  86.597222  1927 0.000
 86.666667  86.680556  1761 0.000
 86.750000  86.763889  1940 0.000
 86.833333  86.847222  2009 0.000
 86.916667  86.930556  1857 0.000
 87.000000  87.013889  1976 0.000
 87.083333  87.097222  1871 0.000
 87.166667  87.180556  1965 0.000
 87.250000  87.263889  1932 0.000
 87.333333  87.347222  2200 0.000
 87.416667  87.430556  2094 0.000
 87.500000  87.513889  1911 0.000
 87.583333  87.597222  2131 0.000
 87.666667  87.680556  2048 0.000
 87.750000  87.763889  2016 0.000
 87.833333  87.847222  2221 0.000
 87.916667  87.930556  2057 0.000
 88.000000  88.013889  2223 0.000
 88.083333  88.097222  2293 0.000
 88.166667  88.180556  2343 0.000
 88.250000  88.263889  2222 0.000
 88.333333  88.347222  2437 0.000
 88.416667  88.430556  2292 0.000
 88.500000  88.513889  2521 0.000
 88.583333  88.597222  2281 0.000
 88.666667  88.680556  2459 0.000
 88.750000  88.763889  2530 0.000
 88.833333  88.847222  2587 0.000
 88.916667  88.930556  2530 0.000
 89.000000  89.013889  2545 0.000
 89.083333  89.097222  2372 0.000
 89.166667  89.180556  2428 0.000
 89.250000  89.263889  2384 0.000
 89.333333  89.347222  2230 0.000
 89.416667  89.430556  2370 0.000
 89.500000  89.513889  2423 0.000
 89.583333  89.597222  2435 0.000
 89.666667  89.680556  2243 0.000
 89.750000  89.763889  2037 0.000
 89.833333  89.847222  2316 0.000
 89.916667  89.930556  2305 0.000
 90.000000  90.013889  2133 0.000
 90.083333  90.097222  2256 0.000
 90.166667  90.180556  2140 0.000
 90.250000  90.263889  2309 0.000
 90.333333  90.347222  2293 0.000
 90.416667  90.430556  2012 0.000
 90.500000  90.513889  2211 0.000
 90.583333  90.597222  2256 0.000
 90.666667  90.680556  2262 0.000
 90.750000  90.763889  2429 0.000
 90.833333  90.847222  2514 0.000
 90.916667  90.930556  2113 0.000
 91.000000  91.013889  2269 0.000
 91.083333  91.097222  2375 0.000
 91.166667  91.180556  2386 0.000
 91.250000  91.263889  2283 0.000
 91.333333  91.347222  2252 0.000
 91.416667  91.430556  2240 0.000
 91.500000  91.513889  2536 0.000
 91.583333  91.597222  2696 0.000
 91.666667  91.680556  2336 0.000
 91.750000  91.763889  2574 0.000
 91.833333  91.847222  2444 0.000
 91.916667  91.930556  2320 0.000
 92.000000  92.013889  2377 0.000
 92.083333  92.097222  2409 0.000
 92.166667  92.180556  2291 0.000
 92.250000  92.263889  2376 0.000
 92.333333  92.347222  2366 0.000
 92.416667  92.430556  2334 0.000
 92.500000  92.513889  2224 0.000
 92.583333  92.597222  2295 0.000
 92.666667  92.680556  2123 0.000
 92.750000  92.763889  2028 0.000
 92.833333  92.847222  1951 0.000
 92.916667  92.930556  2113 0.000
 93.000000  93.013889  2012 0.000
 93.083333  93.097222  2061 0.000
 93.166667  93.180556  2048 0.000
 93.250000  93.263889  2067 0.000
 93.333333  93.347222  2061 0.000
 93.416667  93.430556  2203 0.000
 93.500000  93.513889  2319 0.000
 93.583333  93.597222  2153 0.000
 93.666667  93.680556  2260 0.000
 93.750000  93.763889  2109 0.000
 93.833333  93.847222  2226 0.000
 93.916667  93.930556  2095 0.000
 94.000000  94.013889  2124 0.000
 94.083333  94.097222  2078 0.000
 94.166667  94.180556  2121 0.000
 94.250000  94.263889  2120 0.000
 94.333333  94.347222  2060 0.000
 94.416667  94.430556  2219 0.000
 94.500000  94.513889  2159 0.000
 94.583333  94.597222  1914 0.000
 94.666667  94.680556  1881 0.000
 94.750000  94.763889  1913 0.000
 94.833333  94.847222  1937 0.000
 94.916667  94.930556  1894 0.000
 95.000000  95.013889  1808 0.000
 95.083333  95.097222  1860 0.000
 95.166667  95.180556  1856 0.000
 95.250000  95.263889  1926 0.000
 95.333333  95.347222  1791 0.000
 95.416667  95.430556  1972 0.000
 95.500000  95.513889  2052 0.000
 95.583333  95.597222  1850 0.000
 95.666667  95.680556  1735 0.000
 95.750000  95.763889  1700 0.000
 95.833333  95.847222  1587 0.000
 95.916667  95.930556  1636 0.000
 96.000000  96.013889  1680 0.000
 96.083333  96.097222  1687 0.000
 96.166667  96.180556  1781 0.000
 96.250000  96.263889  1853 0.000
 96.333333  96.347222  1758 0.000
 96.416667  96.430556  1674 0.000
 96.500000  96.513889  1775 0.000
 96.583333  96.597222  1774 0.000
 96.666667  96.680556  1612 0.000
 96.750000  96.763889  1733 0.000
 96.833333  96.847222  1799 0.000
 96.916667  96.930556  1891 0.000
 97.000000  97.013889  1929 0.000
 97.083333  97.097222  1900 0.000
 97.166667  97.180556  1870 0.000
 97.250000  97.263889  1821 0.000
 97.333333  97.347222  1894 0.000
 97.416667  97.430556  1957 0.000
 97.500000  97.513889  1846 0.000
 97.583333  97.597222  1890 0.000
 97.666667  97.680556  1927 0.000
 97.750000  97.763889  1740 0.000
 97.833333  97.847222  1894 0.000
 97.916667  97.930556  1818 0.000
 98.000000  98.013889  1803 0.000
 98.083333  98.097222  1662 0.000
 98.166667  98.180556 99999 0.999
 98.250000  98.263889  1818 0.000
 98.333333  98.347222  1846 0.000
 98.416667  98.430556  1890 0.000
 98.500000  98.513889  1924 0.000
 98.583333  98.597222  1816 0.000
 98.666667  98.680556  1616 0.000
 98.750000  98.763889  1602 0.000
 98.833333  98.847222  1470 0.000
 98.916667  98.930556  1645 0.000
 99.000000  99.013889  1703 0.000
 99.083333  99.097222  1508 0.000
 99.166667  99.180556  1573 0.000
 99.250000  99.263889  1591 0.000
 99.333333  99.347222  1578 0.000
 99.416667  99.430556  1678 0.000
 99.500000  99.513889  1534 0.000
 99.583333  99.597222  1548 0.000
 99.666667  99.680556  1500 0.000
 99.750000  99.763889  1554 0.000
 99.833333  99.847222  1505 0.000
 99.916667  99.930556  1465 0.000
100.000000 100.013889  1502 0.000
100.083333 100.097222  1524 0.000
100.166667 100.180556  1681 0.000
100.250000 100.263889  1677 0.000
100.333333 100.347222  1555 0.000
100.416667 100.430556  1686 0.000
100.500000 100.513889  1640 0.000
100.583333 100.597222  1611 0.000
100.666667 100.680556  1531 0.000
100.750000 100.763889  1504 0.000
100.833333 100.847222  1473 0.000
100.916667 100.930556  1536 0.000
101.000000 101.013889  1484 0.000
101.083333 101.097222  1573 0.000
101.166667 101.180556  1662 0.000
101.250000 101.263889  1581 0.000
101.333333 101.347222  1624 0.000
101.416667 101.430556  1674 0.000
101.500000 101.513889  1531 0.000
101.583333 101.597222  1792 0.000
101.666667 101.680556  1735 0.000
101.750000 101.763889  1466 0.000
101.833333 101.847222  1500 0.000
101.916667 101.930556  1614 0.000
102.000000 102.013889  1524 0.000
102.083333 102.097222  1585 0.000
102.166667 102.180556  1523 0.000
102.250000 102.263889  1594 0.000
102.333333 102.347222  1759 0.000
102.416667 102.430556  1779 0.000
102.500000 102.513889  1685 0.000
102.583333 102.597222  1627 0.000
102.666667 102.680556  1606 0.000
102.750000 102.763889  1486 0.000
102.833333 102.847222  1677 0.000
102.916667 102.930556  1629 0.000
103.000000 103.013889  1583 0.000
103.083333 103.097222  1626 0.000
103.166667 103.180556  1748 0.000
103.250000 103.263889  1639 0.000
103.333333 103.347222  1516 0.000
103.416667 103.430556  1663 0.000
103.500000 103.513889  1654 0.000
103.583333 103.597222  1760 0.000
103.666667 103.680556  1524 0.000
103.750000 103.763889  1456 0.000
103.833333 103.847222  1564 0.000
103.916667 103.930556  1609 0.000
104.000000 104.013889  1521 0.000
104.083333 104.097222  1488 0.000
104.166667 104.180556  1457 0.000
104.250000 104.263889  1654 0.000
104.333333 104.347222  1674 0.000
104.416667 104.430556  1793 0.000
104.500000 104.513889  1678 0.000
104.583333 104.597222  1559 0.000
104.666667 104.680556  1666 0.000
104.750000 104.763889  1633 0.000
104.833333 104.847222  1678 0.000
104.916667 104.930556  1953 0.000
105.000000 105.013889  1609 0.000
105.083333 105.097222  1802 0.000
105.166667 105.180556  1599 0.000
105.250000 105.263889  1529 0.000
105.333333 105.347222  1616 0.000
105.416667 105.430556  1717 0.000
105.500000 105.513889  1649 0.000
105.583333 105.597222  1610 0.000
105.666667 105.680556  1479 0.000
105.750000 105.763889  1564 0.000
105.833333 105.847222  1599 0.000
105.916667 105.930556  1638 0.000
106.000000 106.013889  1601 0.000
106.083333 106.097222  1611 0.000
106.166667 106.180556  1766 0.000
106.250000 106.263889  1619 0.000
106.333333 106.347222  1652 0.000
106.416667 106.430556  1675 0.000
106.500000 106.513889  1631 0.000
106.583333 106.597222  1763 0.000
106.666667 106.680556  1649 0.000
106.750000 106.763889  1701 0.000
106.833333 106.847222  1638 0.000
106.916667 106.930556  1790 0.000
107.000000 107.013889  1741 0.000
107.083333 107.097222  1759 0.000
107.166667 107.180556  1773 0.000
107.250000 107.263889  1843 0.000
107.333333 107.347222  1959 0.000
107.416667 107.430556  1777 0.000
107.500000 107.513889  1836 0.000
107.583333 107.597222  1753 0.000
107.666667 107.680556  1583 0.000
107.750000 107.763889  1708 0.000
107.833333 107.847222  1694 0.000
107.916667 107.930556  1634 0.000
108.000000 108.013889  1658 0.000
108.083333 108.097222  1850 0.000
108.166667 108.180556  1823 0.000
108.250000 108.263889  1761 0.000
108.333333 108.347222  1870 0.000
108.416667 108.430556  1919 0.000
108.500000 108.513889  1958 0.000
108.583333 108.597222  1906 0.000
108.666667 108.680556  1830 0.000
108.750000 108.763889  1819 0.000
108.833333 108.847222  1802 0.000
108.916667 108.930556  1634 0.000
109.000000 109.013889  1689 0.000
109.083333 109.097222  1669 0.000
109.166667 109.180556  1808 0.000
109.250000 109.263889  1828 0.000
109.333333 109.347222  1985 0.000
109.416667 109.430556  1788 0.000
109.500000 109.513889  1825 0.000
109.583333 109.597222  1843 0.000
109.666667 109.680556  1786 0.000
109.750000 109.763889  1657 0.000
109.833333 109.847222  1688 0.000
109.916667 109.930556  1585 0.000
110.000000 110.013889  1612 0.000
110.083333 110.097222  1636 0.000
110.166667 110.180556  1622 0.000
110.250000 110.263889  1636 0.000
110.333333 110.347222  1637 0.000
110.416667 110.430556 99999 0.999
110.500000 110.513889 99999 0.999
110.583333 110.597222 99999 0.999
110.666667 110.680556 99999 0.999
110.750000 110.763889 99999 0.999
110.833333 110.847222 99999 0.999
110.916667 110.930556 99999 0.999
111.000000 111.013889 99999 0.999
111.083333 111.097222 99999 0.999
111.166667 111.180556 99999 0.999
111.250000 111.263889 99999 0.999
111.333333 111.347222  1668 0.000
111.416667 111.430556  1625 0.000
111.500000 111.513889  1622 0.000
111.583333 111.597222  1810 0.000
111.666667 111.680556  1583 0.000
111.750000 111.763889  1726 0.000
111.833333 111.847222  1796 0.000
111.916667 111.930556  1704 0.000
112.000000 112.013889  1861 0.000
112.083333 112.097222  2049 0.000
112.166667 112.180556  2014 0.000
112.250000 112.263889  2035 0.000
112.333333 112.347222  2047 0.000
112.416667 112.430556  1941 0.000
112.500000 112.513889  1834 0.000
112.583333 112.597222  1810 0.000
112.666667 112.680556  1755 0.000
112.750000 112.763889  1775 0.000
112.833333 112.847222  1644 0.000
112.916667 112.930556  1681 0.000
113.000000 113.013889  1511 0.000
113.083333 113.097222  1579 0.000
113.166667 113.180556  1699 0.000
113.250000 113.263889  1634 0.000
113.333333 113.347222  1713 0.000
113.416667 113.430556  1738 0.000
113.500000 113.513889  1642 0.000
113.583333 113.597222  1669 0.000
113.666667 113.680556  1650 0.000
113.750000 113.763889  1616 0.000
113.833333 113.847222  1640 0.000
113.916667 113.930556  1615 0.000
114.000000 114.013889  1555 0.000
114.083333 114.097222  1586 0.000
114.166667 114.180556  1637 0.000
114.250000 114.263889  1524 0.000
114.333333 114.347222  1633 0.000
114.416667 114.430556  2108 0.000
114.500000 114.513889  1510 0.000
114.583333 114.597222  1374 0.000
114.666667 114.680556  1444 0.000
114.750000 114.763889  1532 0.000
114.833333 114.847222  1495 0.000
114.916667 114.930556  1394 0.000
115.000000 115.013889  1327 0.000
115.083333 115.097222  1325 0.000
115.166667 115.180556  1386 0.000
115.250000 115.263889  1469 0.000
115.333333 115.347222  1496 0.000
115.416667 115.430556  1648 0.000
115.500000 115.513889  1773 0.000
115.583333 115.597222  1616 0.000
115.666667 115.680556  1412 0.000
115.750000 115.763889  1535 0.000
115.833333 115.847222  1563 0.000
115.916667 115.930556  1636 0.000
116.000000 116.013889  1703 0.000
116.083333 116.097222  1712 0.000
116.166667 116.180556  1699 0.000
116.250000 116.263889  1568 0.000
116.333333 116.347222  1546 0.000
116.416667 116.430556  1532 0.000
116.500000 116.513889  1492 0.000
116.583333 116.597222  1551 0.000
116.666667 116.680556  1603 0.000
116.750000 116.763889  1737 0.000
116.833333 116.847222  1710 0.000
116.916667 116.930556  1749 0.000
117.000000 117.013889  1629 0.000
117.083333 117.097222  1573 0.000
117.166667 117.180556  1451 0.000
117.250000 117.263889  1535 0.000
117.333333 117.347222  1464 0.000
117.416667 117.430556  1449 0.000
117.500000 117.513889  1468 0.000
