data/obs/c2h6/WDCGG/event/CH0001G.20140101014600.20170425145159.online_gc.ethane.air.50w.2h.CH01L_Agilent_GC-MS-MEDUSA_Medusa-12_JFJ.CH01L_VOC_AIR_MEDUSA-12.lev2.nas
68 1001
Hill, Matz; Reimann, Stefan
CH01L, Swiss Federal Laboratories for Materials Science and Technology, EMPA, Section Air Pollution, Überlandstrasse 133, , 8600, Dübendorf, Switzerland
Hill, Matz
ACTRIS EMEP GAW-WDCGG-node GAW-WDCRG
1 1
2014 01 01 2017 04 25
0
days from file reference point
5
1 1 1 1 1
999.999999 99999.999 9999.999 999.999 9.999
end_time of measurement, days from the file reference point
ethane, pmol/mol, Statistics=arithmetic mean, Detection limit=1.1 pmol/mol
ethane, pmol/mol, Statistics=expanded uncertainty 2sigma
ethane, pmol/mol, Statistics=precision
numflag, no unit
0
49
Data definition:              EBAS_1.1
Set type code:                TI
Timezone:                     UTC
File name:                    CH0001G.20140101014600.20170425145159.online_gc.ethane.air.50w.2h.CH01L_Agilent_GC-MS-MEDUSA_Medusa-12_JFJ.CH01L_VOC_AIR_MEDUSA-12.lev2.nas
File creation:                20190306184544
Startdate:                    20140101014600
Revision date:                20170425145159
Version:                      3
Version description:          second revision, manually inspected
Data level:                   2
Period code:                  50w
Resolution code:              2h
Sample duration:              20mn
Orig. time res.:              2h
Station code:                 CH0001G
Platform code:                CH0001S
Station name:                 Jungfraujoch
Station GAW-ID:               JFJ
Station latitude:             46.5475
Station longitude:            7.985
Station altitude:             3578.0m
Measurement height:           4.0m
Regime:                       IMG
Component:                    ethane
Unit:                         pmol/mol
Matrix:                       air
Instrument type:              online_gc
Laboratory code:              CH01L
Instrument name:              Agilent_GC-MS-MEDUSA_Medusa-12_JFJ
Instrument manufacturer:      AGAGE+Agilent+Agilent
Instrument model:             MEDUSA+6890N+5975B
Instrument serial number:     Medusa-12
Method ref:                   CH01L_VOC_AIR_MEDUSA-12
Standard method:              None
Calibration scale:            SIO-p
Inlet type:                   Hat or hood
Inlet description:            above the roof
Volume std. temperature:      273.15 K
Volume std. pressure:         1013.25 hPa
Detection limit expl.:        Determined by instrument counting statistics, no detection limit flag used
Measurement uncertainty expl.: Includes reproducibility (precision) + systematic errors (accuracy)
Zero/negative values code:    Zero/negative impossible
Zero/negative values:         Zero and neg. values do not appear because data was processed and zero/neg data taken out
Originator:                   Hill, Matz, matthias.hill@empa.ch, Swiss Federal Laboratories for Materials Science and Technology, Empa, Air Pollution/Environmental Technology, Ueberlandstrasse 129, , CH-8600, Duebendorf, Switzerland
Originator:                   Reimann, Stefan, , , , , , , , , 
Submitter:                    Hill, Matz, matthias.hill@empa.ch, Swiss Federal Laboratories for Materials Science and Technology, Empa, Air Pollution/Environmental Technology, Ueberlandstrasse 129, , CH-8600, Duebendorf, Switzerland
Acknowledgement:              Request acknowledgement details from data originator
Comment:                      "No SOP currently available, MEDUSA. Sample volume: 2L, trap at -170degC, trap material Hayesep D, Nafion dryer, no O3 removal, 2-hourly calibration interval"
starttime endtime C2H6 C2H6 C2H6 flag
[from data line 3491]
280.971528 280.985417  1111.637   70.457   2.307 0.000
280.988889 281.002778  1085.004   68.769   2.252 0.000
281.079167 281.093056  1131.106   71.691   2.348 0.000
281.124306 281.138194  1072.388   67.898   1.590 0.000
281.214583 281.228472  1071.278   67.822   1.521 0.000
281.259722 281.273611  1025.109   64.890   1.350 0.000
281.350000 281.363889   944.010   59.793   1.631 0.000
281.395139 281.409028   955.796   60.542   1.669 0.000
281.513194 281.527083   886.138   56.194   2.049 0.000
281.530556 281.544444   870.702   55.215   2.014 0.000
281.620833 281.634722   903.731   57.296   1.993 0.000
281.665972 281.679861   918.677   58.256   2.112 0.000
281.981944 281.995833 99999.999 9999.999 999.999 0.999
282.054861 282.068750 99999.999 9999.999 999.999 0.999
282.117361 282.131250  1155.504   73.370   3.253 0.000
282.162500 282.176389  1105.266   70.164   3.021 0.000
282.252778 282.266667   994.078   63.124   2.824 0.000
282.297917 282.311806  1173.201   74.489   3.278 0.000
282.388194 282.402083   830.269   52.718   2.335 0.000
282.433333 282.447222   919.649   58.393   2.586 0.000
282.523611 282.537500   978.297   62.119   2.764 0.000
282.596528 282.610417   894.732   56.806   2.490 0.000
282.659028 282.672917   900.088   57.130   2.407 0.000
282.704167 282.718056   985.923   62.578   2.637 0.000
282.794444 282.808333   924.373   58.666   2.443 0.000
282.839583 282.853472   887.726   56.340   2.346 0.000
282.929861 282.943750   871.882   55.324   2.236 0.000
282.975000 282.988889   955.747   60.645   2.451 0.000
283.065278 283.079167   985.894   62.574   2.622 0.000
283.138194 283.152083   912.841   57.937   2.428 0.000
283.697222 283.711111   946.453   60.056   2.431 0.000
283.742361 283.756250   933.953   59.252   2.331 0.000
283.832639 283.846528   915.925   58.114   2.322 0.000
283.877778 283.891667   947.654   60.124   2.380 0.000
283.968056 283.981944   976.191   61.906   2.270 0.000
284.013194 284.027083   987.480   62.613   2.232 0.000
284.148611 284.162500 99999.999 9999.999 999.999 0.999
284.238889 284.252778  1108.218   70.253   2.393 0.000
284.284028 284.297917  1145.026   72.583   2.448 0.000
284.374306 284.388194  1089.886   69.092   2.360 0.000
284.419444 284.433333  1038.660   65.846   2.257 0.000
284.509722 284.523611 99999.999 9999.999 999.999 0.999
284.554861 284.568750   995.733   63.117   2.108 0.000
284.645139 284.659028  1132.762   71.813   2.478 0.000
284.690278 284.704167 99999.999 9999.999 999.999 0.999
284.780556 284.794444  1033.308   65.546   2.519 0.000
284.825694 284.839583  1054.626   66.895   2.547 0.000
284.915972 284.929861  1030.503   65.365   2.489 0.000
284.961111 284.975000   987.389   62.714   2.884 0.000
285.051389 285.065278  1008.388   64.048   2.946 0.000
285.096528 285.110417  1041.380   66.110   2.854 0.000
285.186806 285.200694  1052.786   66.834   2.885 0.000
285.231944 285.245833  1009.461   64.078   2.737 0.000
285.322222 285.336111   981.294   62.290   2.661 0.000
285.367361 285.381250  1076.161   68.342   3.091 0.000
285.457639 285.471528  1081.558   68.685   3.106 0.000
285.502778 285.516667  1047.426   66.486   2.827 0.000
285.593056 285.606944  1089.838   69.178   2.942 0.000
285.638194 285.652083  1171.763   74.360   3.054 0.000
285.728472 285.742361 99999.999 9999.999 999.999 0.999
285.773611 285.787500  1045.699   66.427   3.104 0.000
285.863889 285.877778  1080.175   68.617   3.207 0.000
285.909028 285.922917 99999.999 9999.999 999.999 0.999
285.999306 286.013194 99999.999 9999.999 999.999 0.999
286.044444 286.058333 99999.999 9999.999 999.999 0.999
286.134722 286.148611 99999.999 9999.999 999.999 0.999
286.179861 286.193750 99999.999 9999.999 999.999 0.999
286.270139 286.284028 99999.999 9999.999 999.999 0.999
286.315278 286.329167 99999.999 9999.999 999.999 0.999
286.405556 286.419444 99999.999 9999.999 999.999 0.999
286.450694 286.464583 99999.999 9999.999 999.999 0.999
286.540972 286.554861 99999.999 9999.999 999.999 0.999
286.586111 286.600000 99999.999 9999.999 999.999 0.999
286.676389 286.690278 99999.999 9999.999 999.999 0.999
286.721528 286.735417 99999.999 9999.999 999.999 0.999
286.811806 286.825694 99999.999 9999.999 999.999 0.999
286.856944 286.870833 99999.999 9999.999 999.999 0.999
286.947222 286.961111 99999.999 9999.999 999.999 0.999
286.992361 287.006250 99999.999 9999.999 999.999 0.999
287.082639 287.096528 99999.999 9999.999 999.999 0.999
287.127778 287.141667 99999.999 9999.999 999.999 0.999
287.218056 287.231944 99999.999 9999.999 999.999 0.999
287.263194 287.277083 99999.999 9999.999 999.999 0.999
287.353472 287.367361 99999.999 9999.999 999.999 0.999
287.398611 287.412500 99999.999 9999.999 999.999 0.999
287.488889 287.502778 99999.999 9999.999 999.999 0.999
287.534028 287.547917 99999.999 9999.999 999.999 0.999
287.624306 287.638194 99999.999 9999.999 999.999 0.999
287.669444 287.683333 99999.999 9999.999 999.999 0.999
287.759722 287.773611 99999.999 9999.999 999.999 0.999
287.804861 287.818750 99999.999 9999.999 999.999 0.999
287.895139 287.909028 99999.999 9999.999 999.999 0.999
287.940278 287.954167 99999.999 9999.999 999.999 0.999
288.030556 288.044444 99999.999 9999.999 999.999 0.999
288.075694 288.089583 99999.999 9999.999 999.999 0.999
288.165972 288.179861 99999.999 9999.999 999.999 0.999
288.211111 288.225000 99999.999 9999.999 999.999 0.999
288.301389 288.315278 99999.999 9999.999 999.999 0.999
288.346528 288.360417 99999.999 9999.999 999.999 0.999
288.436806 288.450694 99999.999 9999.999 999.999 0.999
288.481944 288.495833 99999.999 9999.999 999.999 0.999
288.572222 288.586111 99999.999 9999.999 999.999 0.999
288.617361 288.631250 99999.999 9999.999 999.999 0.999
288.933333 288.947222 99999.999 9999.999 999.999 0.999
288.978472 288.992361 99999.999 9999.999 999.999 0.999
289.096528 289.110417 99999.999 9999.999 999.999 0.999
289.113889 289.127778 99999.999 9999.999 999.999 0.999
289.204167 289.218056 99999.999 9999.999 999.999 0.999
289.249306 289.263194 99999.999 9999.999 999.999 0.999
289.339583 289.353472 99999.999 9999.999 999.999 0.999
289.384722 289.398611 99999.999 9999.999 999.999 0.999
289.475000 289.488889 99999.999 9999.999 999.999 0.999
289.520139 289.534028 99999.999 9999.999 999.999 0.999
289.638194 289.652083 99999.999 9999.999 999.999 0.999
289.655556 289.669444 99999.999 9999.999 999.999 0.999
289.745833 289.759722 99999.999 9999.999 999.999 0.999
289.790972 289.804861 99999.999 9999.999 999.999 0.999
289.881250 289.895139 99999.999 9999.999 999.999 0.999
289.926389 289.940278 99999.999 9999.999 999.999 0.999
290.016667 290.030556 99999.999 9999.999 999.999 0.999
290.061806 290.075694 99999.999 9999.999 999.999 0.999
290.648611 290.662500   894.591   57.144   4.010 0.000
290.721528 290.735417   861.413   54.988   3.725 0.000
290.784028 290.797917   896.828   57.248   3.878 0.000
290.829167 290.843056  1024.594   65.377   4.330 0.000
290.919444 290.933333   733.694   46.769   2.921 0.000
290.964583 290.978472   694.588   44.255   2.678 0.000
291.054861 291.068750   709.265   45.148   2.556 0.000
291.100000 291.113889   692.732   44.083   2.441 0.000
291.263194 291.277083 99999.999 9999.999 999.999 0.999
291.325694 291.339583   746.120   47.503   2.726 0.000
291.370833 291.384722  1021.713   65.075   3.844 0.000
291.461111 291.475000   853.068   54.331   3.201 0.000
291.506250 291.520139   891.161   56.731   3.231 0.000
291.596528 291.610417   772.664   49.184   2.785 0.000
291.641667 291.655556   729.832   46.445   2.575 0.000
291.731944 291.745833   716.263   45.581   2.527 0.000
291.804861 291.818750   707.757   45.014   2.375 0.000
291.867361 291.881250   738.301   46.956   2.478 0.000
291.912500 291.926389   744.552   47.322   2.342 0.000
292.002778 292.016667   760.176   48.315   2.391 0.000
292.047917 292.061806   764.515   48.565   2.269 0.000
292.138889 292.152778   789.790   50.170   2.344 0.000
292.184028 292.197917   727.031   46.220   2.347 0.000
292.302083 292.315972   716.339   45.548   2.348 0.000
292.319444 292.333333   657.898   41.835   2.171 0.000
292.409722 292.423611   699.952   44.509   2.310 0.000
292.454861 292.468750   701.018   44.529   2.070 0.000
292.545139 292.559028   790.238   50.197   2.334 0.000
292.590278 292.604167   824.853   52.378   2.343 0.000
292.680556 292.694444   810.211   51.449   2.301 0.000
292.725694 292.739583   797.203   50.641   2.364 0.000
292.843750 292.857639   879.024   55.846   2.649 0.000
292.861111 292.875000   916.293   58.202   2.698 0.000
292.951389 292.965278   937.461   59.547   2.760 0.000
292.996528 293.010417   941.105   59.804   2.909 0.000
293.086806 293.100694   907.963   57.698   2.806 0.000
293.131944 293.145833   872.347   55.456   2.801 0.000
293.222222 293.236111  1004.317   63.845   3.225 0.000
293.267361 293.281250  1010.580   64.243   3.245 0.000
293.385417 293.399306  1048.176   66.618   3.287 0.000
293.402778 293.416667  1126.057   71.544   3.413 0.000
293.493056 293.506944 99999.999 9999.999 999.999 0.999
293.538194 293.552083 99999.999 9999.999 999.999 0.999
293.628472 293.642361 99999.999 9999.999 999.999 0.999
293.673611 293.687500 99999.999 9999.999 999.999 0.999
293.763889 293.777778 99999.999 9999.999 999.999 0.999
293.809028 293.822917 99999.999 9999.999 999.999 0.999
293.927083 293.940972 99999.999 9999.999 999.999 0.999
293.944444 293.958333 99999.999 9999.999 999.999 0.999
294.034722 294.048611 99999.999 9999.999 999.999 0.999
294.079861 294.093750 99999.999 9999.999 999.999 0.999
294.170139 294.184028 99999.999 9999.999 999.999 0.999
294.215278 294.229167 99999.999 9999.999 999.999 0.999
294.305556 294.319444 99999.999 9999.999 999.999 0.999
294.350694 294.364583 99999.999 9999.999 999.999 0.999
294.468750 294.482639 99999.999 9999.999 999.999 0.999
294.486111 294.500000 99999.999 9999.999 999.999 0.999
294.576389 294.590278 99999.999 9999.999 999.999 0.999
294.621528 294.635417 99999.999 9999.999 999.999 0.999
294.711806 294.725694 99999.999 9999.999 999.999 0.999
294.756944 294.770833 99999.999 9999.999 999.999 0.999
294.847222 294.861111 99999.999 9999.999 999.999 0.999
294.892361 294.906250 99999.999 9999.999 999.999 0.999
294.982639 294.996528 99999.999 9999.999 999.999 0.999
295.027778 295.041667 99999.999 9999.999 999.999 0.999
295.118056 295.131944 99999.999 9999.999 999.999 0.999
295.163194 295.177083 99999.999 9999.999 999.999 0.999
295.253472 295.267361 99999.999 9999.999 999.999 0.999
295.298611 295.312500 99999.999 9999.999 999.999 0.999
295.388889 295.402778 99999.999 9999.999 999.999 0.999
295.434028 295.447917 99999.999 9999.999 999.999 0.999
295.552083 295.565972 99999.999 9999.999 999.999 0.999
295.569444 295.583333 99999.999 9999.999 999.999 0.999
295.885417 295.899306 99999.999 9999.999 999.999 0.999
295.930556 295.944444 99999.999 9999.999 999.999 0.999
296.020833 296.034722 99999.999 9999.999 999.999 0.999
296.093750 296.107639 99999.999 9999.999 999.999 0.999
296.156250 296.170139 99999.999 9999.999 999.999 0.999
296.201389 296.215278 99999.999 9999.999 999.999 0.999
296.652778 296.666667 99999.999 9999.999 999.999 0.999
296.697917 296.711806 99999.999 9999.999 999.999 0.999
303.720833 303.734722 99999.999 9999.999 999.999 0.999
303.765972 303.779861 99999.999 9999.999 999.999 0.999
303.856250 303.870139 99999.999 9999.999 999.999 0.999
303.987500 304.001389 99999.999 9999.999 999.999 0.999
304.032639 304.046528 99999.999 9999.999 999.999 0.999
304.122917 304.136806 99999.999 9999.999 999.999 0.999
304.168056 304.181944 99999.999 9999.999 999.999 0.999
304.754861 304.768750   809.008   52.033   4.728 0.000
304.800000 304.813889   809.764   52.007   4.524 0.000
304.890278 304.904167   833.736   53.547   4.658 0.000
304.935417 304.949306   821.354   52.691   4.412 0.000
305.053472 305.067361   810.315   51.983   4.353 0.000
305.070833 305.084722   787.255   50.455   4.082 0.000
305.206250 305.220139 99999.999 9999.999 999.999 0.999
305.296528 305.310417 99999.999 9999.999 999.999 0.999
305.341667 305.355556   786.089   50.315   3.868 0.000
305.431944 305.445833   822.056   52.617   4.045 0.000
305.477083 305.490972 99999.999 9999.999 999.999 0.999
305.595139 305.609028   768.294   49.242   3.988 0.000
305.612500 305.626389   803.499   51.454   4.033 0.000
305.702778 305.716667   795.458   50.975   4.107 0.000
305.747917 305.761806   787.193   50.436   4.033 0.000
305.838194 305.852083   800.126   51.264   4.100 0.000
305.883333 305.897222   806.068   51.579   3.918 0.000
305.973611 305.987500 99999.999 9999.999 999.999 0.999
306.018750 306.032639   849.461   54.252   3.774 0.000
306.136806 306.150694 99999.999 9999.999 999.999 0.999
306.154167 306.168056   874.776   55.763   3.484 0.000
306.244444 306.258333   914.173   58.274   3.641 0.000
306.289583 306.303472   904.080   57.780   4.156 0.000
306.379861 306.393750   923.318   59.010   4.245 0.000
306.425000 306.438889   964.881   61.666   4.436 0.000
306.515278 306.529167  1041.422   69.354  10.860 0.000
306.560417 306.574306  1034.757   68.969  10.884 0.000
306.678472 306.692361  1178.018   79.496  13.862 0.000
306.695833 306.709722  1155.709   77.990  13.600 0.000
306.786111 306.800000  1273.908   85.685  14.582 0.000
306.831250 306.845139  1549.826  104.697  18.395 0.000
306.921528 306.935417  1565.365  105.421  18.112 0.000
306.966667 306.980556  1253.668   84.809  15.048 0.000
307.056944 307.070833  1722.962  116.031  19.930 0.000
307.102083 307.115972  1476.289   99.867  17.717 0.000
307.220139 307.234028  1646.318  111.364  19.752 0.000
307.237500 307.251389  1707.916  115.531  20.491 0.000
307.327778 307.341667  1751.633  117.955  20.252 0.000
307.553472 307.567361  1662.994  112.508  19.974 0.000
307.598611 307.612500  1661.728  112.048  19.426 0.000
307.688889 307.702778  1823.964  123.548  22.117 0.000
307.761806 307.775694  1927.754  130.496  23.261 0.000
307.824306 307.838194  1859.326  125.864  22.435 0.000
307.869444 307.883333  1889.479  127.324  21.971 0.000
307.959722 307.973611  1984.937  134.240  23.773 0.000
308.004861 308.018750  1814.327  122.162  20.954 0.000
308.095139 308.109028  1858.919  125.729  22.280 0.000
308.140278 308.154167  1824.529  122.849  21.073 0.000
308.230556 308.244444  1598.869  108.134  19.154 0.000
308.303472 308.317361  1572.553  105.650  17.821 0.000
308.365972 308.379861  1542.535  103.634  17.480 0.000
308.411111 308.425000  1548.144  103.640  16.987 0.000
308.501389 308.515278  1756.874  117.613  19.277 0.000
308.546528 308.560417  1910.853  122.877  11.105 0.000
308.636806 308.650694  1687.205  108.495   9.805 0.000
308.681944 308.695833  1593.228  101.458   5.922 0.000
308.772222 308.786111  1507.538   96.001   5.604 0.000
308.845139 308.859028  1503.891   96.298   7.524 0.000
308.907639 308.921528  1613.270  103.301   8.072 0.000
308.952778 308.966667  1452.925   93.012   7.198 0.000
309.043056 309.056944  1526.349   97.725   7.602 0.000
309.088194 309.102083  1529.667   98.026   7.900 0.000
309.178472 309.192361  1466.291   93.881   7.309 0.000
309.223611 309.237500  1466.393   93.975   7.584 0.000
309.313889 309.327778  1450.029   92.843   7.238 0.000
309.386806 309.400694  1419.059   90.944   7.347 0.000
309.449306 309.463194  1432.293   91.707   7.148 0.000
309.494444 309.508333  1433.932   91.856   7.294 0.000
309.584722 309.598611  1377.094   88.141   6.768 0.000
309.629861 309.643750  1380.317   88.291   6.601 0.000
309.945833 309.959722  1413.988   90.424   6.692 0.000
309.990972 310.004861  1376.787   87.982   6.297 0.000
310.081250 310.095139  1365.350   87.313   6.458 0.000
310.126389 310.140278  1341.537   85.937   6.825 0.000
310.216667 310.230556  1364.182   87.468   7.188 0.000
310.261806 310.275694  1366.920   87.816   7.710 0.000
310.352083 310.365972  1362.511   87.532   7.682 0.000
310.397222 310.411111  1346.208   86.484   7.590 0.000
310.487500 310.501389  1341.621   86.168   7.503 0.000
310.532639 310.546528  1238.853   79.568   6.929 0.000
310.622917 310.636806  1194.963   76.820   6.885 0.000
