data/obs/c2h6/WDCGG/event/CH0005R.20160101002300.20180114182000.online_gc.ethane.air.1y.2h.CH01L_Agilent_ADS-GC-FID_cn10450060_RIG.CH01L_ADS_GC_FID_VOCAIR_RIGI.lev2.nas
68 1001
Hill, Matz; Reimann, Stefan
CH01L, Swiss Federal Laboratories for Materials Science and Technology, EMPA, Section Air Pollution, Überlandstrasse 133, , 8600, Dübendorf, Switzerland
Hill, Matz
ACTRIS EMEP GAW-WDCRG
1 1
2016 01 01 2018 01 14
0
days from file reference point
5
1 1 1 1 1
999.999999 99999 9999.99 999.99 9.999
end_time of measurement, days from the file reference point
ethane, pmol/mol, Statistics=arithmetic mean, Detection limit=13.0 pmol/mol
ethane, pmol/mol, Statistics=expanded uncertainty 2sigma
ethane, pmol/mol, Statistics=precision
numflag, no unit
0
49
Data definition:              EBAS_1.1
Set type code:                TI
Timezone:                     UTC
File name:                    CH0005R.20160101002300.20180114182000.online_gc.ethane.air.1y.2h.CH01L_Agilent_ADS-GC-FID_cn10450060_RIG.CH01L_ADS_GC_FID_VOCAIR_RIGI.lev2.nas
File creation:                20190306184554
Startdate:                    20160101002300
Revision date:                20180114182000
Version:                      2
Version description:          initial revision, manually inspected
Data level:                   2
Period code:                  1y
Resolution code:              2h
Sample duration:              40mn
Orig. time res.:              40mn
Station code:                 CH0005R
Platform code:                CH0005S
Station name:                 Rigi
Station GAW-ID:               RIG
Station latitude:             47.0675
Station longitude:            8.463889
Station altitude:             1031.0m
Measurement altitude:         1034.0m
Measurement height:           4.0m
Regime:                       IMG
Component:                    ethane
Unit:                         pmol/mol
Matrix:                       air
Instrument type:              online_gc
Laboratory code:              CH01L
Instrument name:              Agilent_ADS-GC-FID_cn10450060_RIG
Instrument manufacturer:      Agilent
Instrument model:             6890GC/FID
Instrument serial number:     cn10450060
Method ref:                   CH01L_ADS_GC_FID_VOCAIR_RIGI
Standard method:              SOP=ACTRIS_VOC_2014
Calibration scale:            NPL
Calibration standard ID:      D292408
Inlet type:                   Hat or hood
Inlet description:            ambient air is brought into the cabin through a main inlet line at a flow rate of 300 lpm. From the main inlet line short stainless steel tubes are used to bring the air samples to the instruments.
Detection limit expl.:        Determined by integration of a baseline signal multiplied by a factor of 3
Measurement uncertainty expl.: Includes reproducibility (precision) + systematic errors (accuracy)
Zero/negative values code:    Zero possible
Zero/negative values:         Zero values may appear due to statistical variations at very low concentrations
Originator:                   Hill, Matz, matthias.hill@empa.ch, Swiss Federal Laboratories for Materials Science and Technology, Empa, Air Pollution/Environmental Technology, Ueberlandstrasse 129, , CH-8600, Duebendorf, Switzerland
Originator:                   Reimann, Stefan, , , , , , , , , 
Submitter:                    Hill, Matz, matthias.hill@empa.ch, Swiss Federal Laboratories for Materials Science and Technology, Empa, Air Pollution/Environmental Technology, Ueberlandstrasse 129, , CH-8600, Duebendorf, Switzerland
Acknowledgement:              Request acknowledgement details from data originator
Comment:                      "No SOP currently available, o3 not removed, nafion dryer, Calibration interval:1/two weeks"
starttime endtime C2H6 C2H6 C2H6 flag
[from data line 654]
 56.468749  56.496527  2538   53.39   8.27 0.000
 56.552083  56.579861  2488   52.39   8.19 0.000
 56.635416  56.663194  2463   51.89   8.15 0.000
 56.718749  56.746527  2442   51.47   8.12 0.000
 56.802083  56.829861  2434   51.31   8.11 0.000
 56.885416  56.913194  2412   50.87   8.07 0.000
 56.968749  56.996527  2420   51.03   8.08 0.000
 57.052083  57.079861  2462   51.87   8.15 0.000
 57.135416  57.163194  2454   51.71   8.14 0.000
 57.218749  57.246527  2367   49.97   8.00 0.000
 57.302083  57.329861  2326   49.16   7.94 0.000
 57.385416  57.413194  2577   54.17   8.33 0.000
 57.468749  57.496527  2281   48.26   7.87 0.000
 57.552083  57.579861  2326   49.16   7.94 0.000
 57.635416  57.663194  2654   55.71   8.45 0.000
 57.718749  57.746527  2516   52.94   8.23 0.000
 57.802083  57.829861  2463   51.89   8.15 0.000
 57.885416  57.913194  2153   45.71   7.67 0.000
 57.968749  57.996527  1971   42.10   7.39 0.000
 58.052083  58.079861  1843   39.57   7.19 0.000
 58.135416  58.163194  2153   45.71   7.67 0.000
 58.218056  58.245833  1962   41.92   7.37 0.000
 58.301388  58.329166  2804   58.71   8.68 0.000
 58.384722  58.412500  2766   57.94   8.62 0.000
 58.468056  58.495833  2803   58.69   8.68 0.000
 58.551388  58.579166  2775   58.12   8.63 0.000
 58.634722  58.662500  2717   56.96   8.54 0.000
 58.718056  58.745833  2848   59.59   8.75 0.000
 58.801388  58.829166  2930   61.23   8.87 0.000
 58.884722  58.912500  2954   61.71   8.91 0.000
 58.968056  58.995833  2981   62.25   8.95 0.000
 59.051388  59.079166  3017   62.97   9.01 0.000
 59.134722  59.162500  3083   64.30   9.11 0.000
 59.218056  59.245833  3145   65.54   9.21 0.000
 59.301388  59.329166  3186   66.36   9.27 0.000
 59.384722  59.412500  3260   67.85   9.39 0.000
 59.468056  59.495833  3314   68.93   9.47 0.000
 59.551388  59.579166  3495   72.57   9.75 0.000
 59.634722  59.662500  3542   73.51   9.82 0.000
 59.718056  59.745833  3519   73.05   9.79 0.000
 59.801388  59.829166  3491   72.49   9.74 0.000
 59.884722  59.912500  3301   68.67   9.45 0.000
 59.968056  59.995833  3074   64.12   9.10 0.000
 60.051388  60.079166  2864   59.91   8.77 0.000
 60.134722  60.162500  2761   57.84   8.61 0.000
 60.218056  60.245833  3019   63.01   9.01 0.000
 60.301388  60.329166  3070   64.03   9.09 0.000
 60.384722  60.412500  2864   59.91   8.77 0.000
 60.468056  60.495833  2925   61.13   8.87 0.000
 60.551388  60.579166  2972   62.07   8.94 0.000
 60.634722  60.662500  3093   64.50   9.13 0.000
 60.718056  60.745833  2721   57.04   8.55 0.000
 60.801388  60.829166  2643   55.48   8.43 0.000
 60.884722  60.912500  2541   53.44   8.27 0.000
 60.968056  60.995833  2231   47.26   7.79 0.000
 61.051388  61.079166  2063   43.92   7.53 0.000
 61.134722  61.162500  1826   39.23   7.16 0.000
 61.218056  61.245833  1807   38.85   7.13 0.000
 61.301388  61.329166  1767   38.06   7.07 0.000
 61.384722  61.412500  1756   37.85   7.06 0.000
 61.468056  61.495833  1965   41.98   7.38 0.000
 61.551388  61.579166  1768   38.08   7.07 0.000
 61.634722  61.662500  2469   52.01   8.16 0.000
 61.718056  61.745833  2064   43.94   7.53 0.000
 61.801388  61.829166  2076   44.18   7.55 0.000
 61.884722  61.912500  2043   43.53   7.50 0.000
 61.968056  61.995833  2119   45.04   7.62 0.000
 62.051388  62.079166  2122   45.09   7.62 0.000
 62.134722  62.162500  2128   45.21   7.63 0.000
 62.218056  62.245833  2131   45.28   7.64 0.000
 62.301388  62.329166  2112   44.90   7.61 0.000
 62.384722  62.412500  2126   45.18   7.63 0.000
 62.468056  62.495833  2145   45.55   7.66 0.000
 62.551388  62.579166  2200   46.64   7.74 0.000
 62.634722  62.662500  2226   47.16   7.78 0.000
 62.718056  62.745833  2337   49.38   7.96 0.000
 62.801388  62.829166  2351   49.65   7.98 0.000
 62.884722  62.912500  2349   49.61   7.97 0.000
 62.968056  62.995833  2427   51.17   8.10 0.000
 63.051388  63.079166  2365   49.93   8.00 0.000
 63.134722  63.162500  2278   48.20   7.86 0.000
 63.218056  63.245833  2267   47.98   7.85 0.000
 63.301388  63.329166  2210   46.85   7.76 0.000
 63.384722  63.412500  2171   46.07   7.70 0.000
 63.468056  63.495833  2272   48.08   7.85 0.000
 63.551388  63.579166  2307   48.78   7.91 0.000
 63.634722  63.662500  2153   45.71   7.67 0.000
 63.718056  63.745833  1872   40.14   7.23 0.000
 63.801388  63.829166  2010   42.87   7.45 0.000
 63.884722  63.912500  2148   45.61   7.66 0.000
 63.968056  63.995833  2036   43.39   7.49 0.000
 64.051388  64.079166  1933   41.35   7.33 0.000
 64.134722  64.162500  2027   43.21   7.48 0.000
 64.218056  64.245833  2047   43.61   7.51 0.000
 64.301388  64.329166  2161   45.87   7.68 0.000
 64.384722  64.412500  2387   50.37   8.03 0.000
 64.468056  64.495833  2118   45.02   7.62 0.000
 64.551388  64.579166  2122   45.09   7.62 0.000
 64.634722  64.662500  2136   45.37   7.64 0.000
 64.718056  64.745833  2132   45.30   7.64 0.000
 64.801388  64.829166  2158   45.81   7.68 0.000
 64.884722  64.912500  2341   49.45   7.96 0.000
 64.968056  64.995833  2380   50.23   8.02 0.000
 65.051388  65.079166  2461   51.85   8.15 0.000
 65.134722  65.162500  2454   51.71   8.14 0.000
 65.218056  65.245833  2454   51.71   8.14 0.000
 65.301388  65.329166  2495   52.53   8.20 0.000
 65.384722  65.412500  2468   51.99   8.16 0.000
 65.468056  65.495833  2428   51.19   8.10 0.000
 65.551388  65.579166  2428   51.19   8.10 0.000
 65.634722  65.662500  2422   51.07   8.09 0.000
 65.718056  65.745833  2330   49.23   7.94 0.000
 65.801388  65.829166  2352   49.67   7.98 0.000
 65.884722  65.912500  2345   49.53   7.97 0.000
 65.968056  65.995833  2330   49.23   7.94 0.000
 66.051388  66.079166  2334   49.31   7.95 0.000
 66.134722  66.162500  2373   50.09   8.01 0.000
 66.218056  66.245833  2293   48.50   7.89 0.000
 66.301388  66.329166  2298   48.60   7.90 0.000
 66.384722  66.412500  2312   48.88   7.92 0.000
 66.468056  66.495833  2377   50.17   8.02 0.000
 66.551388  66.579166  2302   48.68   7.90 0.000
 66.634722  66.662500  2295   48.54   7.89 0.000
 66.718056  66.745833  2288   48.40   7.88 0.000
 66.801388  66.829166  2388   50.39   8.03 0.000
 66.884722  66.912500  2376   50.15   8.02 0.000
 66.968056  66.995833  2395   50.53   8.05 0.000
 67.051388  67.079166  2404   50.71   8.06 0.000
 67.134722  67.162500  2493   52.49   8.20 0.000
 67.218056  67.245833  2498   52.59   8.21 0.000
 67.301388  67.329166  2464   51.91   8.15 0.000
 67.384722  67.412500  2481   52.25   8.18 0.000
 67.468056  67.495833  2461   51.85   8.15 0.000
 67.551388  67.579166  2445   51.53   8.12 0.000
 67.634722  67.662500  2480   52.23   8.18 0.000
 67.718056  67.745833  2475   52.13   8.17 0.000
 67.801388  67.829166  2479   52.21   8.18 0.000
 67.884722  67.912500  2513   52.89   8.23 0.000
 67.968056  67.995833  2532   53.27   8.26 0.000
 68.051388  68.079166  2440   51.43   8.12 0.000
 68.134722  68.162500  2447   51.57   8.13 0.000
 68.218056  68.245833  2457   51.77   8.14 0.000
 68.301388  68.329166  2515   52.92   8.23 0.000
 68.384722  68.412500  2474   52.11   8.17 0.000
 68.468056  68.495833  2474   52.11   8.17 0.000
 68.551388  68.579166  2452   51.67   8.13 0.000
 68.634722  68.662500  2479   52.21   8.18 0.000
 68.718056  68.745833  2459   51.80   8.14 0.000
 68.801388  68.829166  2492   52.47   8.20 0.000
 68.884722  68.912500  2553   53.68   8.29 0.000
 68.968056  68.995833  2422   51.07   8.09 0.000
 69.051388  69.079166  2385   50.33   8.03 0.000
 69.134722  69.162500  2383   50.29   8.03 0.000
 69.218056  69.245833  2451   51.65   8.13 0.000
 69.301388  69.329166  2457   51.77   8.14 0.000
 69.384722  69.412500  2409   50.81   8.07 0.000
 69.468056  69.495833  2417   50.97   8.08 0.000
 69.551388  69.579166  2532   53.27   8.26 0.000
 69.634722  69.662500  2468   51.99   8.16 0.000
 69.718056  69.745833  2426   51.15   8.09 0.000
 69.801388  69.829166  2498   52.59   8.21 0.000
 69.884722  69.912500  2507   52.77   8.22 0.000
 69.968056  69.995833  2546   53.55   8.28 0.000
 70.051388  70.079166  2652   55.66   8.44 0.000
 70.134722  70.162500  2784   58.31   8.65 0.000
 70.218056  70.245833  2652   55.66   8.44 0.000
 70.301388  70.329166  2623   55.08   8.40 0.000
 70.384722  70.412500  2851   59.65   8.75 0.000
 70.468056  70.495833  2753   57.68   8.60 0.000
 70.551388  70.579166  2709   56.80   8.53 0.000
 70.634722  70.662500  2650   55.62   8.44 0.000
 70.718056  70.745833  2629   55.20   8.41 0.000
 70.801388  70.829166  2657   55.76   8.45 0.000
 70.884722  70.912500  2714   56.90   8.54 0.000
 70.968056  70.995833  2686   56.35   8.50 0.000
 71.051388  71.079166  2732   57.27   8.57 0.000
 71.134722  71.162500  2756   57.75   8.61 0.000
 71.218056  71.245833  2779   58.20   8.64 0.000
 71.301388  71.329166  2728   57.18   8.56 0.000
 71.384722  71.412500  2792   58.46   8.66 0.000
 71.468056  71.495833  2845   59.52   8.74 0.000
 71.551388  71.579166  2773   58.08   8.63 0.000
 71.634722  71.662500  2759   57.80   8.61 0.000
 71.718056  71.745833  2714   56.90   8.54 0.000
 71.801388  71.829166  2853   59.69   8.76 0.000
 71.884722  71.912500  2797   58.57   8.67 0.000
 71.968056  71.995833  2964   61.91   8.93 0.000
 72.051388  72.079166  2990   62.43   8.97 0.000
 72.134722  72.162500  2971   62.05   8.94 0.000
 72.218056  72.245833  3046   63.55   9.05 0.000
 72.301388  72.329166  3073   64.10   9.10 0.000
 72.384722  72.412500  2970   62.03   8.94 0.000
 72.468056  72.495833  2945   61.53   8.90 0.000
 72.551388  72.579166  2999   62.61   8.98 0.000
 72.634722  72.662500  3011   62.85   9.00 0.000
 72.718056  72.745833  3088   64.40   9.12 0.000
 72.801388  72.829166  3160   65.84   9.23 0.000
 72.884722  72.912500  3288   68.41   9.43 0.000
 72.968056  72.995833  3303   68.71   9.45 0.000
 73.051388  73.079166  3036   63.35   9.04 0.000
 73.134722  73.162500  3112   64.88   9.16 0.000
 73.218056  73.245833  2841   59.45   8.74 0.000
 73.613194  73.640972  2883   60.29   8.80 0.000
 73.696527  73.724306  2898   60.59   8.83 0.000
 73.779861  73.807639  2810   58.83   8.69 0.000
 73.863194  73.890972  2774   58.10   8.63 0.000
 73.946527  73.974306  2727   57.16   8.56 0.000
 74.029861  74.057639  2718   56.99   8.55 0.000
 74.113194  74.140972  2646   55.54   8.43 0.000
 74.196527  74.224306  2446   51.55   8.12 0.000
 74.279861  74.307639  2504   52.70   8.21 0.000
 74.363194  74.390972  2800   58.62   8.67 0.000
 74.446527  74.474306  2827   59.17   8.72 0.000
 74.529861  74.557639  2675   56.12   8.48 0.000
 74.613194  74.640972  2720   57.02   8.55 0.000
 74.696527  74.724306  2221   47.07   7.78 0.000
 74.779861  74.807639  2332   49.28   7.95 0.000
 74.863194  74.890972  2528   53.18   8.25 0.000
 74.946527  74.974306  2609   54.81   8.38 0.000
 75.029861  75.057639  2582   54.27   8.34 0.000
 75.113194  75.140972  2481   52.25   8.18 0.000
 75.196527  75.224306  2422   51.07   8.09 0.000
 75.279861  75.307639  2420   51.03   8.08 0.000
 75.363194  75.390972  2410   50.83   8.07 0.000
 75.446527  75.474306  2416   50.95   8.08 0.000
 75.529861  75.557639  2412   50.87   8.07 0.000
 75.613194  75.640972  2336   49.35   7.95 0.000
 75.696527  75.724306  2233   47.30   7.79 0.000
 75.779861  75.807639  2259   47.82   7.83 0.000
 75.863194  75.890972  2254   47.72   7.83 0.000
 75.946527  75.974306  2185   46.35   7.72 0.000
 76.029861  76.057639  2351   49.65   7.98 0.000
 76.113194  76.140972  2463   51.89   8.15 0.000
 76.196527  76.224306  2758   57.79   8.61 0.000
 76.279861  76.307639  2514   52.91   8.23 0.000
 76.363194  76.390972  2516   52.94   8.23 0.000
 76.446527  76.474306  2505   52.73   8.22 0.000
 76.529861  76.557639  2486   52.35   8.19 0.000
 76.613194  76.640972  2477   52.17   8.17 0.000
 76.696527  76.724306  2777   58.17   8.64 0.000
 76.779861  76.807639  2737   57.37   8.58 0.000
 76.863194  76.890972  2641   55.45   8.43 0.000
 76.946527  76.974306  2560   53.82   8.30 0.000
 77.029861  77.057639  2445   51.53   8.12 0.000
 77.113194  77.140972  2502   52.67   8.21 0.000
 77.196527  77.224306  2396   50.55   8.05 0.000
 77.279861  77.307639  2382   50.27   8.03 0.000
 77.363194  77.390972  2429   51.21   8.10 0.000
 77.446527  77.474306  2412   50.87   8.07 0.000
 77.529861  77.557639  2481   52.25   8.18 0.000
 77.613194  77.640972  2538   53.39   8.27 0.000
 77.696527  77.724306  2428   51.19   8.10 0.000
 77.779861  77.807639  2460   51.83   8.15 0.000
 77.863194  77.890972  2419   51.01   8.08 0.000
 77.946527  77.974306  2434   51.31   8.11 0.000
 78.029861  78.057639  2404   50.71   8.06 0.000
 78.113194  78.140972  2375   50.13   8.01 0.000
 78.196527  78.224306  2346   49.55   7.97 0.000
 78.279861  78.307639  2264   47.92   7.84 0.000
 78.363194  78.390972  2249   47.62   7.82 0.000
 78.446527  78.474306  2260   47.84   7.84 0.000
 78.529861  78.557639  2461   51.85   8.15 0.000
 78.613194  78.640972  2421   51.05   8.09 0.000
 78.696527  78.724306  2365   49.93   8.00 0.000
 78.779861  78.807639  2543   53.48   8.27 0.000
 78.863194  78.890972  2555   53.72   8.29 0.000
 78.946527  78.974306  2609   54.81   8.38 0.000
 79.029861  79.057639  2563   53.89   8.31 0.000
 79.113194  79.140972  2303   48.69   7.90 0.000
 79.196527  79.224306  2237   47.38   7.80 0.000
 79.279861  79.307639  2189   46.43   7.73 0.000
 79.363194  79.390972  2172   46.09   7.70 0.000
 79.446527  79.474306  2350   49.64   7.98 0.000
 79.529861  79.557639  2466   51.95   8.16 0.000
 79.613194  79.640972  2495   52.53   8.20 0.000
 79.696527  79.724306  2390   50.43   8.04 0.000
 79.779861  79.807639  2500   52.63   8.21 0.000
 79.863194  79.890972  2555   53.72   8.29 0.000
 79.946527  79.974306  2559   53.80   8.30 0.000
 80.029861  80.057639  2524   53.11   8.25 0.000
 80.113194  80.140972  2562   53.86   8.30 0.000
 80.196527  80.224306  2533   53.29   8.26 0.000
 80.850694  80.878472  2263   47.90   7.84 0.000
 80.934027  80.961806  2307   48.78   7.91 0.000
 81.017361  81.045139  2152   45.69   7.67 0.000
 81.100694  81.128472  2170   46.05   7.70 0.000
 81.184027  81.211806  2271   48.06   7.85 0.000
 81.267361  81.295139  2217   46.98   7.77 0.000
 81.350694  81.378472  2348   49.59   7.97 0.000
 81.434027  81.461806  2312   48.88   7.92 0.000
 81.517361  81.545139  2075   44.16   7.55 0.000
 81.600694  81.628472  1979   42.26   7.40 0.000
 81.684027  81.711806  1919   41.07   7.31 0.000
 81.767361  81.795139  1945   41.58   7.35 0.000
 81.850694  81.878472  1965   41.98   7.38 0.000
 81.934027  81.961806  1990   42.48   7.42 0.000
 82.017361  82.045139  2090   44.46   7.57 0.000
 82.100694  82.128472  2115   44.95   7.61 0.000
 82.184027  82.211806  2097   44.60   7.58 0.000
 82.267361  82.295139  2197   46.59   7.74 0.000
 82.350694  82.378472  2415   50.93   8.08 0.000
 82.434027  82.461806  2347   49.57   7.97 0.000
 82.517361  82.545139  2342   49.47   7.96 0.000
 82.600694  82.628472  2294   48.52   7.89 0.000
 82.684027  82.711806  2340   49.43   7.96 0.000
 82.767361  82.795139  2310   48.83   7.91 0.000
 82.850694  82.878472  2271   48.06   7.85 0.000
 82.934027  82.961806  2326   49.16   7.94 0.000
 83.017361  83.045139  2350   49.64   7.98 0.000
 83.100694  83.128472  2270   48.04   7.85 0.000
 83.184027  83.211806  2303   48.69   7.90 0.000
 83.267361  83.295139  2349   49.61   7.97 0.000
 83.350694  83.378472  2363   49.89   8.00 0.000
 83.434027  83.461806  2261   47.86   7.84 0.000
 83.517361  83.545139  2123   45.11   7.62 0.000
 83.600694  83.628472  2082   44.30   7.56 0.000
 83.684027  83.711806  2116   44.97   7.61 0.000
 83.767361  83.795139  2221   47.07   7.78 0.000
 83.850694  83.878472  2206   46.76   7.75 0.000
 83.934027  83.961806  2189   46.43   7.73 0.000
 84.017361  84.045139  2197   46.59   7.74 0.000
 84.100694  84.128472  2208   46.81   7.76 0.000
 84.184027  84.211806  2228   47.21   7.79 0.000
 84.267361  84.295139  2218   47.00   7.77 0.000
 84.350694  84.378472  2254   47.72   7.83 0.000
