data/obs/c2h6/WDCGG/event/CH0001G.20160101011700.20180208000000.online_gc.ethane.air.1y.2h.CH01L_Agilent_GC-MS-MEDUSA_Medusa-12_JFJ.CH01L_VOC_AIR_MEDUSA-12.lev2.nas
70 1001
Hill, Matz; Reimann, Stefan; Vollmer, Martin K.
CH01L, Swiss Federal Laboratories for Materials Science and Technology, EMPA, Section Air Pollution, Überlandstrasse 133, , 8600, Dübendorf, Switzerland
Hill, Matz
ACTRIS EMEP GAW-WDCRG
1 1
2016 01 01 2018 02 08
0
days from file reference point
5
1 1 1 1 1
999.999999 99999.999 9999.999 999.999 9.999
end_time of measurement, days from the file reference point
ethane, pmol/mol, Statistics=arithmetic mean, Detection limit=1.1 pmol/mol
ethane, pmol/mol, Statistics=expanded uncertainty 2sigma
ethane, pmol/mol, Statistics=precision
numflag, no unit
0
51
Data definition:              EBAS_1.1
Set type code:                TI
Timezone:                     UTC
File name:                    CH0001G.20160101011700.20180208000000.online_gc.ethane.air.1y.2h.CH01L_Agilent_GC-MS-MEDUSA_Medusa-12_JFJ.CH01L_VOC_AIR_MEDUSA-12.lev2.nas
File creation:                20190306184545
Startdate:                    20160101011700
Revision date:                20180208000000
Version:                      2
Version description:          Second submission
Data level:                   2
Period code:                  1y
Resolution code:              2h
Sample duration:              20mn
Orig. time res.:              2h
Station code:                 CH0001G
Platform code:                CH0001S
Station name:                 Jungfraujoch
Station GAW-ID:               JFJ
Station latitude:             46.5475
Station longitude:            7.985
Station altitude:             3578.0m
Measurement altitude:         3580.0m
Measurement height:           2.0m
Regime:                       IMG
Component:                    ethane
Unit:                         pmol/mol
Matrix:                       air
Instrument type:              online_gc
Laboratory code:              CH01L
Instrument name:              Agilent_GC-MS-MEDUSA_Medusa-12_JFJ
Instrument manufacturer:      AGAGE+Agilent+Agilent
Instrument model:             MEDUSA+6890N+5975B
Instrument serial number:     Medusa-12
Method ref:                   CH01L_VOC_AIR_MEDUSA-12
Standard method:              None
Calibration scale:            SIO-p
Inlet type:                   Hat or hood
Inlet description:            above the roof
Volume std. temperature:      273.15 K
Volume std. pressure:         1013.25 hPa
Detection limit expl.:        Determined by instrument counting statistics, no detection limit flag used
Measurement uncertainty expl.: Includes reproducibility (precision) + systematic errors (accuracy)
Zero/negative values code:    Zero/negative impossible
Zero/negative values:         Zero and neg. values do not appear because data was processed and zero/neg data taken out
Originator:                   Hill, Matz, matthias.hill@empa.ch, Swiss Federal Laboratories for Materials Science and Technology, Empa, Air Pollution/Environmental Technology, Ueberlandstrasse 129, , CH-8600, Duebendorf, Switzerland
Originator:                   Reimann, Stefan, , , , , , , , , 
Originator:                   Vollmer, Martin K., martin.vollmer@empa.ch, Swiss Federal Laboratories for Materials Science and Technology, Empa, Air Pollution/Environmental Technology, Ueberlandstrasse 129, , CH-8600, Duebendorf, Switzerland
Submitter:                    Hill, Matz, matthias.hill@empa.ch, Swiss Federal Laboratories for Materials Science and Technology, Empa, Air Pollution/Environmental Technology, Ueberlandstrasse 129, , CH-8600, Duebendorf, Switzerland
Acknowledgement:              Request acknowledgement details from data originator
Comment:                      "No SOP currently available, MEDUSA. Sample volume: 2L, trap at -170degC, trap material Hayesep D, Nafion dryer, no O3 removal, 2-hourly calibration interval"
starttime endtime C2H6 C2H6 C2H6 flag
[from data line 2619]
216.954167 216.968056   586.919   37.225   1.398 0.000
216.999306 217.013194   627.434   39.791   1.468 0.000
217.090278 217.104167   507.796   32.209   1.227 0.000
217.135417 217.149306   549.129   34.829   1.314 0.000
217.225694 217.239583   708.650   44.953   1.736 0.000
217.270833 217.284722   740.932   47.027   1.976 0.000
217.361111 217.375000   741.854   47.080   1.943 0.000
217.406250 217.420139   751.622   47.699   1.968 0.000
217.496528 217.510417   726.195   46.086   1.901 0.000
217.541667 217.555556   718.223   45.571   1.828 0.000
217.631944 217.645833   692.458   43.957   1.886 0.000
217.677083 217.690972   680.764   43.215   1.854 0.000
217.767361 217.781250   657.757   41.753   1.782 0.000
217.812500 217.826389   659.962   41.893   1.788 0.000
217.902778 217.916667   652.760   41.437   1.775 0.000
217.947917 217.961806   660.912   41.962   1.846 0.000
218.038194 218.052083   663.703   42.139   1.848 0.000
218.083333 218.097222   677.797   43.043   1.943 0.000
218.670139 218.684028   692.596   43.954   1.814 0.000
218.715278 218.729167   693.613   44.009   1.759 0.000
218.805556 218.819444   700.751   44.471   1.835 0.000
218.850694 218.864583   687.659   43.633   1.755 0.000
218.968750 218.982639   642.733   40.784   1.649 0.000
218.986111 219.000000   707.046   44.858   1.773 0.000
219.076389 219.090278   785.584   49.847   2.008 0.000
219.121528 219.135417   707.384   44.876   1.756 0.000
219.263889 219.277778   544.329   34.532   1.348 0.000
219.354167 219.368056   481.455   30.527   1.081 0.000
219.427083 219.440972   467.407   29.646   1.119 0.000
219.489583 219.503472   441.105   27.983   1.092 0.000
219.534722 219.548611   481.367   30.544   1.233 0.000
219.625000 219.638889   407.318   25.850   1.070 0.000
219.670139 219.684028   406.275   25.784   1.071 0.000
219.760417 219.774306   397.836   25.249   1.049 0.000
219.805556 219.819444   405.613   25.753   1.130 0.000
219.895833 219.909722   419.629   26.642   1.169 0.000
219.968750 219.982639   420.767   26.716   1.182 0.000
220.031250 220.045139   432.424   27.457   1.215 0.000
220.076389 220.090278   429.637   27.274   1.176 0.000
220.166667 220.180556   391.383   24.846   1.072 0.000
220.211806 220.225694   407.433   25.865   1.115 0.000
220.302083 220.315972   390.047   24.761   1.067 0.000
220.347222 220.361111   389.655   24.739   1.083 0.000
220.437500 220.451389   394.699   25.059   1.097 0.000
220.510417 220.524306   388.533   24.650   0.975 0.000
220.572917 220.586806   440.326   27.936   1.105 0.000
220.618056 220.631944   503.659   31.937   1.149 0.000
220.708333 220.722222   544.731   34.541   1.243 0.000
220.753472 220.767361   567.933   36.014   1.308 0.000
220.843750 220.857639   546.556   34.659   1.259 0.000
220.888889 220.902778   558.420   35.425   1.378 0.000
220.979167 220.993056   852.037   54.051   2.102 0.000
221.052083 221.065972   677.339   42.979   1.736 0.000
221.114583 221.128472   658.983   41.814   1.689 0.000
221.159722 221.173611   625.172   39.679   1.666 0.000
221.250000 221.263889   584.745   37.114   1.558 0.000
221.295139 221.309028   562.763   35.715   1.477 0.000
221.385417 221.399306   627.347   39.813   1.646 0.000
221.430556 221.444444   646.643   41.025   1.619 0.000
221.520833 221.534722   640.421   40.631   1.604 0.000
221.593750 221.607639   644.105   40.844   1.479 0.000
221.656250 221.670139   646.132   40.973   1.483 0.000
221.701389 221.715278   666.640   42.252   1.375 0.000
221.791667 221.805556   749.781   47.521   1.547 0.000
221.836806 221.850694   733.822   46.548   1.782 0.000
221.927083 221.940972   705.488   44.750   1.714 0.000
221.972222 221.986111   705.934   44.833   2.036 0.000
222.062500 222.076389   751.483   47.725   2.168 0.000
222.135417 222.149306   758.998   48.205   2.203 0.000
222.197917 222.211806   708.403   44.992   2.056 0.000
222.243056 222.256944   711.749   45.204   2.063 0.000
222.333333 222.347222   722.168   45.865   2.093 0.000
222.378472 222.392361   726.523   46.151   2.155 0.000
222.468750 222.482639   811.691   51.561   2.407 0.000
222.513889 222.527778   798.956   50.786   2.546 0.000
222.604861 222.618750   791.276   50.298   2.521 0.000
222.677778 222.691667   793.153   50.437   2.623 0.000
222.740278 222.754167   796.284   50.636   2.633 0.000
222.785417 222.799306   790.885   50.412   3.136 0.000
222.875694 222.889583   824.847   52.684   3.679 0.000
222.920833 222.934722   801.897   51.232   3.627 0.000
223.011111 223.025000   820.358   52.394   3.648 0.000
223.056250 223.070139   822.456   52.552   3.739 0.000
223.146528 223.160417   857.031   54.760   3.895 0.000
223.219444 223.233333   865.093   55.303   4.027 0.000
223.281944 223.295833   881.800   56.384   4.150 0.000
223.327083 223.340972   860.463   55.058   4.177 0.000
223.417361 223.431250   857.922   54.875   4.096 0.000
223.462500 223.476389   905.898   57.988   4.471 0.000
223.552778 223.566667   862.579   55.171   4.113 0.000
223.597917 223.611806   875.812   56.062   4.322 0.000
223.913889 223.927778   715.577   45.751   3.351 0.000
223.959028 223.972917   651.150   41.617   2.999 0.000
224.049306 224.063194   482.276   30.813   2.182 0.000
224.094444 224.108333   413.175   26.431   1.982 0.000
224.184722 224.198611   464.596   29.740   2.296 0.000
224.229861 224.243750   444.250   28.442   2.207 0.000
224.320139 224.334028   438.188   28.078   2.254 0.000
224.365278 224.379167   426.996   27.348   2.156 0.000
224.455556 224.469444   493.212   31.586   2.481 0.000
224.500694 224.514583   487.020   31.189   2.450 0.000
224.590972 224.604861   470.078   30.146   2.495 0.000
224.636111 224.650000   478.223   30.660   2.512 0.000
224.726389 224.740278   516.295   33.091   2.681 0.000
224.771528 224.785417   586.066   37.563   3.044 0.000
224.861806 224.875694   735.543   47.094   3.666 0.000
224.906944 224.920833   625.078   39.961   2.914 0.000
224.997222 225.011111   542.879   34.722   2.586 0.000
225.042361 225.056250   524.558   33.565   2.546 0.000
225.132639 225.146528   539.433   34.496   2.552 0.000
225.177778 225.191667   577.268   36.914   2.725 0.000
225.764583 225.778472   490.128   31.311   2.208 0.000
225.809722 225.823611   495.926   31.682   2.233 0.000
225.927778 225.941667   466.606   29.828   2.170 0.000
225.945139 225.959028   479.039   30.613   2.192 0.000
226.035417 226.049306   508.632   32.511   2.352 0.000
226.080556 226.094444   554.444   35.429   2.530 0.000
226.222917 226.236806   498.080   31.790   2.137 0.000
226.313194 226.327083   499.168   31.854   2.123 0.000
226.386111 226.400000   366.438   23.377   1.531 0.000
226.448611 226.462500   347.217   22.151   1.451 0.000
226.493750 226.507639   358.547   22.870   1.485 0.000
226.584028 226.597917   463.333   29.505   1.722 0.000
226.629167 226.643056   472.607   30.087   1.719 0.000
226.719444 226.733333   508.527   32.367   1.818 0.000
226.764583 226.778472   503.745   32.077   1.865 0.000
226.854861 226.868750   550.346   35.045   2.037 0.000
226.927778 226.941667   553.881   35.222   1.835 0.000
226.990278 227.004167   546.323   34.742   1.810 0.000
227.035417 227.049306   581.339   36.925   1.703 0.000
227.125694 227.139583   587.342   37.306   1.721 0.000
227.170833 227.184722   591.700   37.577   1.704 0.000
227.261111 227.275000   586.110   37.222   1.688 0.000
227.306250 227.320139   594.685   37.862   2.174 0.000
227.396528 227.410417   582.509   37.086   2.129 0.000
227.469444 227.483333   582.487   37.082   2.118 0.000
227.531944 227.545833   580.651   36.966   2.111 0.000
227.577083 227.590972   583.052   37.154   2.271 0.000
227.667361 227.681250   590.175   37.608   2.299 0.000
227.712500 227.726389   594.441   37.882   2.325 0.000
227.802778 227.816667   583.551   37.188   2.282 0.000
227.847917 227.861806   597.862   38.088   2.289 0.000
227.938194 227.952083   610.821   38.914   2.338 0.000
227.983333 227.997222   598.612   38.127   2.254 0.000
228.073611 228.087500   553.339   35.243   2.083 0.000
228.118750 228.132639   568.143   36.175   2.090 0.000
228.209028 228.222917   543.144   34.583   1.998 0.000
228.254167 228.268056   551.666   35.169   2.208 0.000
228.344444 228.358333   539.730   34.408   2.161 0.000
228.389583 228.403472   547.533   34.924   2.265 0.000
228.479861 228.493750   564.577   36.011   2.335 0.000
228.552778 228.566667   575.980   36.758   2.457 0.000
228.615972 228.629861   620.899   39.625   2.648 0.000
228.661111 228.675000   657.654   41.993   2.888 0.000
228.751389 228.765278   629.918   40.222   2.766 0.000
228.796528 228.810417   606.740   38.731   2.624 0.000
228.886806 228.900694   636.509   40.631   2.753 0.000
228.931944 228.945833   628.102   40.133   2.856 0.000
229.022222 229.036111   617.229   39.439   2.807 0.000
229.095139 229.109028   616.317   39.426   2.958 0.000
229.157639 229.171528   587.406   37.576   2.819 0.000
229.202778 229.216667   597.330   38.271   3.059 0.000
229.293056 229.306944   626.889   40.165   3.211 0.000
229.338194 229.352083   660.967   42.197   2.876 0.000
229.447222 229.461111 99999.999 9999.999 999.999 0.999
229.492361 229.506250 99999.999 9999.999 999.999 0.999
229.582639 229.596528 99999.999 9999.999 999.999 0.999
229.627778 229.641667 99999.999 9999.999 999.999 0.999
229.718056 229.731944 99999.999 9999.999 999.999 0.999
229.763194 229.777083 99999.999 9999.999 999.999 0.999
229.853472 229.867361 99999.999 9999.999 999.999 0.999
229.898611 229.912500 99999.999 9999.999 999.999 0.999
229.988889 230.002778 99999.999 9999.999 999.999 0.999
230.034028 230.047917 99999.999 9999.999 999.999 0.999
230.124306 230.138194 99999.999 9999.999 999.999 0.999
230.169444 230.183333 99999.999 9999.999 999.999 0.999
230.259722 230.273611 99999.999 9999.999 999.999 0.999
230.304861 230.318750 99999.999 9999.999 999.999 0.999
230.395139 230.409028 99999.999 9999.999 999.999 0.999
230.468750 230.482639 99999.999 9999.999 999.999 0.999
230.531250 230.545139 99999.999 9999.999 999.999 0.999
230.576389 230.590278 99999.999 9999.999 999.999 0.999
230.711806 230.725694 99999.999 9999.999 999.999 0.999
230.756944 230.770833 99999.999 9999.999 999.999 0.999
230.847222 230.861111 99999.999 9999.999 999.999 0.999
230.892361 230.906250 99999.999 9999.999 999.999 0.999
230.982639 230.996528 99999.999 9999.999 999.999 0.999
231.027778 231.041667 99999.999 9999.999 999.999 0.999
231.118056 231.131944 99999.999 9999.999 999.999 0.999
231.163194 231.177083 99999.999 9999.999 999.999 0.999
231.253472 231.267361 99999.999 9999.999 999.999 0.999
231.298611 231.312500 99999.999 9999.999 999.999 0.999
231.438889 231.452778 99999.999 9999.999 999.999 0.999
231.511806 231.525694 99999.999 9999.999 999.999 0.999
231.574306 231.588194 99999.999 9999.999 999.999 0.999
231.619444 231.633333 99999.999 9999.999 999.999 0.999
231.709722 231.723611 99999.999 9999.999 999.999 0.999
231.754861 231.768750 99999.999 9999.999 999.999 0.999
231.845139 231.859028 99999.999 9999.999 999.999 0.999
231.890278 231.904167 99999.999 9999.999 999.999 0.999
234.063889 234.077778 99999.999 9999.999 999.999 0.999
234.136806 234.150694 99999.999 9999.999 999.999 0.999
234.199306 234.213194 99999.999 9999.999 999.999 0.999
234.244444 234.258333 99999.999 9999.999 999.999 0.999
235.372222 235.386111 99999.999 9999.999 999.999 0.999
235.462500 235.476389 99999.999 9999.999 999.999 0.999
235.620139 235.634028 99999.999 9999.999 999.999 0.999
235.665278 235.679167 99999.999 9999.999 999.999 0.999
235.755556 235.769444 99999.999 9999.999 999.999 0.999
235.800694 235.814583 99999.999 9999.999 999.999 0.999
235.890972 235.904861 99999.999 9999.999 999.999 0.999
235.936111 235.950000 99999.999 9999.999 999.999 0.999
236.054167 236.068056 99999.999 9999.999 999.999 0.999
236.071528 236.085417 99999.999 9999.999 999.999 0.999
236.161806 236.175694 99999.999 9999.999 999.999 0.999
236.206944 236.220833 99999.999 9999.999 999.999 0.999
236.297222 236.311111 99999.999 9999.999 999.999 0.999
236.342361 236.356250 99999.999 9999.999 999.999 0.999
236.432639 236.446528 99999.999 9999.999 999.999 0.999
236.477778 236.491667 99999.999 9999.999 999.999 0.999
236.595833 236.609722 99999.999 9999.999 999.999 0.999
236.613194 236.627083 99999.999 9999.999 999.999 0.999
236.703472 236.717361 99999.999 9999.999 999.999 0.999
236.748611 236.762500 99999.999 9999.999 999.999 0.999
236.838889 236.852778 99999.999 9999.999 999.999 0.999
236.884028 236.897917 99999.999 9999.999 999.999 0.999
236.974306 236.988194 99999.999 9999.999 999.999 0.999
237.019444 237.033333 99999.999 9999.999 999.999 0.999
237.137500 237.151389 99999.999 9999.999 999.999 0.999
237.154861 237.168750 99999.999 9999.999 999.999 0.999
237.245139 237.259028 99999.999 9999.999 999.999 0.999
237.290278 237.304167 99999.999 9999.999 999.999 0.999
237.380556 237.394444 99999.999 9999.999 999.999 0.999
237.425694 237.439583 99999.999 9999.999 999.999 0.999
237.515972 237.529861 99999.999 9999.999 999.999 0.999
237.561111 237.575000 99999.999 9999.999 999.999 0.999
237.679861 237.693750 99999.999 9999.999 999.999 0.999
237.697222 237.711111 99999.999 9999.999 999.999 0.999
237.787500 237.801389 99999.999 9999.999 999.999 0.999
237.832639 237.846528 99999.999 9999.999 999.999 0.999
237.922917 237.936806 99999.999 9999.999 999.999 0.999
237.968056 237.981944 99999.999 9999.999 999.999 0.999
238.058333 238.072222 99999.999 9999.999 999.999 0.999
238.103472 238.117361 99999.999 9999.999 999.999 0.999
238.221528 238.235417 99999.999 9999.999 999.999 0.999
238.238889 238.252778 99999.999 9999.999 999.999 0.999
238.329167 238.343056 99999.999 9999.999 999.999 0.999
238.374306 238.388194 99999.999 9999.999 999.999 0.999
238.464583 238.478472 99999.999 9999.999 999.999 0.999
238.509722 238.523611 99999.999 9999.999 999.999 0.999
238.600000 238.613889 99999.999 9999.999 999.999 0.999
238.645139 238.659028 99999.999 9999.999 999.999 0.999
238.763194 238.777083 99999.999 9999.999 999.999 0.999
238.780556 238.794444 99999.999 9999.999 999.999 0.999
238.870833 238.884722 99999.999 9999.999 999.999 0.999
238.915972 238.929861 99999.999 9999.999 999.999 0.999
239.006250 239.020139   755.038   47.945   2.147 0.000
239.051389 239.065278   784.509   49.791   2.082 0.000
239.141667 239.155556   737.550   46.811   1.958 0.000
239.186806 239.200694   728.107   46.194   1.826 0.000
239.304861 239.318750   749.014   47.520   1.878 0.000
239.322222 239.336111   765.624   48.559   1.817 0.000
239.412500 239.426389   741.146   47.006   1.759 0.000
239.457639 239.471528   688.214   43.645   1.604 0.000
239.547917 239.561806   670.657   42.531   1.563 0.000
239.593056 239.606944   697.674   44.236   1.564 0.000
239.683333 239.697222   770.946   48.881   1.728 0.000
239.728472 239.742361   771.240   48.890   1.657 0.000
239.846528 239.860417   784.897   49.756   1.686 0.000
239.863889 239.877778   777.626   49.289   1.625 0.000
239.954167 239.968056   744.772   47.206   1.556 0.000
239.999306 240.013194   753.100   47.733   1.566 0.000
240.089583 240.103472   748.206   47.423   1.556 0.000
240.134722 240.148611   735.900   46.641   1.519 0.000
240.225000 240.238889   707.630   44.850   1.460 0.000
240.270139 240.284028   720.783   45.680   1.466 0.000
240.388194 240.402083   734.942   46.585   1.550 0.000
240.405556 240.419444   736.964   46.709   1.520 0.000
240.495833 240.509722   730.291   46.286   1.506 0.000
240.540972 240.554861   726.655   46.102   1.824 0.000
240.631944 240.645833   724.847   45.988   1.820 0.000
240.677083 240.690972   728.333   46.204   1.796 0.000
240.767361 240.781250   700.181   44.418   1.727 0.000
240.812500 240.826389   725.106   46.004   1.817 0.000
240.902778 240.916667   667.457   42.346   1.673 0.000
240.947917 240.961806   646.848   41.028   1.555 0.000
241.038194 241.052083   636.964   40.401   1.531 0.000
241.083333 241.097222   632.831   40.139   1.519 0.000
241.173611 241.187500   620.965   39.386   1.490 0.000
241.218750 241.232639   620.680   39.368   1.488 0.000
