data/obs/c2h6/WDCGG/event/CH0005R.20120117160000.20160915102628.online_gc.ethane.air.50w.2h.CH01L_Agilent_ADS-GC-FID_cn10450060_RIG.CH01L_ADS_GC_FID_VOCAIR_RIGI.lev2.nas
67 1001
Hill, Matz; Reimann, Stefan
CH01L, Swiss Federal Laboratories for Materials Science and Technology, EMPA, Section Air Pollution, Überlandstrasse 133, , 8600, Dübendorf, Switzerland
Hill, Matz
ACTRIS EMEP GAW-WDCRG
1 1
2012 01 01 2016 09 15
0
days from file reference point
5
1 1 1 1 1
999.999999 99999 9999 999 9.999
end_time of measurement, days from the file reference point
ethane, pmol/mol, Statistics=arithmetic mean, Data level=, Standard method=, Calibration scale=, Inlet type=, Detection limit=7.0 pmol/mol
ethane, pmol/mol, Revision date=20150330000000, Statistics=expanded uncertainty 2sigma
ethane, pmol/mol, Revision date=20150330000000, Statistics=precision
numflag, no unit
0
48
Data definition:              EBAS_1.1
Set type code:                TI
Timezone:                     UTC
File name:                    CH0005R.20120117160000.20160915102628.online_gc.ethane.air.50w.2h.CH01L_Agilent_ADS-GC-FID_cn10450060_RIG.CH01L_ADS_GC_FID_VOCAIR_RIGI.lev2.nas
File creation:                20190306184552
Startdate:                    20120117160000
Revision date:                20160915102628
Version:                      2
Version description:          initial revision, manually inspected, removed all data for butenes and pentenes
Data level:                   2
Period code:                  50w
Resolution code:              2h
Sample duration:              40mn
Station code:                 CH0005R
Platform code:                CH0005S
Station name:                 Rigi
Station GAW-ID:               RIG
Station latitude:             47.0675
Station longitude:            8.463889
Station altitude:             1031.0m
Measurement height:           3.0m
Regime:                       IMG
Component:                    ethane
Unit:                         pmol/mol
Matrix:                       air
Instrument type:              online_gc
Laboratory code:              CH01L
Instrument name:              Agilent_ADS-GC-FID_cn10450060_RIG
Instrument manufacturer:      Agilent
Instrument model:             6890GC/FID
Instrument serial number:     cn10450060
Method ref:                   CH01L_ADS_GC_FID_VOCAIR_RIGI
Standard method:              None
Calibration scale:            NPL
Inlet type:                   Hat or hood
Inlet description:            ambient air is brought into the cabin through a main inlet line at a flow rate of 300 lpm. From the main inlet line short stainless steel tubes are used to bring the air samples to the instruments.
Volume std. temperature:      273.15 K
Volume std. pressure:         1013.25 hPa
Detection limit expl.:        Determined by instrument counting statistics, no detection limit flag used
Measurement uncertainty expl.: Includes reproducibility (precision) + systematic errors (accuracy)
Zero/negative values code:    Zero/negative impossible
Zero/negative values:         Zero and neg. values don't appear because data was processed and zero/neg data taken out
Originator:                   Hill, Matz, matthias.hill@empa.ch, Swiss Federal Laboratories for Materials Science and Technology, Empa, Air Pollution/Environmental Technology, Ueberlandstrasse 129, , CH-8600, Duebendorf, Switzerland
Originator:                   Reimann, Stefan, , , , , , , , , 
Submitter:                    Hill, Matz, matthias.hill@empa.ch, Swiss Federal Laboratories for Materials Science and Technology, Empa, Air Pollution/Environmental Technology, Ueberlandstrasse 129, , CH-8600, Duebendorf, Switzerland
Acknowledgement:              Request acknowledgement details from data originator
Comment:                      "No SOP currently available, o3 not removed, nafion dryer, Calibration interval:1/two weeks"
starttime endtime C2H6 C2H6 C2H6 flag
[from data line 1489]
155.298611 155.326389   979   22   5 0.000
155.381944 155.409722  1001   23   5 0.000
158.541667 158.569444 99999 9999 999 0.999
158.625000 158.652778 99999 9999 999 0.999
158.708333 158.736111 99999 9999 999 0.999
158.791667 158.819444   817   19   5 0.000
158.875000 158.902778   816   19   5 0.000
158.958333 158.986111   814   19   5 0.000
159.125000 159.152778   896   20   5 0.000
159.208333 159.236111   920   21   5 0.000
159.291667 159.319444   919   21   5 0.000
159.375000 159.402778   936   21   5 0.000
159.458333 159.486111   982   22   5 0.000
159.541667 159.569444   963   22   5 0.000
159.625000 159.652778   966   22   5 0.000
159.708333 159.736111   982   22   5 0.000
159.791667 159.819444   990   22   5 0.000
159.875000 159.902778   997   22   5 0.000
159.958333 159.986111  1005   23   5 0.000
160.041667 160.069444  1014   23   5 0.000
160.125000 160.152778  1031   23   5 0.000
160.208333 160.236111  1098   25   5 0.000
160.291667 160.319444  1027   23   5 0.000
160.375000 160.402778  1011   23   5 0.000
160.458333 160.486111  1021   23   5 0.000
160.541667 160.569444  1025   23   5 0.000
160.625000 160.652778  1035   23   5 0.000
160.708333 160.736111  1149   26   6 0.000
160.791667 160.819444  1093   24   5 0.000
160.875000 160.902778  1084   24   5 0.000
160.958333 160.986111  1098   25   5 0.000
161.041667 161.069444  1135   25   6 0.000
161.125000 161.152778  1119   25   6 0.000
161.208333 161.236111  1137   25   6 0.000
161.291667 161.319444  1137   25   6 0.000
161.375000 161.402778  1135   25   6 0.000
161.458333 161.486111  1167   26   6 0.000
161.541667 161.569444  1085   24   5 0.000
161.625000 161.652778  1074   24   5 0.000
161.708333 161.736111  1066   24   5 0.000
161.791667 161.819444  1056   24   5 0.000
161.875000 161.902778  1046   23   5 0.000
161.958333 161.986111  1048   24   5 0.000
162.041667 162.069444  1045   23   5 0.000
162.125000 162.152778  1009   23   5 0.000
162.208333 162.236111  1021   23   5 0.000
162.291667 162.319444  1027   23   5 0.000
162.375000 162.402778  1074   24   5 0.000
162.458333 162.486111   980   22   5 0.000
162.541667 162.569444   970   22   5 0.000
162.625000 162.652778   978   22   5 0.000
162.708333 162.736111   985   22   5 0.000
162.791667 162.819444   981   22   5 0.000
162.875000 162.902778   987   22   5 0.000
162.958333 162.986111   972   22   5 0.000
163.041667 163.069444   974   22   5 0.000
163.125000 163.152778  1031   23   5 0.000
163.208333 163.236111  1012   23   5 0.000
163.291667 163.319444   992   22   5 0.000
163.375000 163.402778   971   22   5 0.000
163.458333 163.486111   977   22   5 0.000
163.541667 163.569444   976   22   5 0.000
163.625000 163.652778   993   22   5 0.000
163.708333 163.736111   990   22   5 0.000
163.791667 163.819444  1013   23   5 0.000
163.875000 163.902778  1205   27   6 0.000
163.958333 163.986111  1241   27   6 0.000
164.041667 164.069444  1176   26   6 0.000
164.125000 164.152778  1246   28   6 0.000
164.208333 164.236111  1141   25   6 0.000
164.291667 164.319444  1217   27   6 0.000
164.375000 164.402778  1300   29   6 0.000
164.458333 164.486111  1260   28   6 0.000
164.541667 164.569444  1285   28   6 0.000
164.625000 164.652778  1423   31   6 0.000
164.708333 164.736111  1353   30   6 0.000
164.791667 164.819444  1265   28   6 0.000
164.875000 164.902778  1255   28   6 0.000
164.958333 164.986111  1157   26   6 0.000
165.041667 165.069444  1138   25   6 0.000
165.125000 165.152778  1101   25   5 0.000
165.208333 165.236111  1120   25   6 0.000
165.291667 165.319444  1229   27   6 0.000
165.375000 165.402778  1213   27   6 0.000
165.458333 165.486111  1159   26   6 0.000
165.541667 165.569444  1180   26   6 0.000
165.625000 165.652778  1129   25   6 0.000
165.708333 165.736111  1112   25   6 0.000
165.791667 165.819444  1178   26   6 0.000
165.875000 165.902778  1102   25   5 0.000
165.958333 165.986111  1061   24   5 0.000
166.041667 166.069444  1089   24   5 0.000
166.125000 166.152778  1090   24   5 0.000
166.208333 166.236111  1088   24   5 0.000
166.291667 166.319444  1086   24   5 0.000
166.375000 166.402778  1144   25   6 0.000
166.458333 166.486111  1189   26   6 0.000
166.541667 166.569444  1057   24   5 0.000
166.625000 166.652778   994   22   5 0.000
166.708333 166.736111  1009   23   5 0.000
166.791667 166.819444  1020   23   5 0.000
166.875000 166.902778  1001   23   5 0.000
166.958333 166.986111  1015   23   5 0.000
167.041667 167.069444  1058   24   5 0.000
167.125000 167.152778  1058   24   5 0.000
167.208333 167.236111  1013   23   5 0.000
167.291667 167.319444   998   22   5 0.000
167.375000 167.402778  1141   25   6 0.000
167.458333 167.486111  1069   24   5 0.000
167.541667 167.569444  1024   23   5 0.000
167.625000 167.652778  1011   23   5 0.000
167.708333 167.736111   994   22   5 0.000
167.791667 167.819444   983   22   5 0.000
167.875000 167.902778   964   22   5 0.000
167.958333 167.986111  1001   23   5 0.000
168.041667 168.069444  1050   24   5 0.000
168.125000 168.152778  1038   23   5 0.000
168.208333 168.236111  1065   24   5 0.000
168.291667 168.319444   807   19   5 0.000
173.368056 173.395833   914   21   5 0.000
173.451389 173.479167   913   21   5 0.000
173.534722 173.562500   914   21   5 0.000
173.618056 173.645833   907   21   5 0.000
173.701389 173.729167   922   21   5 0.000
173.784722 173.812500   964   22   5 0.000
173.868056 173.895833   954   22   5 0.000
173.951389 173.979167   936   21   5 0.000
174.034722 174.062500   921   21   5 0.000
174.118056 174.145833   928   21   5 0.000
174.201389 174.229167   900   20   5 0.000
174.284722 174.312500   916   21   5 0.000
174.368056 174.395833   929   21   5 0.000
174.451389 174.479167   941   21   5 0.000
174.534722 174.562500  1011   23   5 0.000
174.618056 174.645833   920   21   5 0.000
174.701389 174.729167   928   21   5 0.000
176.451389 176.479167   702   17   4 0.000
176.534722 176.562500   668   16   4 0.000
176.618056 176.645833   699   16   4 0.000
176.701389 176.729167   718   17   4 0.000
176.784722 176.812500   778   18   5 0.000
177.625000 177.652778   734   17   4 0.000
177.708333 177.736111   711   17   4 0.000
177.791667 177.819444   653   16   4 0.000
177.875000 177.902778   628   15   4 0.000
177.958333 177.986111   630   15   4 0.000
178.041667 178.069444   630   15   4 0.000
178.125000 178.152778   627   15   4 0.000
178.208333 178.236111   606   15   4 0.000
178.291667 178.319444   649   15   4 0.000
178.375000 178.402778   629   15   4 0.000
178.458333 178.486111   637   15   4 0.000
178.541667 178.569444   675   16   4 0.000
178.625000 178.652778   634   15   4 0.000
178.708333 178.736111   618   15   4 0.000
178.791667 178.819444   629   15   4 0.000
178.875000 178.902778   629   15   4 0.000
178.958333 178.986111   631   15   4 0.000
179.041667 179.069444   634   15   4 0.000
179.125000 179.152778   636   15   4 0.000
179.208333 179.236111   636   15   4 0.000
179.291667 179.319444   646   15   4 0.000
179.375000 179.402778   699   16   4 0.000
179.458333 179.486111   691   16   4 0.000
179.541667 179.569444   692   16   4 0.000
179.625000 179.652778   666   16   4 0.000
179.708333 179.736111   665   16   4 0.000
179.791667 179.819444   655   16   4 0.000
179.875000 179.902778   632   15   4 0.000
179.958333 179.986111   665   16   4 0.000
180.041667 180.069444   716   17   4 0.000
180.125000 180.152778   751   17   4 0.000
180.208333 180.236111   696   16   4 0.000
180.291667 180.319444   680   16   4 0.000
180.375000 180.402778   706   17   4 0.000
180.458333 180.486111   708   17   4 0.000
180.541667 180.569444   748   17   4 0.000
180.625000 180.652778   693   16   4 0.000
180.708333 180.736111 99999 9999 999 0.999
180.791667 180.819444 99999 9999 999 0.999
180.875000 180.902778 99999 9999 999 0.999
180.958333 180.986111 99999 9999 999 0.999
181.041667 181.069444 99999 9999 999 0.999
181.125000 181.152778 99999 9999 999 0.999
181.208333 181.236111 99999 9999 999 0.999
181.291667 181.319444 99999 9999 999 0.999
181.375000 181.402778   801   18   5 0.000
181.458333 181.486111   815   19   5 0.000
181.541667 181.569444 99999 9999 999 0.999
181.625000 181.652778 99999 9999 999 0.999
181.708333 181.736111 99999 9999 999 0.999
181.791667 181.819444 99999 9999 999 0.999
181.875000 181.902778 99999 9999 999 0.999
181.958333 181.986111 99999 9999 999 0.999
182.041667 182.069444 99999 9999 999 0.999
182.125000 182.152778 99999 9999 999 0.999
182.208333 182.236111 99999 9999 999 0.999
182.291667 182.319444 99999 9999 999 0.999
182.375000 182.402778   773   18   5 0.000
182.458333 182.486111   747   17   4 0.000
182.541667 182.569444   738   17   4 0.000
182.625000 182.652778   758   18   4 0.000
182.708333 182.736111   814   19   5 0.000
182.791667 182.819444   752   18   4 0.000
182.875000 182.902778   737   17   4 0.000
182.958333 182.986111   754   18   4 0.000
183.041667 183.069444   842   19   5 0.000
183.125000 183.152778   844   19   5 0.000
183.208333 183.236111   833   19   5 0.000
183.291667 183.319444   795   18   5 0.000
183.375000 183.402778   704   17   4 0.000
184.298611 184.326389 99999 9999 999 0.999
184.381944 184.409722 99999 9999 999 0.999
184.465278 184.493056 99999 9999 999 0.999
184.548611 184.576389 99999 9999 999 0.999
184.631944 184.659722 99999 9999 999 0.999
184.715278 184.743056   895   20   5 0.000
184.798611 184.826389   842   19   5 0.000
184.881944 184.909722   848   19   5 0.000
184.965278 184.993056   834   19   5 0.000
185.048611 185.076389   860   20   5 0.000
185.131944 185.159722   897   20   5 0.000
185.215278 185.243056   835   19   5 0.000
185.298611 185.326389   883   20   5 0.000
185.381944 185.409722   930   21   5 0.000
185.465278 185.493056   969   22   5 0.000
185.548611 185.576389   895   20   5 0.000
185.631944 185.659722  1012   23   5 0.000
185.715278 185.743056   878   20   5 0.000
185.798611 185.826389   834   19   5 0.000
185.881944 185.909722   829   19   5 0.000
185.965278 185.993056   816   19   5 0.000
186.048611 186.076389   821   19   5 0.000
186.131944 186.159722   815   19   5 0.000
186.215278 186.243056   811   19   5 0.000
186.298611 186.326389   825   19   5 0.000
186.381944 186.409722   879   20   5 0.000
186.465278 186.493056   904   21   5 0.000
186.548611 186.576389   835   19   5 0.000
186.631944 186.659722   785   18   5 0.000
186.715278 186.743056   816   19   5 0.000
186.798611 186.826389   823   19   5 0.000
186.881944 186.909722   831   19   5 0.000
186.965278 186.993056   828   19   5 0.000
187.048611 187.076389   828   19   5 0.000
187.131944 187.159722   811   19   5 0.000
187.215278 187.243056   797   18   5 0.000
187.298611 187.326389   797   18   5 0.000
187.381944 187.409722   841   19   5 0.000
187.465278 187.493056   834   19   5 0.000
187.548611 187.576389   832   19   5 0.000
187.631944 187.659722   841   19   5 0.000
187.715278 187.743056   815   19   5 0.000
187.798611 187.826389   754   18   4 0.000
187.881944 187.909722   739   17   4 0.000
187.965278 187.993056   745   17   4 0.000
188.048611 188.076389   748   17   4 0.000
188.131944 188.159722   754   18   4 0.000
188.215278 188.243056   759   18   4 0.000
188.298611 188.326389   782   18   5 0.000
188.381944 188.409722   808   19   5 0.000
188.465278 188.493056   791   18   5 0.000
188.548611 188.576389   786   18   5 0.000
188.631944 188.659722   792   18   5 0.000
188.715278 188.743056   801   18   5 0.000
188.798611 188.826389   810   19   5 0.000
188.881944 188.909722   800   18   5 0.000
188.965278 188.993056   785   18   5 0.000
189.048611 189.076389   786   18   5 0.000
189.131944 189.159722   771   18   5 0.000
189.215278 189.243056   790   18   5 0.000
189.298611 189.326389   932   21   5 0.000
189.381944 189.409722   866   20   5 0.000
189.465278 189.493056   797   18   5 0.000
189.548611 189.576389   758   18   4 0.000
189.631944 189.659722   732   17   4 0.000
189.715278 189.743056   749   17   4 0.000
189.798611 189.826389   773   18   5 0.000
189.881944 189.909722   749   17   4 0.000
189.965278 189.993056   757   18   4 0.000
190.048611 190.076389   762   18   5 0.000
190.131944 190.159722   765   18   5 0.000
190.215278 190.243056   760   18   4 0.000
190.298611 190.326389 99999 9999 999 0.999
192.500000 192.527778   683   16   4 0.000
192.583333 192.611111   689   16   4 0.000
192.666667 192.694444   698   16   4 0.000
192.750000 192.777778   715   17   4 0.000
192.833333 192.861111   710   17   4 0.000
192.916667 192.944444   707   17   4 0.000
193.000000 193.027778   679   16   4 0.000
193.083333 193.111111   686   16   4 0.000
193.166667 193.194444   714   17   4 0.000
193.250000 193.277778   682   16   4 0.000
193.333333 193.361111   709   17   4 0.000
193.416667 193.444444   713   17   4 0.000
193.500000 193.527778   693   16   4 0.000
193.583333 193.611111   701   16   4 0.000
193.666667 193.694444   691   16   4 0.000
193.750000 193.777778   680   16   4 0.000
193.833333 193.861111   725   17   4 0.000
193.916667 193.944444   691   16   4 0.000
194.000000 194.027778   704   17   4 0.000
194.083333 194.111111   721   17   4 0.000
194.166667 194.194444   698   16   4 0.000
194.618056 194.645833 99999 9999 999 0.999
194.701389 194.729167   760   17   4 0.000
194.784722 194.812500   749   17   4 0.000
194.868056 194.895833   762   17   4 0.000
194.951389 194.979167   767   17   4 0.000
195.034722 195.062500   763   17   4 0.000
195.118056 195.145833   756   17   4 0.000
195.201389 195.229167   780   18   4 0.000
195.284722 195.312500   797   18   4 0.000
195.368056 195.395833   802   18   4 0.000
195.451389 195.479167   806   18   4 0.000
195.534722 195.562500   805   18   4 0.000
195.618056 195.645833   817   18   4 0.000
197.375000 197.402778 99999 9999 999 0.999
197.458333 197.486111   779   18   4 0.000
197.541667 197.569444   779   18   4 0.000
197.625000 197.652778   767   17   4 0.000
197.708333 197.736111   768   17   4 0.000
198.375000 198.402778   764   17   4 0.000
198.458333 198.486111   747   17   4 0.000
198.541667 198.569444   753   17   4 0.000
198.625000 198.652778   754   17   4 0.000
198.708333 198.736111   761   17   4 0.000
198.791667 198.819444   756   17   4 0.000
199.291667 199.319444   730   17   4 0.000
199.375000 199.402778   737   17   4 0.000
199.458333 199.486111   769   18   4 0.000
199.541667 199.569444   778   18   4 0.000
199.625000 199.652778   705   16   4 0.000
199.708333 199.736111   651   15   4 0.000
199.791667 199.819444   606   14   4 0.000
200.291667 200.319444   687   16   4 0.000
200.375000 200.402778   688   16   4 0.000
200.458333 200.486111   701   16   4 0.000
200.541667 200.569444   698   16   4 0.000
200.625000 200.652778   610   14   4 0.000
200.708333 200.736111   601   14   4 0.000
200.791667 200.819444   566   14   4 0.000
200.875000 200.902778   567   14   4 0.000
203.708333 203.736111   806   18   4 0.000
203.791667 203.819444   808   18   4 0.000
203.875000 203.902778   798   18   4 0.000
203.958333 203.986111   799   18   4 0.000
204.583333 204.611111   844   19   4 0.000
204.666667 204.694444   818   18   4 0.000
204.750000 204.777778   821   19   4 0.000
204.833333 204.861111   823   19   4 0.000
204.916667 204.944444   833   19   4 0.000
205.000000 205.027778   842   19   4 0.000
205.083333 205.111111   843   19   4 0.000
205.166667 205.194444   828   19   4 0.000
205.250000 205.277778   828   19   4 0.000
205.333333 205.361111   868   19   4 0.000
205.416667 205.444444   961   21   5 0.000
205.500000 205.527778   858   19   4 0.000
205.583333 205.611111   840   19   4 0.000
205.666667 205.694444   856   19   4 0.000
205.750000 205.777778   895   20   4 0.000
205.833333 205.861111   874   20   4 0.000
205.916667 205.944444   948   21   5 0.000
206.000000 206.027778   927   21   5 0.000
206.083333 206.111111   942   21   5 0.000
206.166667 206.194444   932   21   5 0.000
206.250000 206.277778   876   20   4 0.000
206.333333 206.361111   857   19   4 0.000
206.416667 206.444444   873   20   4 0.000
