data/obs/c2h6/WDCGG/event/CH0005R.20030101000000.20160915102628.online_gc.ethane.air.1y.2h.CH01L_Agilent_ADS-GC-FID_cn10450060_RIG.CH01L_ADS_GC_FID_VOCAIR_RIGI..nas
58 1001
Reimann, Stefan
CH01L, Swiss Federal Laboratories for Materials Science and Technology, EMPA, Section Air Pollution, Überlandstrasse 133, , 8600, Dübendorf, Switzerland
Reimann, Stefan
EMEP GAW-WDCRG
1 1
2003 01 01 2016 09 15
0.083333
days from file reference point
3
1 1 1
999.999999 99999 9.999
end_time of measurement, days from the file reference point
ethane, pmol/mol
numflag ethane, no unit
0
41
Data definition:              EBAS_1.1
Set type code:                TU
Timezone:                     UTC
File name:                    CH0005R.20030101000000.20160915102628.online_gc.ethane.air.1y.2h.CH01L_Agilent_ADS-GC-FID_cn10450060_RIG.CH01L_ADS_GC_FID_VOCAIR_RIGI..nas
File creation:                20190306184550
Startdate:                    20030101000000
Revision date:                20160915102628
Statistics:                   arithmetic mean
Data level:                   
Period code:                  1y
Resolution code:              2h
Sample duration:              40mn
Orig. time res.:              2h
Station code:                 CH0005R
Platform code:                CH0005S
Station name:                 Rigi
Station GAW-ID:               RIG
Station latitude:             47.0675
Station longitude:            8.463889
Station altitude:             1031.0m
Measurement height:           4.0m
Regime:                       IMG
Component:                    ethane
Unit:                         pmol/mol
Matrix:                       air
Instrument type:              online_gc
Laboratory code:              CH01L
Instrument name:              Agilent_ADS-GC-FID_cn10450060_RIG
Method ref:                   CH01L_ADS_GC_FID_VOCAIR_RIGI
Inlet description:            above the roof
Volume std. temperature:      273.15 K
Volume std. pressure:         1013.25 hPa
Detection limit:              9.0 pmol/mol
Detection limit expl.:        Determined by integration of a baseline signal multiplied by a factor of 3, detection     limit flag 147
Measurement uncertainty expl.: Includes reproducibility (precision) + systematic errors (accuracy)
Zero/negative values code:    Zero/negative impossible
Zero/negative values:         Neg. values don't appear because data was processed and neg data taken out
Originator:                   Reimann, Stefan, , , , , , , , , 
Submitter:                    Reimann, Stefan, , , , , , , , , 
Comment:                      "No SOP currently available, o3 removed with an ozone scrubber, nafion dryer, Calibration interval:1/month calibration interval"
starttime endtime C2H6 flag_C2H6
[from data line 1412]
117.666667 117.750000  2986 0.000
117.750000 117.833333  1726 0.000
117.833333 117.916667  1553 0.000
117.916667 118.000000  1875 0.000
118.000000 118.083333  1725 0.000
118.083333 118.166667  1188 0.000
118.166667 118.250000  1244 0.000
118.250000 118.333333  1669 0.000
118.333333 118.416667  1436 0.000
118.416667 118.500000  1436 0.000
118.500000 118.583333  1651 0.000
118.583333 118.666667  1008 0.000
118.666667 118.750000  1378 0.000
118.750000 118.833333  1885 0.000
118.833333 118.916667  1113 0.000
118.916667 119.000000  1837 0.000
119.000000 119.083333  1747 0.000
119.083333 119.166667  1745 0.000
119.166667 119.250000  1729 0.000
119.250000 119.333333  1760 0.000
119.333333 119.416667  1820 0.000
119.416667 119.500000  1826 0.000
119.500000 119.583333  1503 0.000
119.583333 119.666667  1580 0.000
119.666667 119.750000  1848 0.000
119.750000 119.833333  1432 0.000
119.833333 119.916667  1938 0.000
119.916667 120.000000  1520 0.000
120.000000 120.083333  1420 0.000
120.083333 120.166667  1157 0.000
120.166667 120.250000  1492 0.000
120.250000 120.333333  1644 0.000
120.333333 120.416667  1512 0.000
120.416667 120.500000  1802 0.000
120.500000 120.583333  2017 0.000
120.583333 120.666667  1851 0.000
120.666667 120.750000  1843 0.000
120.750000 120.833333  1965 0.000
120.833333 120.916667  2147 0.000
120.916667 121.000000  1242 0.000
121.000000 121.083333  1061 0.000
121.083333 121.166667  1203 0.000
121.166667 121.250000  1375 0.000
121.250000 121.333333  1862 0.000
121.333333 121.416667  2486 0.000
121.416667 121.500000  2247 0.000
121.500000 121.583333  2419 0.000
121.583333 121.666667  1992 0.000
121.666667 121.750000  1780 0.000
121.750000 121.833333  2231 0.000
121.833333 121.916667  3047 0.000
121.916667 122.000000  1462 0.000
122.000000 122.083333  1970 0.000
122.083333 122.166667  1688 0.000
122.166667 122.250000  1392 0.000
122.250000 122.333333  1314 0.000
122.333333 122.416667  1399 0.000
122.416667 122.500000  1448 0.000
122.500000 122.583333  1818 0.000
122.583333 122.666667  1964 0.000
122.666667 122.750000  1941 0.000
122.750000 122.833333  1570 0.000
122.833333 122.916667  1593 0.000
122.916667 123.000000  1453 0.000
123.000000 123.083333  1565 0.000
123.083333 123.166667  1526 0.000
123.166667 123.250000  1390 0.000
123.250000 123.333333  1367 0.000
123.333333 123.416667  2206 0.000
123.416667 123.500000  2310 0.000
123.500000 123.583333  2944 0.000
123.583333 123.666667  1770 0.000
123.666667 123.750000  1772 0.000
123.750000 123.833333  1734 0.000
123.833333 123.916667 99999 0.999
123.916667 124.000000  2114 0.000
124.000000 124.083333  2023 0.000
124.083333 124.166667  1688 0.000
124.166667 124.250000  1571 0.000
124.250000 124.333333  2191 0.000
124.333333 124.416667  1848 0.000
124.416667 124.500000  1788 0.000
124.500000 124.583333  1983 0.000
124.583333 124.666667  1543 0.000
124.666667 124.750000  1568 0.000
124.750000 124.833333  1703 0.000
124.833333 124.916667  1656 0.000
124.916667 125.000000  1472 0.000
125.000000 125.083333  1765 0.000
125.083333 125.166667  2109 0.000
125.166667 125.250000  2026 0.000
125.250000 125.333333  2150 0.000
125.333333 125.416667  1890 0.000
125.416667 125.500000  1983 0.000
125.500000 125.583333  2187 0.000
125.583333 125.666667  1708 0.000
125.666667 125.750000  1904 0.000
125.750000 125.833333  2159 0.000
125.833333 125.916667  2643 0.000
125.916667 126.000000  1860 0.000
126.000000 126.083333  2129 0.000
126.083333 126.166667  2391 0.000
126.166667 126.250000  2206 0.000
126.250000 126.333333  2099 0.000
126.333333 126.416667  2172 0.000
126.416667 126.500000  2675 0.000
126.500000 126.583333  3116 0.000
126.583333 126.666667  2434 0.000
126.666667 126.750000  1995 0.000
126.750000 126.833333  1915 0.000
126.833333 126.916667  1706 0.000
126.916667 127.000000  1498 0.000
127.000000 127.083333  1774 0.000
127.083333 127.166667  2179 0.000
127.166667 127.250000  2320 0.000
127.250000 127.333333  2021 0.000
127.333333 127.416667  2007 0.000
127.416667 127.500000  1883 0.000
127.500000 127.583333  2664 0.000
127.583333 127.666667 99999 0.999
127.666667 127.750000 99999 0.999
127.750000 127.833333 99999 0.999
127.833333 127.916667  1674 0.000
127.916667 128.000000  1514 0.000
128.000000 128.083333  1656 0.000
128.083333 128.166667 99999 0.999
128.166667 128.250000  1744 0.000
128.250000 128.333333  2175 0.000
128.333333 128.416667  1627 0.000
128.416667 128.500000  2235 0.000
128.500000 128.583333  1759 0.000
128.583333 128.666667  1862 0.000
128.666667 128.750000  1960 0.000
128.750000 128.833333 99999 0.999
128.833333 128.916667 99999 0.999
128.916667 129.000000  1520 0.000
129.000000 129.083333  1634 0.000
129.083333 129.166667  1556 0.000
129.166667 129.250000 99999 0.999
129.250000 129.333333  1679 0.000
129.333333 129.416667  1785 0.000
129.416667 129.500000  1667 0.000
129.500000 129.583333  2013 0.000
129.583333 129.666667 99999 0.999
129.666667 129.750000  1953 0.000
129.750000 129.833333 99999 0.999
129.833333 129.916667 99999 0.999
129.916667 130.000000  1725 0.000
130.000000 130.083333  1497 0.000
130.083333 130.166667  1930 0.000
130.166667 130.250000 99999 0.999
130.250000 130.333333  1898 0.000
130.333333 130.416667 99999 0.999
130.416667 130.500000  2041 0.000
130.500000 130.583333 99999 0.999
130.583333 130.666667 99999 0.999
130.666667 130.750000 99999 0.999
130.750000 130.833333 99999 0.999
130.833333 130.916667 99999 0.999
130.916667 131.000000  1692 0.000
131.000000 131.083333  1638 0.000
131.083333 131.166667  1700 0.000
131.166667 131.250000  1612 0.000
131.250000 131.333333  1706 0.000
131.333333 131.416667  1826 0.000
131.416667 131.500000  1582 0.000
131.500000 131.583333  1884 0.000
131.583333 131.666667  1635 0.000
131.666667 131.750000  1463 0.000
131.750000 131.833333  1853 0.000
131.833333 131.916667  1616 0.000
131.916667 132.000000  1748 0.000
132.000000 132.083333  1742 0.000
132.083333 132.166667  2049 0.000
132.166667 132.250000  1540 0.000
132.250000 132.333333  1561 0.000
132.333333 132.416667  1731 0.000
132.416667 132.500000  1875 0.000
132.500000 132.583333  1447 0.000
132.583333 132.666667  1251 0.000
132.666667 132.750000  1614 0.000
132.750000 132.833333  1837 0.000
132.833333 132.916667  1441 0.000
132.916667 133.000000  1386 0.000
133.000000 133.083333  1422 0.000
133.083333 133.166667  1489 0.000
133.166667 133.250000  1321 0.000
133.250000 133.333333  1286 0.000
133.333333 133.416667  1707 0.000
133.416667 133.500000  1716 0.000
133.500000 133.583333  1489 0.000
133.583333 133.666667  1907 0.000
133.666667 133.750000  1462 0.000
133.750000 133.833333  1351 0.000
133.833333 133.916667  1501 0.000
133.916667 134.000000  1032 0.000
134.000000 134.083333  1405 0.000
134.083333 134.166667  1099 0.000
134.166667 134.250000  1290 0.000
134.250000 134.333333 99999 0.999
134.333333 134.416667  1622 0.000
134.416667 134.500000  1482 0.000
134.500000 134.583333  1473 0.000
134.583333 134.666667  1920 0.000
134.666667 134.750000  2079 0.000
134.750000 134.833333  1639 0.000
134.833333 134.916667  1554 0.000
134.916667 135.000000  1271 0.000
135.000000 135.083333  1156 0.000
135.083333 135.166667  1703 0.000
135.166667 135.250000  1183 0.000
135.250000 135.333333   880 0.000
135.333333 135.416667  1645 0.000
135.416667 135.500000  1707 0.000
135.500000 135.583333  2212 0.000
135.583333 135.666667  1905 0.000
135.666667 135.750000  1719 0.000
135.750000 135.833333  2380 0.000
135.833333 135.916667  1219 0.000
135.916667 136.000000  1896 0.000
136.000000 136.083333  1794 0.000
136.083333 136.166667   943 0.000
136.166667 136.250000  1399 0.000
136.250000 136.333333  1083 0.000
136.333333 136.416667  1026 0.000
136.416667 136.500000  1787 0.000
136.500000 136.583333  1312 0.000
136.583333 136.666667  1275 0.000
136.666667 136.750000  1440 0.000
136.750000 136.833333  1665 0.000
136.833333 136.916667  1224 0.000
136.916667 137.000000  1361 0.000
137.000000 137.083333  1444 0.000
137.083333 137.166667  1302 0.000
137.166667 137.250000  1262 0.000
137.250000 137.333333  1222 0.000
137.333333 137.416667  1469 0.000
137.416667 137.500000  1664 0.000
137.500000 137.583333  1835 0.000
137.583333 137.666667  1656 0.000
137.666667 137.750000  1458 0.000
137.750000 137.833333  1435 0.000
137.833333 137.916667  1503 0.000
137.916667 138.000000  1208 0.000
138.000000 138.083333  1231 0.000
138.083333 138.166667  1368 0.000
138.166667 138.250000  1270 0.000
138.250000 138.333333  1192 0.000
138.333333 138.416667  1151 0.000
138.416667 138.500000  1190 0.000
138.500000 138.583333  1266 0.000
138.583333 138.666667  1245 0.000
138.666667 138.750000  1450 0.000
138.750000 138.833333  1187 0.000
138.833333 138.916667  1381 0.000
138.916667 139.000000  1585 0.000
139.000000 139.083333  1319 0.000
139.083333 139.166667  1749 0.000
139.166667 139.250000  1376 0.000
139.250000 139.333333  1325 0.000
139.333333 139.416667  1741 0.000
139.416667 139.500000  1712 0.000
139.500000 139.583333  1417 0.000
139.583333 139.666667  1994 0.000
139.666667 139.750000  1380 0.000
139.750000 139.833333  1453 0.000
139.833333 139.916667  1369 0.000
139.916667 140.000000  1357 0.000
140.000000 140.083333  1353 0.000
140.083333 140.166667  1390 0.000
140.166667 140.250000  1556 0.000
140.250000 140.333333  1380 0.000
140.333333 140.416667  1734 0.000
140.416667 140.500000  1613 0.000
140.500000 140.583333  1816 0.000
140.583333 140.666667  1599 0.000
140.666667 140.750000  1546 0.000
140.750000 140.833333  1736 0.000
140.833333 140.916667  1359 0.000
140.916667 141.000000  1633 0.000
141.000000 141.083333  1456 0.000
141.083333 141.166667 99999 0.999
141.166667 141.250000 99999 0.999
141.250000 141.333333 99999 0.999
141.333333 141.416667 99999 0.999
141.416667 141.500000 99999 0.999
141.500000 141.583333 99999 0.999
141.583333 141.666667 99999 0.999
141.666667 141.750000 99999 0.999
141.750000 141.833333  1420 0.000
141.833333 141.916667  1487 0.000
141.916667 142.000000  1423 0.000
142.000000 142.083333  1207 0.000
142.083333 142.166667  1039 0.000
142.166667 142.250000  1228 0.000
142.250000 142.333333  1559 0.000
142.333333 142.416667  1323 0.000
142.416667 142.500000  1156 0.000
142.500000 142.583333  1175 0.000
142.583333 142.666667  1633 0.000
142.666667 142.750000  1125 0.000
142.750000 142.833333  1180 0.000
142.833333 142.916667  1495 0.000
142.916667 143.000000  1180 0.000
143.000000 143.083333  1624 0.000
143.083333 143.166667  1114 0.000
143.166667 143.250000  1419 0.000
143.250000 143.333333  1593 0.000
143.333333 143.416667  1172 0.000
143.416667 143.500000  1426 0.000
143.500000 143.583333  1248 0.000
143.583333 143.666667  1130 0.000
143.666667 143.750000  1405 0.000
143.750000 143.833333  1295 0.000
143.833333 143.916667  2681 0.000
143.916667 144.000000  1189 0.000
144.000000 144.083333  1721 0.000
144.083333 144.166667  1171 0.000
144.166667 144.250000  1359 0.000
144.250000 144.333333  1342 0.000
144.333333 144.416667  1165 0.000
144.416667 144.500000  1747 0.000
144.500000 144.583333  1308 0.000
144.583333 144.666667  1628 0.000
144.666667 144.750000  1765 0.000
144.750000 144.833333  1226 0.000
144.833333 144.916667  1282 0.000
144.916667 145.000000  2266 0.000
145.000000 145.083333  2138 0.000
145.083333 145.166667  1187 0.000
145.166667 145.250000  1357 0.000
145.250000 145.333333  2211 0.000
145.333333 145.416667  2656 0.000
145.416667 145.500000  1934 0.000
145.500000 145.583333  1333 0.000
145.583333 145.666667  1850 0.000
145.666667 145.750000  1555 0.000
145.750000 145.833333  1342 0.000
145.833333 145.916667  1869 0.000
145.916667 146.000000  2456 0.000
146.000000 146.083333  1891 0.000
146.083333 146.166667  1451 0.000
146.166667 146.250000  2055 0.000
146.250000 146.333333  2594 0.000
146.333333 146.416667  1701 0.000
146.416667 146.500000  2390 0.000
146.500000 146.583333 99999 0.999
146.583333 146.666667  1386 0.000
146.666667 146.750000  1455 0.000
146.750000 146.833333  1714 0.000
146.833333 146.916667  1897 0.000
146.916667 147.000000  3218 0.000
147.000000 147.083333  1496 0.000
147.083333 147.166667  2293 0.000
147.166667 147.250000  2928 0.000
147.250000 147.333333  2597 0.000
147.333333 147.416667  1627 0.000
147.416667 147.500000  2416 0.000
147.500000 147.583333  2274 0.000
147.583333 147.666667  2010 0.000
147.666667 147.750000  1913 0.000
147.750000 147.833333  2101 0.000
147.833333 147.916667  1795 0.000
147.916667 148.000000  1863 0.000
148.000000 148.083333  2366 0.000
148.083333 148.166667  1895 0.000
148.166667 148.250000  1589 0.000
148.250000 148.333333  3040 0.000
148.333333 148.416667  2281 0.000
148.416667 148.500000  2836 0.000
148.500000 148.583333  1908 0.000
148.583333 148.666667  1997 0.000
148.666667 148.750000  1696 0.000
148.750000 148.833333  1990 0.000
148.833333 148.916667  1886 0.000
148.916667 149.000000  1582 0.000
149.000000 149.083333 99999 0.999
149.083333 149.166667  1409 0.000
149.166667 149.250000  1719 0.000
149.250000 149.333333  3047 0.000
149.333333 149.416667  2312 0.000
149.416667 149.500000  1648 0.000
149.500000 149.583333  1919 0.000
149.583333 149.666667  1518 0.000
149.666667 149.750000  1585 0.000
149.750000 149.833333  1590 0.000
149.833333 149.916667  1859 0.000
149.916667 150.000000  2688 0.000
150.000000 150.083333  1739 0.000
150.083333 150.166667  1645 0.000
150.166667 150.250000  1451 0.000
150.250000 150.333333  1983 0.000
150.333333 150.416667 99999 0.999
150.416667 150.500000  1679 0.000
150.500000 150.583333  1601 0.000
150.583333 150.666667  1727 0.000
150.666667 150.750000 99999 0.999
150.750000 150.833333  1620 0.000
150.833333 150.916667  1766 0.000
150.916667 151.000000  1758 0.000
151.000000 151.083333  1616 0.000
151.083333 151.166667  1303 0.000
151.166667 151.250000  1753 0.000
151.250000 151.333333  1674 0.000
151.333333 151.416667 99999 0.999
151.416667 151.500000  1567 0.000
151.500000 151.583333  1644 0.000
151.583333 151.666667  1491 0.000
151.666667 151.750000  1731 0.000
151.750000 151.833333  1570 0.000
151.833333 151.916667  1461 0.000
151.916667 152.000000  2265 0.000
152.000000 152.083333  1520 0.000
152.083333 152.166667  2560 0.000
152.166667 152.250000  1675 0.000
152.250000 152.333333  1893 0.000
152.333333 152.416667  1633 0.000
152.416667 152.500000  1216 0.000
152.500000 152.583333  1462 0.000
152.583333 152.666667  1599 0.000
152.666667 152.750000  1623 0.000
152.750000 152.833333  1370 0.000
152.833333 152.916667  1329 0.000
152.916667 153.000000  1251 0.000
153.000000 153.083333  1469 0.000
153.083333 153.166667  1238 0.000
153.166667 153.250000  1404 0.000
153.250000 153.333333  1402 0.000
153.333333 153.416667  1206 0.000
153.416667 153.500000  1425 0.000
153.500000 153.583333  1299 0.000
153.583333 153.666667  1464 0.000
153.666667 153.750000  1271 0.000
153.750000 153.833333  1283 0.000
153.833333 153.916667  1428 0.000
153.916667 154.000000  1811 0.000
154.000000 154.083333  1306 0.000
154.083333 154.166667  1499 0.000
154.166667 154.250000  1626 0.000
154.250000 154.333333  1462 0.000
154.333333 154.416667  1889 0.000
154.416667 154.500000  1559 0.000
154.500000 154.583333  1340 0.000
154.583333 154.666667  1602 0.000
154.666667 154.750000  1626 0.000
154.750000 154.833333  1303 0.000
154.833333 154.916667  1451 0.000
154.916667 155.000000  1249 0.000
155.000000 155.083333  1398 0.000
155.083333 155.166667  1322 0.000
155.166667 155.250000  1350 0.000
155.250000 155.333333  1285 0.000
155.333333 155.416667  1547 0.000
155.416667 155.500000  2138 0.000
155.500000 155.583333  1489 0.000
155.583333 155.666667  1534 0.000
155.666667 155.750000  1676 0.000
155.750000 155.833333  1402 0.000
155.833333 155.916667  1386 0.000
155.916667 156.000000  1437 0.000
156.000000 156.083333  1332 0.000
156.083333 156.166667  1565 0.000
156.166667 156.250000  1450 0.000
156.250000 156.333333  1374 0.000
156.333333 156.416667  1586 0.000
156.416667 156.500000  1608 0.000
156.500000 156.583333  1634 0.000
156.583333 156.666667  1430 0.000
156.666667 156.750000  1319 0.000
156.750000 156.833333  1460 0.000
