data/obs/c2h6/WDCGG/event/CH0005R.20140101000000.20150720000000.online_gc.ethane.air.1y.2h.CH01L_Agilent_ADS-GC-FID_cn10450060_RIG.CH01L_ADS_GC_FID_VOCAIR_RIGI.lev2.nas
67 1001
Hill, Matz; Reimann, Stefan
CH01L, Swiss Federal Laboratories for Materials Science and Technology, EMPA, Section Air Pollution, Überlandstrasse 133, , 8600, Dübendorf, Switzerland
Hill, Matz
ACTRIS EMEP GAW-WDCRG
1 1
2014 01 01 2015 07 20
0
days from file reference point
5
1 1 1 1 1
999.999999 99999 9999.9 999.9 9.999
end_time of measurement, days from the file reference point
ethane, pmol/mol, Statistics=arithmetic mean, Data level=, Standard method=, Calibration scale=, Inlet type=, Detection limit=7.0 pmol/mol
ethane, pmol/mol, Statistics=expanded uncertainty 2sigma
ethane, pmol/mol, Statistics=precision
numflag, no unit
0
48
Data definition:              EBAS_1.1
Set type code:                TI
Timezone:                     UTC
File name:                    CH0005R.20140101000000.20150720000000.online_gc.ethane.air.1y.2h.CH01L_Agilent_ADS-GC-FID_cn10450060_RIG.CH01L_ADS_GC_FID_VOCAIR_RIGI.lev2.nas
File creation:                20190306184553
Startdate:                    20140101000000
Revision date:                20150720000000
Version:                      2
Version description:          initial revision, manually inspected, removed all data for butenes and pentenes
Data level:                   2
Period code:                  1y
Resolution code:              2h
Sample duration:              40mn
Station code:                 CH0005R
Platform code:                CH0005S
Station name:                 Rigi
Station GAW-ID:               RIG
Station latitude:             47.0675
Station longitude:            8.463889
Station altitude:             1031.0m
Measurement height:           3.0m
Regime:                       IMG
Component:                    ethane
Unit:                         pmol/mol
Matrix:                       air
Instrument type:              online_gc
Laboratory code:              CH01L
Instrument name:              Agilent_ADS-GC-FID_cn10450060_RIG
Instrument manufacturer:      Agilent
Instrument model:             6890GC/FID
Instrument serial number:     cn10450060
Method ref:                   CH01L_ADS_GC_FID_VOCAIR_RIGI
Standard method:              None
Calibration scale:            NPL
Inlet type:                   Hat or hood
Inlet description:            ambient air is brought into the cabin through a main inlet line at a flow rate of 300 lpm. From the main inlet line short stainless steel tubes are used to bring the air samples to the instruments.
Volume std. temperature:      273.15 K
Volume std. pressure:         1013.25 hPa
Detection limit expl.:        Determined by instrument counting statistics, no detection limit flag used
Measurement uncertainty expl.: Includes reproducibility (precision) + systematic errors (accuracy)
Zero/negative values code:    Zero/negative impossible
Zero/negative values:         Zero and neg. values don't appear because data was processed and zero/neg data taken out
Originator:                   Hill, Matz, matthias.hill@empa.ch, Swiss Federal Laboratories for Materials Science and Technology, Empa, Air Pollution/Environmental Technology, Ueberlandstrasse 129, , CH-8600, Duebendorf, Switzerland
Originator:                   Reimann, Stefan, , , , , , , , , 
Submitter:                    Hill, Matz, matthias.hill@empa.ch, Swiss Federal Laboratories for Materials Science and Technology, Empa, Air Pollution/Environmental Technology, Ueberlandstrasse 129, , CH-8600, Duebendorf, Switzerland
Acknowledgement:              Request acknowledgement details from data originator
Comment:                      "No SOP currently available, o3 not removed, nafion dryer, Calibration interval:1/two weeks"
starttime endtime C2H6 C2H6 C2H6 flag
[from data line 1362]
125.562500 125.590278  1880   39.0   5.2 0.000
125.645833 125.673611  1685   35.1   5.0 0.000
125.729167 125.756944  1675   34.9   5.0 0.000
125.812500 125.840278  1635   34.1   4.9 0.000
125.895833 125.923611  1582   33.1   4.9 0.000
125.979167 126.006944  1622   33.9   4.9 0.000
126.062500 126.090278  1678   35.0   5.0 0.000
126.145833 126.173611  1638   34.2   4.9 0.000
126.229167 126.256944  1633   34.1   4.9 0.000
126.312500 126.340278  1483   31.1   4.7 0.000
126.395833 126.423611  1483   31.1   4.7 0.000
126.479167 126.506944  1624   33.9   4.9 0.000
126.562500 126.590278  1628   34.0   4.9 0.000
126.645833 126.673611  1724   35.9   5.0 0.000
126.729167 126.756944  1796   37.3   5.1 0.000
126.812500 126.840278  1733   36.1   5.0 0.000
126.895833 126.923611  1744   36.3   5.0 0.000
126.979167 127.006944  1709   35.6   5.0 0.000
127.062500 127.090278  1713   35.7   5.0 0.000
127.145833 127.173611  1728   36.0   5.0 0.000
127.229167 127.256944  1730   36.0   5.0 0.000
127.312500 127.340278  1710   35.6   5.0 0.000
127.395833 127.423611  1716   35.8   5.0 0.000
127.479167 127.506944  1787   37.2   5.1 0.000
127.562500 127.590278  1748   36.4   5.0 0.000
127.645833 127.673611  1705   35.5   5.0 0.000
127.729167 127.756944  1685   35.1   5.0 0.000
127.812500 127.840278  1667   34.8   5.0 0.000
127.895833 127.923611  1672   34.9   5.0 0.000
127.979167 128.006944  1666   34.8   4.9 0.000
128.062500 128.090278  1641   34.3   4.9 0.000
128.145833 128.173611  1506   31.6   4.8 0.000
128.229167 128.256944  1493   31.3   4.7 0.000
128.312500 128.340278  1507   31.6   4.8 0.000
128.395833 128.423611  1647   34.4   4.9 0.000
128.479167 128.506944  1542   32.3   4.8 0.000
128.562500 128.590278  1412   29.7   4.7 0.000
128.645833 128.673611  1319   27.9   4.5 0.000
128.729167 128.756944  1270   26.9   4.5 0.000
128.812500 128.840278  1281   27.2   4.5 0.000
128.895833 128.923611  1338   28.3   4.6 0.000
128.979167 129.006944  1450   30.5   4.7 0.000
129.062500 129.090278  1446   30.4   4.7 0.000
129.145833 129.173611  1445   30.4   4.7 0.000
129.229167 129.256944  1464   30.8   4.7 0.000
129.312500 129.340278  1465   30.8   4.7 0.000
129.395833 129.423611  1472   30.9   4.7 0.000
129.479167 129.506944  1480   31.1   4.7 0.000
129.562500 129.590278  1569   32.8   4.8 0.000
129.645833 129.673611  1635   34.1   4.9 0.000
129.729167 129.756944  1724   35.9   5.0 0.000
129.812500 129.840278  1788   37.2   5.1 0.000
129.895833 129.923611  1763   36.7   5.1 0.000
129.979167 130.006944  1585   33.2   4.9 0.000
130.062500 130.090278  1468   30.8   4.7 0.000
130.145833 130.173611  1372   28.9   4.6 0.000
130.229167 130.256944  1370   28.9   4.6 0.000
130.312500 130.340278  1612   33.7   4.9 0.000
130.395833 130.423611  1641   34.3   4.9 0.000
130.479167 130.506944  1664   34.7   4.9 0.000
130.562500 130.590278  1608   33.6   4.9 0.000
130.645833 130.673611  1707   35.6   5.0 0.000
130.729167 130.756944  1729   36.0   5.0 0.000
130.812500 130.840278  1704   35.5   5.0 0.000
130.895833 130.923611  1739   36.2   5.0 0.000
130.979167 131.006944  1736   36.1   5.0 0.000
131.062500 131.090278  1726   36.0   5.0 0.000
131.145833 131.173611  1735   36.1   5.0 0.000
131.229167 131.256944  1726   36.0   5.0 0.000
131.312500 131.340278  1745   36.3   5.0 0.000
131.395833 131.423611  1745   36.3   5.0 0.000
131.479167 131.506944  1734   36.1   5.0 0.000
131.562500 131.590278  1707   35.6   5.0 0.000
131.645833 131.673611  1697   35.4   5.0 0.000
131.729167 131.756944  1707   35.6   5.0 0.000
131.812500 131.840278  1691   35.3   5.0 0.000
131.895833 131.923611  1678   35.0   5.0 0.000
131.979167 132.006944  1669   34.8   5.0 0.000
132.062500 132.090278  1669   34.8   5.0 0.000
132.145833 132.173611  1689   35.2   5.0 0.000
132.229167 132.256944  1660   34.6   4.9 0.000
132.312500 132.340278  1655   34.5   4.9 0.000
132.395833 132.423611  1674   34.9   5.0 0.000
132.479167 132.506944  1651   34.5   4.9 0.000
132.562500 132.590278  1654   34.5   4.9 0.000
132.645833 132.673611  1654   34.5   4.9 0.000
132.729167 132.756944  1665   34.7   4.9 0.000
132.812500 132.840278  1665   34.7   4.9 0.000
132.895833 132.923611  1697   35.4   5.0 0.000
132.979167 133.006944  1690   35.2   5.0 0.000
133.062500 133.090278  1700   35.4   5.0 0.000
133.145833 133.173611  1736   36.1   5.0 0.000
133.229167 133.256944  1753   36.5   5.1 0.000
133.312500 133.340278  1802   37.5   5.1 0.000
133.395833 133.423611  1886   39.1   5.2 0.000
133.479167 133.506944  1894   39.3   5.2 0.000
133.562500 133.590278  1851   38.4   5.2 0.000
133.645833 133.673611  1787   37.2   5.1 0.000
133.729167 133.756944  1782   37.1   5.1 0.000
133.812500 133.840278  1714   35.7   5.0 0.000
133.895833 133.923611  1717   35.8   5.0 0.000
133.979167 134.006944  1727   36.0   5.0 0.000
134.062500 134.090278  1727   36.0   5.0 0.000
134.145833 134.173611  1726   36.0   5.0 0.000
134.229167 134.256944  1756   36.5   5.1 0.000
134.777778 134.805556  1713   35.7   5.0 0.000
134.861111 134.888889  1721   35.9   5.0 0.000
134.944444 134.972222  1698   35.4   5.0 0.000
135.027778 135.055556  1714   35.7   5.0 0.000
135.111111 135.138889  1701   35.5   5.0 0.000
135.194444 135.222222  1718   35.8   5.0 0.000
135.277778 135.305556  1685   35.1   5.0 0.000
135.361111 135.388889  1704   35.5   5.0 0.000
135.444444 135.472222  1706   35.6   5.0 0.000
135.527778 135.555556  1681   35.1   5.0 0.000
135.611111 135.638889  1657   34.6   4.9 0.000
135.694444 135.722222  1653   34.5   4.9 0.000
135.777778 135.805556  1680   35.0   5.0 0.000
135.861111 135.888889  1686   35.2   5.0 0.000
135.944444 135.972222  1647   34.4   4.9 0.000
136.027778 136.055556  1630   34.0   4.9 0.000
136.111111 136.138889  1635   34.1   4.9 0.000
136.194444 136.222222  1635   34.1   4.9 0.000
136.277778 136.305556  1703   35.5   5.0 0.000
136.361111 136.388889  1710   35.6   5.0 0.000
136.444444 136.472222  1618   33.8   4.9 0.000
136.527778 136.555556  1652   34.5   4.9 0.000
136.611111 136.638889  1594   33.3   4.9 0.000
136.694444 136.722222  1582   33.1   4.9 0.000
136.777778 136.805556  1584   33.1   4.9 0.000
136.861111 136.888889  1607   33.6   4.9 0.000
136.944444 136.972222  1595   33.4   4.9 0.000
137.027778 137.055556  1627   34.0   4.9 0.000
137.111111 137.138889  1603   33.5   4.9 0.000
137.194444 137.222222  1618   33.8   4.9 0.000
137.277778 137.305556  1616   33.8   4.9 0.000
137.361111 137.388889  1680   35.0   5.0 0.000
137.444444 137.472222  1665   34.7   4.9 0.000
137.527778 137.555556  1631   34.1   4.9 0.000
137.611111 137.638889  1634   34.1   4.9 0.000
137.694444 137.722222  1607   33.6   4.9 0.000
137.777778 137.805556  1602   33.5   4.9 0.000
137.861111 137.888889  1613   33.7   4.9 0.000
137.944444 137.972222  1651   34.5   4.9 0.000
138.027778 138.055556  1653   34.5   4.9 0.000
138.111111 138.138889  1611   33.7   4.9 0.000
138.194444 138.222222  1606   33.6   4.9 0.000
138.277778 138.305556  1626   34.0   4.9 0.000
138.361111 138.388889  1640   34.2   4.9 0.000
138.444444 138.472222  1552   32.5   4.8 0.000
138.527778 138.555556  1514   31.7   4.8 0.000
138.611111 138.638889  1501   31.5   4.8 0.000
138.694444 138.722222  1493   31.3   4.7 0.000
138.777778 138.805556  1488   31.2   4.7 0.000
138.861111 138.888889  1513   31.7   4.8 0.000
138.944444 138.972222  1517   31.8   4.8 0.000
139.027778 139.055556  1506   31.6   4.8 0.000
139.111111 139.138889  1478   31.0   4.7 0.000
139.194444 139.222222  1469   30.9   4.7 0.000
139.277778 139.305556  1485   31.2   4.7 0.000
139.361111 139.388889  1509   31.6   4.8 0.000
139.444444 139.472222  1572   32.9   4.8 0.000
139.527778 139.555556  1479   31.1   4.7 0.000
139.611111 139.638889  1443   30.3   4.7 0.000
139.694444 139.722222  1412   29.7   4.7 0.000
139.777778 139.805556  1419   29.9   4.7 0.000
139.861111 139.888889  1393   29.4   4.6 0.000
139.944444 139.972222  1402   29.5   4.6 0.000
140.027778 140.055556  1393   29.4   4.6 0.000
140.111111 140.138889  1396   29.4   4.6 0.000
140.194444 140.222222  1373   29.0   4.6 0.000
140.277778 140.305556  1406   29.6   4.6 0.000
140.361111 140.388889  1487   31.2   4.7 0.000
140.444444 140.472222  1434   30.2   4.7 0.000
140.527778 140.555556  1431   30.1   4.7 0.000
140.611111 140.638889  1311   27.7   4.5 0.000
140.694444 140.722222  1262   26.8   4.5 0.000
140.777778 140.805556  1252   26.6   4.5 0.000
140.861111 140.888889  1263   26.8   4.5 0.000
140.944444 140.972222  1267   26.9   4.5 0.000
141.027778 141.055556  1264   26.8   4.5 0.000
141.111111 141.138889  1346   28.4   4.6 0.000
141.194444 141.222222  1388   29.3   4.6 0.000
141.701389 141.729167 99999 9999.9 999.9 0.999
141.784722 141.812500 99999 9999.9 999.9 0.999
141.868056 141.895833  1362   28.7   4.6 0.000
141.951389 141.979167  1351   28.5   4.6 0.000
142.034722 142.062500  1350   28.5   4.6 0.000
142.118056 142.145833  1335   28.2   4.6 0.000
142.201389 142.229167  1350   28.5   4.6 0.000
142.284722 142.312500  1383   29.2   4.6 0.000
146.583333 146.611111  1373   29.0   4.6 0.000
146.666667 146.694444  1412   29.7   4.7 0.000
146.750000 146.777778  1529   32.0   4.8 0.000
146.833333 146.861111  1512   31.7   4.8 0.000
146.916667 146.944444  1517   31.8   4.8 0.000
147.000000 147.027778  1528   32.0   4.8 0.000
147.083333 147.111111  1536   32.2   4.8 0.000
147.166667 147.194444  1535   32.2   4.8 0.000
147.250000 147.277778  1508   31.6   4.8 0.000
147.333333 147.361111  1538   32.2   4.8 0.000
147.416667 147.444444  1543   32.3   4.8 0.000
147.500000 147.527778  1491   31.3   4.7 0.000
147.583333 147.611111  1446   30.4   4.7 0.000
147.666667 147.694444  1432   30.1   4.7 0.000
147.750000 147.777778  1427   30.0   4.7 0.000
147.833333 147.861111  1390   29.3   4.6 0.000
147.916667 147.944444  1398   29.5   4.6 0.000
148.000000 148.027778  1418   29.9   4.7 0.000
148.083333 148.111111  1451   30.5   4.7 0.000
148.166667 148.194444  1422   29.9   4.7 0.000
148.250000 148.277778  1420   29.9   4.7 0.000
148.333333 148.361111  1474   31.0   4.7 0.000
148.416667 148.444444  1412   29.7   4.7 0.000
148.500000 148.527778  1432   30.1   4.7 0.000
148.583333 148.611111  1355   28.6   4.6 0.000
148.666667 148.694444  1351   28.5   4.6 0.000
148.750000 148.777778  1338   28.3   4.6 0.000
148.833333 148.861111  1333   28.2   4.6 0.000
148.916667 148.944444  1337   28.3   4.6 0.000
149.000000 149.027778  1346   28.4   4.6 0.000
149.083333 149.111111  1357   28.6   4.6 0.000
149.166667 149.194444  1356   28.6   4.6 0.000
149.250000 149.277778  1343   28.4   4.6 0.000
149.333333 149.361111  1356   28.6   4.6 0.000
149.416667 149.444444  1356   28.6   4.6 0.000
149.500000 149.527778  1364   28.8   4.6 0.000
149.583333 149.611111  1485   31.2   4.7 0.000
149.666667 149.694444  1430   30.1   4.7 0.000
149.750000 149.777778  1530   32.1   4.8 0.000
149.833333 149.861111  1507   31.6   4.8 0.000
149.916667 149.944444  1526   32.0   4.8 0.000
150.000000 150.027778  1483   31.1   4.7 0.000
150.083333 150.111111  1492   31.3   4.7 0.000
150.166667 150.194444  1496   31.4   4.8 0.000
150.250000 150.277778  1483   31.1   4.7 0.000
150.333333 150.361111  1492   31.3   4.7 0.000
150.416667 150.444444  1515   31.8   4.8 0.000
150.500000 150.527778  1464   30.8   4.7 0.000
150.583333 150.611111  1392   29.3   4.6 0.000
150.666667 150.694444  1347   28.5   4.6 0.000
150.750000 150.777778  1332   28.2   4.6 0.000
150.833333 150.861111  1340   28.3   4.6 0.000
150.916667 150.944444  1387   29.2   4.6 0.000
151.000000 151.027778  1415   29.8   4.7 0.000
151.083333 151.111111  1405   29.6   4.6 0.000
151.166667 151.194444  1385   29.2   4.6 0.000
151.250000 151.277778  1390   29.3   4.6 0.000
151.333333 151.361111  1411   29.7   4.7 0.000
151.416667 151.444444  1466   30.8   4.7 0.000
151.500000 151.527778  1444   30.4   4.7 0.000
151.583333 151.611111  1406   29.6   4.6 0.000
151.666667 151.694444  1385   29.2   4.6 0.000
151.750000 151.777778  1369   28.9   4.6 0.000
151.833333 151.861111  1394   29.4   4.6 0.000
151.916667 151.944444  1391   29.3   4.6 0.000
152.000000 152.027778  1400   29.5   4.6 0.000
152.083333 152.111111  1388   29.3   4.6 0.000
152.166667 152.194444  1424   30.0   4.7 0.000
152.250000 152.277778  1418   29.9   4.7 0.000
152.333333 152.361111  1412   29.7   4.7 0.000
152.416667 152.444444  1479   31.1   4.7 0.000
152.500000 152.527778  1456   30.6   4.7 0.000
152.583333 152.611111  1403   29.6   4.6 0.000
152.666667 152.694444  1429   30.1   4.7 0.000
152.750000 152.777778  1398   29.5   4.6 0.000
152.833333 152.861111  1393   29.4   4.6 0.000
152.916667 152.944444  1377   29.0   4.6 0.000
153.000000 153.027778  1366   28.8   4.6 0.000
153.083333 153.111111  1368   28.9   4.6 0.000
153.166667 153.194444  1406   29.6   4.6 0.000
153.250000 153.277778  1403   29.6   4.6 0.000
153.333333 153.361111  1389   29.3   4.6 0.000
153.416667 153.444444  1418   29.9   4.7 0.000
153.500000 153.527778  1425   30.0   4.7 0.000
153.583333 153.611111  1410   29.7   4.6 0.000
153.666667 153.694444  1445   30.4   4.7 0.000
153.750000 153.777778  1419   29.9   4.7 0.000
153.833333 153.861111  1385   29.2   4.6 0.000
153.916667 153.944444  1374   29.0   4.6 0.000
154.000000 154.027778  1379   29.1   4.6 0.000
154.083333 154.111111  1377   29.0   4.6 0.000
154.166667 154.194444  1378   29.1   4.6 0.000
154.250000 154.277778  1373   29.0   4.6 0.000
154.333333 154.361111  1372   28.9   4.6 0.000
154.416667 154.444444  1410   29.7   4.6 0.000
154.500000 154.527778  1427   30.0   4.7 0.000
154.583333 154.611111  1350   28.5   4.6 0.000
154.666667 154.694444  1402   29.5   4.6 0.000
154.750000 154.777778  1346   28.4   4.6 0.000
154.833333 154.861111  1281   27.2   4.5 0.000
154.916667 154.944444  1188   25.3   4.4 0.000
155.000000 155.027778  1175   25.1   4.4 0.000
155.083333 155.111111  1185   25.3   4.4 0.000
155.166667 155.194444  1200   25.6   4.4 0.000
155.250000 155.277778  1199   25.5   4.4 0.000
155.333333 155.361111  1204   25.6   4.4 0.000
155.416667 155.444444  1193   25.4   4.4 0.000
155.500000 155.527778  1188   25.3   4.4 0.000
155.583333 155.611111  1171   25.0   4.4 0.000
155.666667 155.694444  1176   25.1   4.4 0.000
155.750000 155.777778  1174   25.1   4.4 0.000
155.833333 155.861111  1177   25.1   4.4 0.000
155.916667 155.944444  1175   25.1   4.4 0.000
156.000000 156.027778  1179   25.2   4.4 0.000
156.083333 156.111111  1193   25.4   4.4 0.000
156.166667 156.194444  1197   25.5   4.4 0.000
156.250000 156.277778  1212   25.8   4.4 0.000
156.333333 156.361111  1235   26.3   4.4 0.000
156.416667 156.444444  1306   27.6   4.5 0.000
156.500000 156.527778  1336   28.2   4.6 0.000
156.583333 156.611111  1255   26.6   4.5 0.000
156.666667 156.694444  1229   26.1   4.4 0.000
156.750000 156.777778  1204   25.6   4.4 0.000
156.833333 156.861111  1210   25.8   4.4 0.000
156.916667 156.944444  1194   25.4   4.4 0.000
157.000000 157.027778  1176   25.1   4.4 0.000
157.083333 157.111111  1165   24.9   4.4 0.000
157.166667 157.194444  1093   23.5   4.3 0.000
157.250000 157.277778  1135   24.3   4.3 0.000
157.333333 157.361111  1162   24.8   4.4 0.000
157.416667 157.444444 99999 9999.9 999.9 0.999
157.500000 157.527778 99999 9999.9 999.9 0.999
157.583333 157.611111  1079   23.2   4.3 0.000
157.666667 157.694444  1026   22.2   4.2 0.000
157.750000 157.777778  1011   21.9   4.2 0.000
157.833333 157.861111   981   21.3   4.1 0.000
157.916667 157.944444   978   21.2   4.1 0.000
158.000000 158.027778   989   21.5   4.2 0.000
158.083333 158.111111   972   21.1   4.1 0.000
158.166667 158.194444   955   20.8   4.1 0.000
158.250000 158.277778   964   21.0   4.1 0.000
158.333333 158.361111   980   21.3   4.1 0.000
158.416667 158.444444  1055   22.7   4.2 0.000
158.500000 158.527778  1061   22.9   4.2 0.000
158.583333 158.611111  1078   23.2   4.3 0.000
158.666667 158.694444  1136   24.3   4.3 0.000
158.750000 158.777778  1288   27.3   4.5 0.000
158.833333 158.861111  1263   26.8   4.5 0.000
158.916667 158.944444  1275   27.0   4.5 0.000
