data/obs/c2h6/WDCGG/event/CH0005R.20130101001000.20160915102628.online_gc.ethane.air.1y.2h.CH01L_Agilent_ADS-GC-FID_cn10450060_RIG.CH01L_ADS_GC_FID_VOCAIR_RIGI.lev2.nas
67 1001
Hill, Matz; Reimann, Stefan
CH01L, Swiss Federal Laboratories for Materials Science and Technology, EMPA, Section Air Pollution, Überlandstrasse 133, , 8600, Dübendorf, Switzerland
Hill, Matz
ACTRIS EMEP GAW-WDCRG
1 1
2013 01 01 2016 09 15
0
days from file reference point
5
1 1 1 1 1
999.999999 99999 999 999 9.999
end_time of measurement, days from the file reference point
ethane, pmol/mol, Statistics=arithmetic mean, Data level=, Standard method=, Calibration scale=, Inlet type=, Detection limit=7.0 pmol/mol
ethane, pmol/mol, Revision date=20150818075036, Statistics=expanded uncertainty 2sigma
ethane, pmol/mol, Revision date=20150818075036, Statistics=precision
numflag, no unit
0
48
Data definition:              EBAS_1.1
Set type code:                TI
Timezone:                     UTC
File name:                    CH0005R.20130101001000.20160915102628.online_gc.ethane.air.1y.2h.CH01L_Agilent_ADS-GC-FID_cn10450060_RIG.CH01L_ADS_GC_FID_VOCAIR_RIGI.lev2.nas
File creation:                20190306184553
Startdate:                    20130101001000
Revision date:                20160915102628
Version:                      2
Version description:          initial revision, manually inspected, removed all data for butenes and pentenes
Data level:                   2
Period code:                  1y
Resolution code:              2h
Sample duration:              40mn
Station code:                 CH0005R
Platform code:                CH0005S
Station name:                 Rigi
Station GAW-ID:               RIG
Station latitude:             47.0675
Station longitude:            8.463889
Station altitude:             1031.0m
Measurement height:           3.0m
Regime:                       IMG
Component:                    ethane
Unit:                         pmol/mol
Matrix:                       air
Instrument type:              online_gc
Laboratory code:              CH01L
Instrument name:              Agilent_ADS-GC-FID_cn10450060_RIG
Instrument manufacturer:      Agilent
Instrument model:             6890GC/FID
Instrument serial number:     cn10450060
Method ref:                   CH01L_ADS_GC_FID_VOCAIR_RIGI
Standard method:              None
Calibration scale:            NPL
Inlet type:                   Hat or hood
Inlet description:            ambient air is brought into the cabin through a main inlet line at a flow rate of 300 lpm. From the main inlet line short stainless steel tubes are used to bring the air samples to the instruments.
Volume std. temperature:      273.15 K
Volume std. pressure:         1013.25 hPa
Detection limit expl.:        Determined by instrument counting statistics, no detection limit flag used
Measurement uncertainty expl.: Includes reproducibility (precision) + systematic errors (accuracy)
Zero/negative values code:    Zero/negative impossible
Zero/negative values:         Zero and neg. values don't appear because data was processed and zero/neg data taken out
Originator:                   Hill, Matz, matthias.hill@empa.ch, Swiss Federal Laboratories for Materials Science and Technology, Empa, Air Pollution/Environmental Technology, Ueberlandstrasse 129, , CH-8600, Duebendorf, Switzerland
Originator:                   Reimann, Stefan, , , , , , , , , 
Submitter:                    Hill, Matz, matthias.hill@empa.ch, Swiss Federal Laboratories for Materials Science and Technology, Empa, Air Pollution/Environmental Technology, Ueberlandstrasse 129, , CH-8600, Duebendorf, Switzerland
Acknowledgement:              Request acknowledgement details from data originator
Comment:                      "No SOP currently available, o3 not removed, nafion dryer, Calibration interval:1/two weeks"
starttime endtime C2H6 C2H6 C2H6 flag
[from data line 1143]
105.493056 105.520833  1834  39   6 0.000
105.576389 105.604167  1801  38   6 0.000
105.659722 105.687500  1709  36   6 0.000
105.743056 105.770833  1671  36   6 0.000
105.826389 105.854167  1666  35   6 0.000
105.909722 105.937500  1613  34   6 0.000
105.993056 106.020833  1611  34   6 0.000
106.076389 106.104167  1610  34   6 0.000
106.159722 106.187500  1603  34   6 0.000
106.243056 106.270833  1643  35   6 0.000
106.326389 106.354167  1695  36   6 0.000
106.409722 106.437500  1699  36   6 0.000
106.493056 106.520833  1654  35   6 0.000
106.576389 106.604167  1641  35   6 0.000
106.659722 106.687500  1609  34   6 0.000
106.743056 106.770833  1627  35   6 0.000
106.826389 106.854167  1613  34   6 0.000
106.909722 106.937500  1588  34   6 0.000
106.993056 107.020833  1646  35   6 0.000
107.076389 107.104167  1576  34   6 0.000
107.159722 107.187500  1549  33   6 0.000
107.513889 107.541667  1681  35   5 0.000
107.597222 107.625000  1687  35   5 0.000
107.680556 107.708333  1733  36   5 0.000
107.763889 107.791667  1588  33   5 0.000
107.847222 107.875000  1507  32   5 0.000
107.930556 107.958333  1531  32   5 0.000
108.013889 108.041667  1616  34   5 0.000
108.097222 108.125000  1700  35   5 0.000
108.388889 108.416667  1784  37   5 0.000
108.472222 108.500000  1798  37   5 0.000
108.555556 108.583333  1754  37   5 0.000
108.638889 108.666667  1836  38   5 0.000
108.722222 108.750000  1807  38   5 0.000
108.805556 108.833333  1851  38   5 0.000
108.888889 108.916667  1936  40   5 0.000
108.972222 109.000000  1973  41   5 0.000
109.055556 109.083333  1985  41   5 0.000
109.138889 109.166667  2036  42   5 0.000
109.222222 109.250000  2182  45   6 0.000
109.305556 109.333333  2091  43   6 0.000
109.388889 109.416667  2070  43   6 0.000
109.472222 109.500000  2050  42   6 0.000
109.555556 109.583333  2054  43   6 0.000
109.638889 109.666667  2068  43   6 0.000
109.722222 109.750000  2000  41   5 0.000
109.805556 109.833333  1980  41   5 0.000
109.888889 109.916667  2015  42   5 0.000
109.972222 110.000000  1958  41   5 0.000
110.055556 110.083333  1954  41   5 0.000
110.138889 110.166667  1952  40   5 0.000
110.222222 110.250000  1922  40   5 0.000
110.305556 110.333333  1941  40   5 0.000
110.388889 110.416667  1937  40   5 0.000
110.472222 110.500000  2032  42   5 0.000
110.555556 110.583333  2112  44   6 0.000
110.638889 110.666667  2134  44   6 0.000
110.722222 110.750000  2125  44   6 0.000
110.805556 110.833333  2120  44   6 0.000
110.888889 110.916667  2083  43   6 0.000
110.972222 111.000000  2050  42   6 0.000
111.055556 111.083333  2029  42   5 0.000
111.138889 111.166667  2059  43   6 0.000
111.222222 111.250000  2013  42   5 0.000
111.305556 111.333333  1971  41   5 0.000
111.388889 111.416667  1970  41   5 0.000
111.472222 111.500000  2037  42   5 0.000
111.555556 111.583333  2113  44   6 0.000
111.638889 111.666667  2166  45   6 0.000
111.722222 111.750000  2253  47   6 0.000
111.805556 111.833333  2174  45   6 0.000
111.888889 111.916667  2239  46   6 0.000
111.972222 112.000000  2119  44   6 0.000
112.055556 112.083333  2103  44   6 0.000
112.138889 112.166667  2087  43   6 0.000
112.222222 112.250000  2085  43   6 0.000
112.305556 112.333333  2126  44   6 0.000
112.388889 112.416667  2143  44   6 0.000
112.472222 112.500000  2078  43   6 0.000
112.555556 112.583333  2034  42   5 0.000
112.638889 112.666667  2028  42   5 0.000
112.722222 112.750000  2006  42   5 0.000
112.805556 112.833333  2022  42   5 0.000
112.888889 112.916667  2004  42   5 0.000
112.972222 113.000000  1988  41   5 0.000
113.055556 113.083333  2013  42   5 0.000
113.138889 113.166667  2014  42   5 0.000
113.222222 113.250000  2018  42   5 0.000
113.305556 113.333333  1993  41   5 0.000
113.388889 113.416667  2021  42   5 0.000
113.472222 113.500000  2034  42   5 0.000
113.555556 113.583333  1984  41   5 0.000
113.638889 113.666667  1973  41   5 0.000
113.722222 113.750000  1961  41   5 0.000
113.805556 113.833333  1922  40   5 0.000
113.888889 113.916667  1936  40   5 0.000
113.972222 114.000000  1915  40   5 0.000
114.055556 114.083333  1912  40   5 0.000
114.138889 114.166667  1882  39   5 0.000
114.222222 114.250000  1875  39   5 0.000
114.305556 114.333333  1861  39   5 0.000
114.388889 114.416667  1971  41   5 0.000
114.472222 114.500000  1892  39   5 0.000
114.555556 114.583333  1864  39   5 0.000
114.638889 114.666667  1816  38   5 0.000
114.722222 114.750000  1809  38   5 0.000
114.805556 114.833333  1816  38   5 0.000
114.888889 114.916667  1795  37   5 0.000
114.972222 115.000000  1729  36   5 0.000
115.055556 115.083333  1743  36   5 0.000
115.138889 115.166667  1712  36   5 0.000
115.222222 115.250000  1699  35   5 0.000
115.763889 115.791667  1778  37   5 0.000
115.847222 115.875000  1732  36   5 0.000
115.930556 115.958333  1837  38   5 0.000
116.013889 116.041667  1820  38   5 0.000
116.097222 116.125000  1879  39   5 0.000
116.180556 116.208333  1917  40   5 0.000
116.263889 116.291667  1850  38   5 0.000
116.347222 116.375000  2134  44   6 0.000
116.430556 116.458333  2207  46   6 0.000
116.513889 116.541667  2414  50   6 0.000
116.597222 116.625000  2356  49   6 0.000
116.680556 116.708333  2241  46   6 0.000
116.763889 116.791667  2448  50   6 0.000
116.847222 116.875000  2241  46   6 0.000
116.930556 116.958333  2284  47   6 0.000
117.013889 117.041667  2311  48   6 0.000
117.097222 117.125000  2355  49   6 0.000
117.180556 117.208333  2375  49   6 0.000
117.263889 117.291667  2404  50   6 0.000
117.347222 117.375000  2400  50   6 0.000
117.430556 117.458333  2407  50   6 0.000
117.513889 117.541667  2444  50   6 0.000
117.597222 117.625000  2356  49   6 0.000
117.680556 117.708333  2368  49   6 0.000
117.763889 117.791667  2384  49   6 0.000
117.847222 117.875000  2455  51   6 0.000
117.930556 117.958333  2427  50   6 0.000
118.013889 118.041667  2415  50   6 0.000
118.097222 118.125000  2416  50   6 0.000
118.180556 118.208333  2377  49   6 0.000
118.263889 118.291667  2428  50   6 0.000
118.347222 118.375000  2468  51   6 0.000
118.430556 118.458333  2513  52   6 0.000
118.513889 118.541667  2561  53   6 0.000
118.597222 118.625000  2553  53   6 0.000
118.680556 118.708333  2559  53   6 0.000
118.763889 118.791667  2240  46   6 0.000
118.847222 118.875000  2228  46   6 0.000
118.930556 118.958333  2515  52   6 0.000
119.013889 119.041667  2487  51   6 0.000
119.097222 119.125000  2560  53   6 0.000
119.180556 119.208333  2457  51   6 0.000
119.263889 119.291667  2418  50   6 0.000
119.347222 119.375000  2434  50   6 0.000
119.430556 119.458333  2477  51   6 0.000
119.513889 119.541667  2464  51   6 0.000
119.597222 119.625000  2459  51   6 0.000
119.680556 119.708333  2456  51   6 0.000
119.763889 119.791667  2443  50   6 0.000
119.847222 119.875000  2360  49   6 0.000
119.930556 119.958333  2486  51   6 0.000
120.013889 120.041667  2514  52   6 0.000
120.097222 120.125000  2419  50   6 0.000
120.180556 120.208333  1791  37   5 0.000
120.263889 120.291667  1775  37   5 0.000
120.347222 120.375000  2363  49   6 0.000
120.430556 120.458333  2241  46   6 0.000
120.513889 120.541667  2134  44   6 0.000
120.597222 120.625000  2255  47   6 0.000
120.680556 120.708333  2202  46   6 0.000
120.763889 120.791667  2318  48   6 0.000
120.847222 120.875000  2286  47   6 0.000
120.930556 120.958333  2164  45   6 0.000
121.013889 121.041667  2183  45   6 0.000
121.097222 121.125000  2147  44   6 0.000
121.180556 121.208333  2105  44   6 0.000
121.576389 121.604167  2259  47   6 0.000
121.659722 121.687500  2258  47   6 0.000
121.743056 121.770833  2166  45   6 0.000
121.826389 121.854167  2050  42   6 0.000
121.909722 121.937500  1982  41   5 0.000
121.993056 122.020833  1890  39   5 0.000
122.076389 122.104167  1928  40   5 0.000
122.159722 122.187500  1952  40   5 0.000
122.243056 122.270833  2087  43   6 0.000
122.326389 122.354167  2098  43   6 0.000
122.409722 122.437500  2133  44   6 0.000
122.493056 122.520833  2325  48   6 0.000
122.576389 122.604167  2033  42   5 0.000
122.659722 122.687500  2210  46   6 0.000
122.743056 122.770833  1926  40   5 0.000
122.826389 122.854167  2091  43   6 0.000
122.909722 122.937500  2353  49   6 0.000
122.993056 123.020833  2250  46   6 0.000
123.083333 123.111111  2238  46   6 0.000
123.166667 123.194444  2317  48   6 0.000
123.250000 123.277778  2296  47   6 0.000
123.333333 123.361111  2245  46   6 0.000
123.416667 123.444444  2371  49   6 0.000
123.500000 123.527778  2486  51   6 0.000
123.583333 123.611111  2520  52   6 0.000
123.666667 123.694444  2284  47   6 0.000
123.750000 123.777778  2212  46   6 0.000
123.833333 123.861111  2282  47   6 0.000
123.916667 123.944444  2257  47   6 0.000
124.000000 124.027778  2269  47   6 0.000
124.083333 124.111111  2284  47   6 0.000
124.166667 124.194444  2270  47   6 0.000
124.250000 124.277778  2313  48   6 0.000
124.333333 124.361111  2495  51   6 0.000
124.416667 124.444444  2488  51   6 0.000
124.500000 124.527778  2329  48   6 0.000
124.583333 124.611111  2241  46   6 0.000
124.666667 124.694444  2096  43   6 0.000
124.750000 124.777778  2062  43   6 0.000
124.833333 124.861111  2042  42   5 0.000
124.916667 124.944444  2032  42   5 0.000
125.000000 125.027778  2104  44   6 0.000
125.083333 125.111111  2097  43   6 0.000
125.166667 125.194444  2094  43   6 0.000
125.250000 125.277778  2079  43   6 0.000
125.333333 125.361111  2113  44   6 0.000
125.416667 125.444444  2138  44   6 0.000
125.500000 125.527778  2076  43   6 0.000
125.583333 125.611111  2331  48   6 0.000
125.666667 125.694444  2156  45   6 0.000
125.750000 125.777778  2105  44   6 0.000
125.840278 125.868056  2102  44   6 0.000
125.923611 125.951389  1979  41   5 0.000
126.006944 126.034722  2030  42   5 0.000
126.090278 126.118056  1999  41   5 0.000
126.173611 126.201389  1986  41   5 0.000
126.256944 126.284722  2007  42   5 0.000
126.340278 126.368056  2028  42   5 0.000
126.423611 126.451389  1954  41   5 0.000
126.506944 126.534722  1898  39   5 0.000
126.590278 126.618056  1852  38   5 0.000
126.673611 126.701389  2209  46   6 0.000
126.756944 126.784722  1812  38   5 0.000
126.840278 126.868056  1800  37   5 0.000
126.923611 126.951389  1778  37   5 0.000
127.006944 127.034722  1768  37   5 0.000
127.090278 127.118056  1765  37   5 0.000
127.173611 127.201389  1771  37   5 0.000
127.256944 127.284722  1763  37   5 0.000
128.194444 128.222222  1662  35   5 0.000
128.277778 128.305556  1529  32   5 0.000
128.361111 128.388889  1620  34   5 0.000
128.444444 128.472222  1581  33   5 0.000
128.527778 128.555556  1554  32   5 0.000
128.611111 128.638889  1571  33   5 0.000
128.694444 128.722222  1572  33   5 0.000
128.777778 128.805556  1372  29   4 0.000
128.861111 128.888889  1398  29   5 0.000
128.944444 128.972222  1436  30   5 0.000
129.027778 129.055556  1421  30   5 0.000
129.118056 129.145833  1427  30   5 0.000
129.201389 129.229167  1411  30   5 0.000
129.354167 129.381944  1059  23   4 0.000
129.409722 129.437500  1586  33   5 0.000
129.527778 129.555556  1845  38   5 0.000
129.611111 129.638889  1864  39   5 0.000
129.694444 129.722222  1891  39   5 0.000
129.777778 129.805556  1992  41   5 0.000
129.861111 129.888889  1974  41   5 0.000
129.944444 129.972222  1950  40   5 0.000
130.027778 130.055556  1959  41   5 0.000
130.118056 130.145833  1988  41   5 0.000
130.201389 130.229167  2010  42   5 0.000
130.284722 130.312500  1989  41   5 0.000
130.368056 130.395833  1978  41   5 0.000
130.451389 130.479167  1959  41   5 0.000
130.534722 130.562500  1871  39   5 0.000
130.618056 130.645833  1884  39   5 0.000
130.701389 130.729167  1872  39   5 0.000
130.784722 130.812500  1865  39   5 0.000
130.868056 130.895833  1855  39   5 0.000
130.951389 130.979167  1846  38   5 0.000
131.034722 131.062500  1824  38   5 0.000
131.118056 131.145833  1823  38   5 0.000
131.201389 131.229167  1861  39   5 0.000
131.284722 131.312500  1891  39   5 0.000
131.368056 131.395833  1918  40   5 0.000
131.527778 131.555556  1921  40   5 0.000
131.611111 131.638889  1964  41   5 0.000
131.694444 131.722222  1981  41   5 0.000
131.777778 131.805556  1985  41   5 0.000
131.861111 131.888889  1978  41   5 0.000
131.944444 131.972222  1992  41   5 0.000
132.027778 132.055556  1979  41   5 0.000
132.111111 132.138889  1972  41   5 0.000
132.270833 132.298611  1954  41   5 0.000
132.513889 132.541667  1646  34   5 0.000
132.597222 132.625000  1571  33   5 0.000
132.680556 132.708333  1578  33   5 0.000
132.763889 132.791667  1564  33   5 0.000
132.847222 132.875000  1571  33   5 0.000
132.930556 132.958333  1563  33   5 0.000
133.013889 133.041667  1572  33   5 0.000
133.097222 133.125000  1549  32   5 0.000
133.180556 133.208333  1513  32   5 0.000
134.222222 134.250000  1444  30   5 0.000
134.305556 134.333333  1554  32   5 0.000
134.388889 134.416667  1537  32   5 0.000
134.472222 134.500000  1587  33   5 0.000
135.520833 135.548611  1469  31   5 0.000
135.604167 135.631944  1569  33   5 0.000
135.687500 135.715278  1492  31   5 0.000
135.770833 135.798611  1486  31   5 0.000
135.854167 135.881944  1633  34   5 0.000
135.937500 135.965278  1659  35   5 0.000
136.020833 136.048611  1634  34   5 0.000
136.104167 136.131944  1404  29   5 0.000
136.187500 136.215278  1452  30   5 0.000
136.270833 136.298611  1575  33   5 0.000
136.354167 136.381944  1593  33   5 0.000
136.437500 136.465278  1618  34   5 0.000
136.520833 136.548611  1614  34   5 0.000
136.604167 136.631944  1497  31   5 0.000
136.687500 136.715278  1523  32   5 0.000
136.770833 136.798611  1646  34   5 0.000
136.854167 136.881944  1688  35   5 0.000
136.937500 136.965278  1697  35   5 0.000
137.020833 137.048611  1480  31   5 0.000
137.104167 137.131944  1513  32   5 0.000
137.187500 137.215278  1503  31   5 0.000
137.270833 137.298611  1514  32   5 0.000
137.354167 137.381944  1492  31   5 0.000
137.437500 137.465278  1475  31   5 0.000
137.527778 137.555556  1418  30   5 0.000
137.611111 137.638889  1392  29   4 0.000
137.694444 137.722222  1377  29   4 0.000
137.777778 137.805556  1417  30   5 0.000
137.861111 137.888889  1451  30   5 0.000
137.944444 137.972222  1451  30   5 0.000
138.027778 138.055556  1577  33   5 0.000
138.111111 138.138889  1512  32   5 0.000
138.194444 138.222222  1526  32   5 0.000
138.277778 138.305556  1485  31   5 0.000
138.361111 138.388889  1516  32   5 0.000
138.444444 138.472222  1507  32   5 0.000
138.527778 138.555556  1494  31   5 0.000
138.611111 138.638889  1513  32   5 0.000
138.694444 138.722222  1503  31   5 0.000
138.777778 138.805556  1534  32   5 0.000
138.861111 138.888889  1563  33   5 0.000
138.944444 138.972222  1614  34   5 0.000
139.027778 139.055556  1652  34   5 0.000
139.111111 139.138889  1659  35   5 0.000
139.194444 139.222222  1629  34   5 0.000
139.277778 139.305556  1643  34   5 0.000
139.361111 139.388889  1615  34   5 0.000
139.444444 139.472222  1622  34   5 0.000
139.527778 139.555556  1579  33   5 0.000
139.611111 139.638889  1552  32   5 0.000
139.694444 139.722222  1567  33   5 0.000
139.777778 139.805556  1600  33   5 0.000
139.861111 139.888889  1603  33   5 0.000
139.944444 139.972222  1571  33   5 0.000
140.027778 140.055556  1596  33   5 0.000
140.111111 140.138889  1605  34   5 0.000
140.194444 140.222222  1643  34   5 0.000
140.527778 140.555556  1600  33   5 0.000
140.611111 140.638889  1629  34   5 0.000
140.694444 140.722222  1586  33   5 0.000
140.777778 140.805556  1597  33   5 0.000
140.861111 140.888889  1641  34   5 0.000
140.944444 140.972222  1586  33   5 0.000
141.027778 141.055556  1606  34   5 0.000
141.111111 141.138889  1626  34   5 0.000
141.194444 141.222222  1719  36   5 0.000
141.277778 141.305556  2222  46   6 0.000
141.361111 141.388889  2009  42   5 0.000
141.444444 141.472222  1914  40   5 0.000
141.527778 141.555556  1939  40   5 0.000
141.611111 141.638889  1895  39   5 0.000
141.694444 141.722222  1810  38   5 0.000
141.784722 141.812500  1765  37   5 0.000
