data/obs/c2h6/WDCGG/event/CH0001G.20110101000500.20170425145159.online_gc.ethane.air.1y.2h.CH01L_Agilent_GC-MS-MEDUSA_Medusa-12_JFJ.CH01L_VOC_AIR_MEDUSA-12.lev2.nas
68 1001
Hill, Matz; Reimann, Stefan
CH01L, Swiss Federal Laboratories for Materials Science and Technology, EMPA, Section Air Pollution, Überlandstrasse 133, , 8600, Dübendorf, Switzerland
Hill, Matz
ACTRIS EMEP GAW-WDCGG-node GAW-WDCRG
1 1
2011 01 01 2017 04 25
0
days from file reference point
5
1 1 1 1 1
999.999999 99999 9999 999 9.999
end_time of measurement, days from the file reference point
ethane, pmol/mol, Statistics=arithmetic mean, Detection limit=1.1 pmol/mol
ethane, pmol/mol, Statistics=expanded uncertainty 2sigma
ethane, pmol/mol, Statistics=precision
numflag, no unit
0
49
Data definition:              EBAS_1.1
Set type code:                TI
Timezone:                     UTC
File name:                    CH0001G.20110101000500.20170425145159.online_gc.ethane.air.1y.2h.CH01L_Agilent_GC-MS-MEDUSA_Medusa-12_JFJ.CH01L_VOC_AIR_MEDUSA-12.lev2.nas
File creation:                20190306184543
Startdate:                    20110101000500
Revision date:                20170425145159
Version:                      3
Version description:          third revision, manually inspected
Data level:                   2
Period code:                  1y
Resolution code:              2h
Sample duration:              20mn
Orig. time res.:              2h
Station code:                 CH0001G
Platform code:                CH0001S
Station name:                 Jungfraujoch
Station GAW-ID:               JFJ
Station latitude:             46.5475
Station longitude:            7.985
Station altitude:             3578.0m
Measurement height:           4.0m
Regime:                       IMG
Component:                    ethane
Unit:                         pmol/mol
Matrix:                       air
Instrument type:              online_gc
Laboratory code:              CH01L
Instrument name:              Agilent_GC-MS-MEDUSA_Medusa-12_JFJ
Instrument manufacturer:      AGAGE+Agilent+Agilent
Instrument model:             MEDUSA+6890N+5975B
Instrument serial number:     Medusa-12
Method ref:                   CH01L_VOC_AIR_MEDUSA-12
Standard method:              None
Calibration scale:            SIO-p
Inlet type:                   Hat or hood
Inlet description:            above the roof
Volume std. temperature:      273.15 K
Volume std. pressure:         1013.25 hPa
Detection limit expl.:        Determined by instrument counting statistics, no detection limit flag used
Measurement uncertainty expl.: Includes reproducibility (precision) + systematic errors (accuracy)
Zero/negative values code:    Zero/negative impossible
Zero/negative values:         Zero and neg. values don't appear because data was processed and zero/neg data taken out
Originator:                   Hill, Matz, matthias.hill@empa.ch, Swiss Federal Laboratories for Materials Science and Technology, Empa, Air Pollution/Environmental Technology, Ueberlandstrasse 129, , CH-8600, Duebendorf, Switzerland
Originator:                   Reimann, Stefan, , , , , , , , , 
Submitter:                    Hill, Matz, matthias.hill@empa.ch, Swiss Federal Laboratories for Materials Science and Technology, Empa, Air Pollution/Environmental Technology, Ueberlandstrasse 129, , CH-8600, Duebendorf, Switzerland
Acknowledgement:              Request acknowledgement details from data originator
Comment:                      "No SOP currently available, MEDUSA. Sample volume: 2L, trap at -170degC, trap material Hayesep D, Nafion dryer, no O3 removal, 2-hourly calibration interval"
starttime endtime C2H6 C2H6 C2H6 flag
[from data line 373]
 24.968056  24.981944  1674  107   7 0.000
 25.009722  25.023611  1789  114   7 0.000
 25.093056  25.106944  1753  112   7 0.000
 25.134722  25.148611  1813  115   7 0.000
 25.675694  25.689583  2000  127   7 0.000
 25.718056  25.731944  1756  112   6 0.000
 25.800694  25.814583  1748  111   6 0.000
 25.843056  25.856944  1763  112   6 0.000
 25.925694  25.939583  1772  113   5 0.000
 25.968056  25.981944  1795  114   4 0.000
 26.050694  26.064583  1727  109   3 0.000
 26.093056  26.106944  1761  111   3 0.000
 26.177083  26.190972  1691  107   3 0.000
 26.218750  26.232639  1725  109   3 0.000
 26.302083  26.315972  1612  103   6 0.000
 26.343750  26.357639  1636  104   6 0.000
 26.427083  26.440972  1636  104   7 0.000
 26.468750  26.482639  1681  107   7 0.000
 26.552083  26.565972  1676  107   7 0.000
 26.593750  26.607639  1730  110   7 0.000
 26.677083  26.690972  3008  192  13 0.000
 26.802083  26.815972  1724  110   7 0.000
 26.843750  26.857639  1742  111   7 0.000
 26.927083  26.940972  1707  109   7 0.000
 26.968750  26.982639  1712  109   7 0.000
 27.052083  27.065972  1657  106   7 0.000
 27.093750  27.107639  1695  108   7 0.000
 27.177083  27.190972  1672  107   7 0.000
 27.218750  27.232639  1698  108   7 0.000
 27.302083  27.315972  1681  107   4 0.000
 27.343750  27.357639  1694  107   4 0.000
 27.427083  27.440972  1871  118   3 0.000
 27.468750  27.482639  1795  114   3 0.000
 27.552083  27.565972  1700  108   2 0.000
 27.593750  27.607639  1724  109   2 0.000
 27.677083  27.690972  1724  109   2 0.000
 27.718750  27.732639  1752  111   2 0.000
 27.802083  27.815972  1772  112   2 0.000
 27.843750  27.857639  1822  115   2 0.000
 27.927083  27.940972  1781  113   2 0.000
 27.968750  27.982639  1741  110   2 0.000
 28.052083  28.065972  1593  101   2 0.000
 28.093750  28.107639  1636  104   2 0.000
 28.177083  28.190972  1561   99   1 0.000
 28.218750  28.232639  1649  104   1 0.000
 28.302083  28.315972  1689  107   2 0.000
 28.343750  28.357639  1704  108   2 0.000
 28.427083  28.440972  1571   99   2 0.000
 28.468750  28.482639  1611  102   2 0.000
 28.552083  28.565972  1610  102   2 0.000
 28.593750  28.607639  1645  104   2 0.000
 28.677083  28.690972  1641  104   3 0.000
 28.718750  28.732639  1721  109   3 0.000
 28.802083  28.815972  1685  107   3 0.000
 28.843750  28.857639  1600  101   3 0.000
 28.927083  28.940972  1568   99   3 0.000
 28.968750  28.982639  1632  103   3 0.000
 29.052083  29.065972  1801  114   3 0.000
 29.093750  29.107639  2109  134   4 0.000
 29.177083  29.190972  2072  131   5 0.000
 29.218750  29.232639  2172  138   5 0.000
 29.302083  29.315972  2237  142   4 0.000
 29.343750  29.357639  2201  139   4 0.000
 29.427083  29.440972  2091  133   4 0.000
 29.468750  29.482639  2058  130   4 0.000
 29.552083  29.565972  2025  128   3 0.000
 29.593750  29.607639  2064  131   4 0.000
 29.677083  29.690972  2070  131   3 0.000
 29.718750  29.732639  2085  132   3 0.000
 29.802083  29.815972  2037  129   3 0.000
 29.843750  29.857639  2028  128   3 0.000
 29.927083  29.940972  1973  125   4 0.000
 29.968750  29.982639  1996  127   4 0.000
 30.052083  30.065972  1955  124   4 0.000
 30.093750  30.107639  1914  121   4 0.000
 30.177083  30.190972  1981  126   5 0.000
 30.218750  30.232639  2010  128   5 0.000
 30.302083  30.315972  1702  108   5 0.000
 30.343750  30.357639  1759  112   5 0.000
 30.427083  30.440972  1816  115   5 0.000
 30.468750  30.482639  1733  110   5 0.000
 30.552083  30.565972  1657  105   5 0.000
 30.593750  30.607639  1665  106   5 0.000
 30.677083  30.690972  1737  110   5 0.000
 30.718750  30.732639  1707  108   5 0.000
 30.802083  30.815972  1664  106   5 0.000
 30.843750  30.857639  1721  109   5 0.000
 30.927083  30.940972  1715  109   6 0.000
 30.968750  30.982639  1639  104   6 0.000
 31.052083  31.065972  1616  103   7 0.000
 31.093750  31.107639  1646  105   7 0.000
 31.177083  31.190972  1693  108   6 0.000
 31.218750  31.232639  1654  105   6 0.000
 31.302083  31.315972  1800  115   7 0.000
 31.343750  31.357639  1763  112   7 0.000
 31.427083  31.440972  1673  107   7 0.000
 31.468750  31.482639  1778  113   7 0.000
 31.552083  31.565972  1743  111   7 0.000
 31.593750  31.607639  1733  110   7 0.000
 31.677083  31.690972  1708  109   7 0.000
 31.718750  31.732639  1737  111   7 0.000
 31.802083  31.815972  1635  105   8 0.000
 31.843750  31.857639  1598  102   8 0.000
 31.927778  31.941667  1789  114   7 0.000
 31.968750  31.982639  2006  128   8 0.000
 32.052778  32.066667  1854  118   6 0.000
 32.093750  32.107639  1727  110   6 0.000
 32.177778  32.191667  2049  130   7 0.000
 32.218750  32.232639  2047  130   7 0.000
 32.302778  32.316667  1939  124   7 0.000
 32.343750  32.357639  1371   87   5 0.000
 32.427778  32.441667  1586  102   8 0.000
 32.468750  32.482639  1683  108   9 0.000
 32.552778  32.566667  1435   92   8 0.000
 32.593750  32.607639  1422   91   8 0.000
 32.677778  32.691667  1586  102   8 0.000
 32.718750  32.732639  1685  108   9 0.000
 32.802778  32.816667  1769  113   8 0.000
 32.843750  32.857639  1761  113   8 0.000
 32.927778  32.941667  1690  108   8 0.000
 32.968750  32.982639  1652  106   7 0.000
 33.052778  33.066667  1465   94   7 0.000
 33.093750  33.107639  1715  110   8 0.000
 33.177778  33.191667  1694  108   8 0.000
 33.218750  33.232639  1802  115   8 0.000
 33.302778  33.316667  1707  109   7 0.000
 33.343750  33.357639  1712  109   7 0.000
 33.427778  33.441667  1586  101   3 0.000
 33.468750  33.482639  1630  103   3 0.000
 33.552778  33.566667  1660  105   4 0.000
 33.593750  33.607639  1637  104   4 0.000
 33.677778  33.691667  1634  104   4 0.000
 33.718750  33.732639  1560   99   4 0.000
 33.802778  33.816667  1552   98   4 0.000
 33.843750  33.857639  1583  100   4 0.000
 33.927778  33.941667  1569  100   4 0.000
 33.968750  33.982639  1902  121   5 0.000
 34.052778  34.066667  2152  137   7 0.000
 34.093750  34.107639  3732  237  12 0.000
 34.177778  34.191667  3545  225  12 0.000
 34.218750  34.232639  3210  204  11 0.000
 34.302778  34.316667  3117  198  10 0.000
 34.343750  34.357639  3485  222  12 0.000
 34.427778  34.441667  3733  237  12 0.000
 34.468750  34.482639  3213  204  11 0.000
 34.552778  34.566667  2886  184  10 0.000
 34.593750  34.607639  2247  143   8 0.000
 34.677778  34.691667  2163  137   6 0.000
 34.718750  34.732639  2166  138   6 0.000
 34.802778  34.816667  2175  138   7 0.000
 34.843750  34.857639  1812  115   5 0.000
 34.927778  34.941667  1368   87   5 0.000
 34.968750  34.982639  1513   96   5 0.000
 35.052778  35.066667  1374   87   4 0.000
 35.093750  35.107639  1401   89   4 0.000
 35.177778  35.191667  1455   92   4 0.000
 35.218750  35.232639  1205   76   3 0.000
 35.302778  35.316667  1105   70   3 0.000
 35.343750  35.357639  1136   72   3 0.000
 35.427778  35.441667   937   60   3 0.000
 35.468750  35.482639  1053   67   3 0.000
 35.552778  35.566667  1125   72   4 0.000
 35.593750  35.607639  1026   65   3 0.000
 35.677778  35.691667   919   58   3 0.000
 35.718750  35.732639   978   62   3 0.000
 35.802778  35.816667   946   60   4 0.000
 35.843750  35.857639   993   63   4 0.000
 35.927778  35.941667   916   58   3 0.000
 35.968750  35.982639  1030   66   4 0.000
 36.052778  36.066667   926   59   3 0.000
 36.093750  36.107639   952   61   4 0.000
 36.177778  36.191667  1794  114   7 0.000
 36.218750  36.232639  2044  130   8 0.000
 36.302778  36.316667  2057  131   8 0.000
 36.343750  36.357639  2114  135   8 0.000
 36.427778  36.441667  2347  149   8 0.000
 36.468750  36.482639  2341  149   8 0.000
 36.552778  36.566667  2089  133   7 0.000
 36.593750  36.607639  2072  132   7 0.000
 36.677778  36.691667  1981  126   8 0.000
 36.718750  36.732639  1997  127   8 0.000
 36.802778  36.816667  1939  123   6 0.000
 36.843750  36.857639  1969  125   6 0.000
 36.927778  36.941667  1968  125   6 0.000
 36.968750  36.982639  1985  126   7 0.000
 37.052778  37.066667  1992  127   6 0.000
 37.093750  37.107639  2018  128   6 0.000
 37.177778  37.191667  1991  126   6 0.000
 37.218750  37.232639  2020  128   5 0.000
 37.302778  37.316667  1800  114   5 0.000
 37.343750  37.357639  1781  113   5 0.000
 37.427778  37.441667  1889  120   6 0.000
 37.468750  37.482639  1962  125   6 0.000
 37.552778  37.566667  1965  125   6 0.000
 37.593750  37.607639  1970  125   6 0.000
 37.843750  37.857639  1763  112   6 0.000
 37.886111  37.900000  1853  118   7 0.000
 37.968750  37.982639  1958  125   7 0.000
 38.011111  38.025000  1808  115   7 0.000
 38.093750  38.107639  1497   95   6 0.000
 38.136111  38.150000  1606  103   7 0.000
 38.218750  38.232639  1506   96   7 0.000
 38.261111  38.275000  1301   83   6 0.000
 38.379861  38.393750 99999 9999 999 0.999
 40.504861  40.518750 99999 9999 999 0.999
 40.546528  40.560417 99999 9999 999 0.999
 40.629861  40.643750  1196   76   2 0.000
 40.671528  40.685417  1296   82   3 0.000
 40.754861  40.768750  1477   94   3 0.000
 40.796528  40.810417  1358   86   3 0.000
 41.004861  41.018750 99999 9999 999 0.999
 41.046528  41.060417  1245   79   2 0.000
 41.130556  41.144444  1256   80   2 0.000
 41.172222  41.186111  1414   90   3 0.000
 41.255556  41.269444  1310   83   4 0.000
 41.297222  41.311111  1282   81   4 0.000
 41.380556  41.394444 99999 9999 999 0.999
 41.422222  41.436111  1036   66   3 0.000
 41.963889  41.977778  1254   80   4 0.000
 42.005556  42.019444  1316   84   4 0.000
 42.088889  42.102778  1235   78   3 0.000
 42.130556  42.144444  1340   85   4 0.000
 42.213889  42.227778  1427   90   3 0.000
 42.255556  42.269444  1381   88   3 0.000
 42.463889  42.477778  1128   71   2 0.000
 42.505556  42.519444  1220   77   3 0.000
 42.588889  42.602778  1366   87   3 0.000
 42.630556  42.644444  1327   84   3 0.000
 42.713889  42.727778  1164   74   3 0.000
 42.755556  42.769444  1031   65   3 0.000
 42.838889  42.852778  1182   75   4 0.000
 42.880556  42.894444 99999 9999 999 0.999
 43.088889  43.102778  1202   76   4 0.000
 43.130556  43.144444  1386   88   4 0.000
 43.213889  43.227778  1530   97   5 0.000
 43.255556  43.269444  1555   99   5 0.000
 43.338889  43.352778  1437   91   4 0.000
 43.380556  43.394444  1590  101   5 0.000
 43.463889  43.477778  1682  107   5 0.000
 43.505556  43.519444  1609  102   4 0.000
 43.713889  43.727778  1717  109   6 0.000
 43.755556  43.769444  1651  105   6 0.000
 43.838889  43.852778  1229   78   4 0.000
 43.880556  43.894444  1270   81   5 0.000
 43.963889  43.977778  1162   74   4 0.000
 44.005556  44.019444  1558   99   6 0.000
 44.088889  44.102778  1784  114   8 0.000
 44.130556  44.144444  1564  100   7 0.000
 44.338889  44.352778  1301   83   6 0.000
 44.380556  44.394444  1282   82   6 0.000
 44.463889  44.477778  1712  109   8 0.000
 44.505556  44.519444  1717  110   8 0.000
 44.588889  44.602778  1637  105   8 0.000
 44.630556  44.644444  1685  108   8 0.000
 44.713889  44.727778  1807  115   7 0.000
 44.755556  44.769444 99999 9999 999 0.999
 44.963889  44.977778 99999 9999 999 0.999
 45.005556  45.019444 99999 9999 999 0.999
 45.088889  45.102778  2176  138   7 0.000
 45.130556  45.144444  2167  138   7 0.000
 45.213889  45.227778 99999 9999 999 0.999
 45.255556  45.269444  2229  142   7 0.000
 45.338889  45.352778  2417  154   7 0.000
 45.380556  45.394444  2326  148   8 0.000
 45.588889  45.602778  2748  175   9 0.000
 45.630556  45.644444  2873  183  10 0.000
 45.713889  45.727778  3156  201  11 0.000
 45.755556  45.769444  3209  204  11 0.000
 45.838889  45.852778 99999 9999 999 0.999
 45.880556  45.894444 99999 9999 999 0.999
 45.963889  45.977778  3122  200  15 0.000
 46.005556  46.019444 99999 9999 999 0.999
 46.213889  46.227778  2266  146  15 0.000
 46.255556  46.269444  2264  146  14 0.000
 46.338889  46.352778  1991  128  12 0.000
 46.380556  46.394444  2148  138  12 0.000
 46.463889  46.477778  2178  140  12 0.000
 46.505556  46.519444  1945  125  11 0.000
 46.588889  46.602778  1854  119  11 0.000
 46.630556  46.644444  1790  115  11 0.000
 46.838889  46.852778  2390  154  14 0.000
 46.880556  46.894444  1831  118  10 0.000
 46.963889  46.977778  1909  122  10 0.000
 47.005556  47.019444  1952  125  10 0.000
 47.088889  47.102778  1867  120  10 0.000
 47.130556  47.144444  1869  120  10 0.000
 47.213889  47.227778  1839  117   8 0.000
 47.255556  47.269444  1797  115   8 0.000
 47.463889  47.477778  1783  114   8 0.000
 47.505556  47.519444  1885  120   8 0.000
 47.588889  47.602778  1801  115   7 0.000
 47.630556  47.644444  1759  112   7 0.000
 47.713889  47.727778  1577  100   5 0.000
 47.755556  47.769444  1654  105   5 0.000
 47.838889  47.852778  1703  108   5 0.000
 47.880556  47.894444  1769  113   6 0.000
 48.088889  48.102778 99999 9999 999 0.999
 48.130556  48.144444  1737  111   7 0.000
 48.213889  48.227778  1847  118   8 0.000
 48.255556  48.269444  1851  118   9 0.000
 48.338889  48.352778  1759  113   8 0.000
 48.380556  48.394444  1513   97   7 0.000
 48.463889  48.477778  1609  103   8 0.000
 48.505556  48.519444  1600  102   8 0.000
 48.713889  48.727778  1890  122  11 0.000
 48.755556  48.769444  1925  124  11 0.000
 48.838889  48.852778  1694  109  11 0.000
 48.880556  48.894444  1736  112  11 0.000
 48.963889  48.977778  1605  103  10 0.000
 49.005556  49.019444  1690  109  10 0.000
 49.088889  49.102778  1606  103  10 0.000
 49.130556  49.144444  1487   96   9 0.000
 49.338889  49.352778  1485   95   8 0.000
 49.380556  49.394444  1797  115   9 0.000
 49.463889  49.477778  1870  120  10 0.000
 49.505556  49.519444  1663  107   9 0.000
 49.588889  49.602778  1757  113   9 0.000
 49.630556  49.644444  1630  104   8 0.000
 49.713889  49.727778  1577  101   8 0.000
 49.755556  49.769444  1515   97   7 0.000
 49.963889  49.977778 99999 9999 999 0.999
 50.005556  50.019444  1210   77   4 0.000
 50.088889  50.102778  1252   80   5 0.000
 50.130556  50.144444  1216   77   4 0.000
 50.213889  50.227778  1520   97   6 0.000
 50.255556  50.269444  1580  101   6 0.000
 50.338889  50.352778  1597  102   7 0.000
 50.380556  50.394444  1659  106   7 0.000
 50.588889  50.602778  2016  129   9 0.000
 50.630556  50.644444  2201  141  12 0.000
 50.713889  50.727778  2395  155  16 0.000
 50.755556  50.769444  2443  158  16 0.000
 50.838889  50.852778 99999 9999 999 0.999
 50.880556  50.894444  2253  146  17 0.000
 50.963889  50.977778  2260  147  17 0.000
 51.005556  51.019444 99999 9999 999 0.999
 51.213889  51.227778  2079  137  19 0.000
 51.255556  51.269444  2030  133  18 0.000
 51.338889  51.352778  2068  136  18 0.000
 51.380556  51.394444  1996  131  18 0.000
 51.463889  51.477778  1917  126  17 0.000
 51.505556  51.519444  2006  132  18 0.000
 51.588889  51.602778  2058  135  18 0.000
 51.630556  51.644444  1985  130  17 0.000
 51.838889  51.852778  2027  131  14 0.000
 51.880556  51.894444  2135  138  15 0.000
 51.963889  51.977778  2249  146  16 0.000
 52.005556  52.019444  2287  148  16 0.000
 52.088889  52.102778  1944  126  13 0.000
 52.130556  52.144444  1977  128  14 0.000
 52.213889  52.227778  1981  128  13 0.000
 52.255556  52.269444  1874  121  12 0.000
 52.463889  52.477778  1836  119  12 0.000
 52.505556  52.519444  1932  125  13 0.000
 52.755556  52.769444  2037  132  15 0.000
 52.797222  52.811111  2072  135  16 0.000
 52.880556  52.894444  1991  130  16 0.000
 52.922222  52.936111  1922  125  15 0.000
 53.005556  53.019444  1879  123  16 0.000
 53.047222  53.061111 99999 9999 999 0.999
 53.255556  53.269444  2001  131  17 0.000
 53.297222  53.311111  2148  140  17 0.000
 53.380556  53.394444  2416  157  19 0.000
 53.422222  53.436111  2436  159  19 0.000
 53.505556  53.519444  2334  152  18 0.000
 53.547222  53.561111  2365  154  18 0.000
 53.630556  53.644444  2084  135  15 0.000
 53.672222  53.686111  1986  129  14 0.000
 53.880556  53.894444 99999 9999 999 0.999
 53.922222  53.936111  2207  142  14 0.000
 54.005556  54.019444  2396  154  13 0.000
