data/obs/c2h6/WDCGG/event/CH0005R.20130101001000.20160915102628.online_gc.ethane.air.1y.2h.CH01L_Agilent_ADS-GC-FID_cn10450060_RIG.CH01L_ADS_GC_FID_VOCAIR_RIGI.lev2.nas
67 1001
Hill, Matz; Reimann, Stefan
CH01L, Swiss Federal Laboratories for Materials Science and Technology, EMPA, Section Air Pollution, Überlandstrasse 133, , 8600, Dübendorf, Switzerland
Hill, Matz
ACTRIS EMEP GAW-WDCRG
1 1
2013 01 01 2016 09 15
0
days from file reference point
5
1 1 1 1 1
999.999999 99999 999 999 9.999
end_time of measurement, days from the file reference point
ethane, pmol/mol, Statistics=arithmetic mean, Data level=, Standard method=, Calibration scale=, Inlet type=, Detection limit=7.0 pmol/mol
ethane, pmol/mol, Revision date=20150818075036, Statistics=expanded uncertainty 2sigma
ethane, pmol/mol, Revision date=20150818075036, Statistics=precision
numflag, no unit
0
48
Data definition:              EBAS_1.1
Set type code:                TI
Timezone:                     UTC
File name:                    CH0005R.20130101001000.20160915102628.online_gc.ethane.air.1y.2h.CH01L_Agilent_ADS-GC-FID_cn10450060_RIG.CH01L_ADS_GC_FID_VOCAIR_RIGI.lev2.nas
File creation:                20190306184553
Startdate:                    20130101001000
Revision date:                20160915102628
Version:                      2
Version description:          initial revision, manually inspected, removed all data for butenes and pentenes
Data level:                   2
Period code:                  1y
Resolution code:              2h
Sample duration:              40mn
Station code:                 CH0005R
Platform code:                CH0005S
Station name:                 Rigi
Station GAW-ID:               RIG
Station latitude:             47.0675
Station longitude:            8.463889
Station altitude:             1031.0m
Measurement height:           3.0m
Regime:                       IMG
Component:                    ethane
Unit:                         pmol/mol
Matrix:                       air
Instrument type:              online_gc
Laboratory code:              CH01L
Instrument name:              Agilent_ADS-GC-FID_cn10450060_RIG
Instrument manufacturer:      Agilent
Instrument model:             6890GC/FID
Instrument serial number:     cn10450060
Method ref:                   CH01L_ADS_GC_FID_VOCAIR_RIGI
Standard method:              None
Calibration scale:            NPL
Inlet type:                   Hat or hood
Inlet description:            ambient air is brought into the cabin through a main inlet line at a flow rate of 300 lpm. From the main inlet line short stainless steel tubes are used to bring the air samples to the instruments.
Volume std. temperature:      273.15 K
Volume std. pressure:         1013.25 hPa
Detection limit expl.:        Determined by instrument counting statistics, no detection limit flag used
Measurement uncertainty expl.: Includes reproducibility (precision) + systematic errors (accuracy)
Zero/negative values code:    Zero/negative impossible
Zero/negative values:         Zero and neg. values don't appear because data was processed and zero/neg data taken out
Originator:                   Hill, Matz, matthias.hill@empa.ch, Swiss Federal Laboratories for Materials Science and Technology, Empa, Air Pollution/Environmental Technology, Ueberlandstrasse 129, , CH-8600, Duebendorf, Switzerland
Originator:                   Reimann, Stefan, , , , , , , , , 
Submitter:                    Hill, Matz, matthias.hill@empa.ch, Swiss Federal Laboratories for Materials Science and Technology, Empa, Air Pollution/Environmental Technology, Ueberlandstrasse 129, , CH-8600, Duebendorf, Switzerland
Acknowledgement:              Request acknowledgement details from data originator
Comment:                      "No SOP currently available, o3 not removed, nafion dryer, Calibration interval:1/two weeks"
starttime endtime C2H6 C2H6 C2H6 flag
[from data line 381]
 33.152778  33.180556  2566  52   4 0.000
 33.236111  33.263889  2516  51   4 0.000
 33.319444  33.347222  2593  53   4 0.000
 33.402778  33.430556  2560  52   4 0.000
 33.486111  33.513889  2500  51   4 0.000
 33.569444  33.597222  2605  53   4 0.000
 33.652778  33.680556  2636  53   4 0.000
 33.736111  33.763889  2568  52   4 0.000
 33.819444  33.847222  2588  53   4 0.000
 33.902778  33.930556  2562  52   4 0.000
 33.986111  34.013889  2550  52   4 0.000
 34.069444  34.097222  2420  49   4 0.000
 34.152778  34.180556  2389  49   4 0.000
 34.236111  34.263889  2237  45   4 0.000
 34.319444  34.347222  2170  44   4 0.000
 34.402778  34.430556  2154  44   4 0.000
 34.486111  34.513889  2227  45   4 0.000
 34.569444  34.597222  2273  46   4 0.000
 34.652778  34.680556  2261  46   4 0.000
 34.736111  34.763889  2216  45   4 0.000
 34.819444  34.847222  2149  44   4 0.000
 34.902778  34.930556  2116  43   4 0.000
 34.986111  35.013889  2178  44   4 0.000
 35.069444  35.097222  2177  44   4 0.000
 35.152778  35.180556  2084  42   4 0.000
 35.236111  35.263889  2169  44   4 0.000
 35.319444  35.347222  2074  42   4 0.000
 35.402778  35.430556  2182  44   4 0.000
 35.486111  35.513889  2159  44   4 0.000
 35.569444  35.597222  2167  44   4 0.000
 35.652778  35.680556  2049  42   4 0.000
 35.736111  35.763889  2116  43   4 0.000
 35.819444  35.847222  2065  42   4 0.000
 35.902778  35.930556  2009  41   4 0.000
 35.986111  36.013889  2002  41   4 0.000
 36.069444  36.097222  2037  42   4 0.000
 36.152778  36.180556  2008  41   4 0.000
 36.236111  36.263889  2014  41   4 0.000
 36.319444  36.347222  2039  42   4 0.000
 36.402778  36.430556  2132  43   4 0.000
 36.486111  36.513889  2252  46   4 0.000
 36.569444  36.597222  2297  47   4 0.000
 36.652778  36.680556  2317  47   4 0.000
 36.736111  36.763889  2380  48   4 0.000
 36.819444  36.847222  2513  51   4 0.000
 36.902778  36.930556  2702  55   4 0.000
 36.986111  37.013889  2639  54   4 0.000
 37.069444  37.097222  2656  54   4 0.000
 37.152778  37.180556  2619  53   4 0.000
 37.236111  37.263889  2458  50   4 0.000
 37.319444  37.347222  2425  49   4 0.000
 37.402778  37.430556  2442  50   4 0.000
 37.486111  37.513889  2365  48   4 0.000
 37.569444  37.597222  2692  55   4 0.000
 37.652778  37.680556  2673  54   4 0.000
 37.736111  37.763889  2540  52   4 0.000
 37.819444  37.847222  2608  53   4 0.000
 37.902778  37.930556  2603  53   4 0.000
 37.986111  38.013889  2616  53   4 0.000
 38.069444  38.097222  2580  52   4 0.000
 38.152778  38.180556  2585  52   4 0.000
 38.236111  38.263889  2579  52   4 0.000
 38.319444  38.347222  2546  52   4 0.000
 38.402778  38.430556  2490  51   4 0.000
 38.486111  38.513889  2491  51   4 0.000
 38.569444  38.597222  2522  51   4 0.000
 38.652778  38.680556  2515  51   4 0.000
 38.736111  38.763889  2487  50   4 0.000
 38.819444  38.847222  2498  51   4 0.000
 38.902778  38.930556  2469  50   4 0.000
 38.986111  39.013889  2495  51   4 0.000
 39.069444  39.097222  2485  50   4 0.000
 39.152778  39.180556  2561  52   4 0.000
 39.236111  39.263889  2603  53   4 0.000
 39.319444  39.347222  2499  51   4 0.000
 39.402778  39.430556  2455  50   4 0.000
 39.486111  39.513889  2498  51   4 0.000
 39.569444  39.597222  2563  52   4 0.000
 39.652778  39.680556  2546  52   4 0.000
 39.736111  39.763889  2549  52   4 0.000
 39.819444  39.847222  2534  51   4 0.000
 39.902778  39.930556  2607  53   4 0.000
 39.986111  40.013889  2594  53   4 0.000
 40.069444  40.097222  2547  52   4 0.000
 40.152778  40.180556  2422  49   4 0.000
 40.236111  40.263889  2398  49   4 0.000
 40.319444  40.347222  2411  49   4 0.000
 40.402778  40.430556  2387  48   4 0.000
 40.486111  40.513889  2405  49   4 0.000
 40.569444  40.597222  2536  51   4 0.000
 40.652778  40.680556  2445  50   4 0.000
 40.736111  40.763889  2339  48   4 0.000
 40.819444  40.847222  2270  46   4 0.000
 40.902778  40.930556  2367  48   4 0.000
 40.986111  41.013889  2321  47   4 0.000
 41.069444  41.097222  2344  48   4 0.000
 41.152778  41.180556  2396  49   4 0.000
 41.236111  41.263889  2526  51   4 0.000
 41.319444  41.347222  2546  52   4 0.000
 41.402778  41.430556  2621  53   4 0.000
 41.486111  41.513889  2530  51   4 0.000
 41.569444  41.597222  2547  52   4 0.000
 41.652778  41.680556  2497  51   4 0.000
 41.736111  41.763889  2496  51   4 0.000
 41.819444  41.847222  2589  53   4 0.000
 41.902778  41.930556  2540  52   4 0.000
 41.986111  42.013889  3028  61   5 0.000
 42.069444  42.097222  2956  60   5 0.000
 42.152778  42.180556  3077  62   5 0.000
 42.236111  42.263889  3095  63   5 0.000
 42.319444  42.347222  3026  61   5 0.000
 42.402778  42.430556  3112  63   5 0.000
 42.486111  42.513889  3145  64   5 0.000
 42.569444  42.597222  3109  63   5 0.000
 42.652778  42.680556  3016  61   5 0.000
 42.736111  42.763889  3198  65   5 0.000
 42.819444  42.847222  3274  66   5 0.000
 42.902778  42.930556  3271  66   5 0.000
 42.986111  43.013889  3414  69   5 0.000
 43.069444  43.097222  3417  69   5 0.000
 43.152778  43.180556  3421  69   5 0.000
 43.236111  43.263889  3514  71   5 0.000
 43.319444  43.347222  3484  70   5 0.000
 43.402778  43.430556  3471  70   5 0.000
 43.493056  43.520833  3613  73   5 0.000
 43.576389  43.604167  3444  70   5 0.000
 43.659722  43.687500  3291  67   5 0.000
 43.743056  43.770833  3285  66   5 0.000
 43.826389  43.854167  3192  65   5 0.000
 43.909722  43.937500  3245  66   5 0.000
 43.993056  44.020833  3128  63   5 0.000
 44.076389  44.104167  3116  63   5 0.000
 44.159722  44.187500  3008  61   5 0.000
 44.243056  44.270833  2926  59   5 0.000
 44.326389  44.354167  3025  61   5 0.000
 44.409722  44.437500  2660  54   4 0.000
 44.493056  44.520833  2692  55   4 0.000
 44.576389  44.604167  3015  61   5 0.000
 44.659722  44.687500  2379  48   4 0.000
 44.743056  44.770833  2270  46   4 0.000
 44.826389  44.854167  2278  46   4 0.000
 44.909722  44.937500  2371  48   4 0.000
 44.993056  45.020833  2222  45   4 0.000
 45.076389  45.104167  2270  46   4 0.000
 45.159722  45.187500  2029  41   4 0.000
 45.243056  45.270833  2142  44   4 0.000
 45.326389  45.354167  2300  47   4 0.000
 45.409722  45.437500  2344  48   4 0.000
 45.493056  45.520833  2399  49   4 0.000
 45.576389  45.604167  2520  51   4 0.000
 45.659722  45.687500  2487  50   4 0.000
 45.743056  45.770833  2526  51   4 0.000
 45.826389  45.854167  2601  53   4 0.000
 45.909722  45.937500  2589  53   4 0.000
 45.993056  46.020833  2509  51   4 0.000
 46.076389  46.104167  2538  52   4 0.000
 46.159722  46.187500  2553  52   4 0.000
 46.243056  46.270833  2540  52   4 0.000
 46.326389  46.354167  2685  54   4 0.000
 46.409722  46.437500  2601  53   4 0.000
 48.597222  48.625000  2747  56   5 0.000
 48.680556  48.708333  2800  57   5 0.000
 48.770833  48.798611  2653  54   4 0.000
 48.854167  48.881944  2605  53   4 0.000
 48.937500  48.965278  2385  48   4 0.000
 49.020833  49.048611  2328  47   4 0.000
 49.104167  49.131944  2292  47   4 0.000
 49.187500  49.215278  2311  47   4 0.000
 49.270833  49.298611  2237  45   4 0.000
 49.354167  49.381944  2246  46   4 0.000
 49.437500  49.465278  2277  46   4 0.000
 49.520833  49.548611  2278  46   4 0.000
 49.604167  49.631944  2367  48   4 0.000
 49.687500  49.715278  2373  48   4 0.000
 49.770833  49.798611  2404  49   4 0.000
 49.854167  49.881944  2405  49   4 0.000
 49.937500  49.965278  2647  54   4 0.000
 50.020833  50.048611  2423  49   4 0.000
 50.104167  50.131944  2310  47   4 0.000
 50.187500  50.215278  2356  48   4 0.000
 50.270833  50.298611  2515  51   4 0.000
 50.354167  50.381944  2934  59   5 0.000
 50.437500  50.465278  2973  60   5 0.000
 50.520833  50.548611  3482  70   5 0.000
 50.604167  50.631944  3178  64   5 0.000
 50.687500  50.715278  2996  61   5 0.000
 50.770833  50.798611  3010  61   5 0.000
 50.854167  50.881944  2986  60   5 0.000
 50.937500  50.965278  3022  61   5 0.000
 51.020833  51.048611  3135  63   5 0.000
 51.104167  51.131944  3239  66   5 0.000
 51.187500  51.215278  3254  66   5 0.000
 51.270833  51.298611  3298  67   5 0.000
 51.354167  51.381944  3373  68   5 0.000
 51.437500  51.465278  3459  70   5 0.000
 51.520833  51.548611  3517  71   5 0.000
 51.604167  51.631944  3401  69   5 0.000
 51.687500  51.715278  3293  67   5 0.000
 51.770833  51.798611  3302  67   5 0.000
 51.854167  51.881944  3302  67   5 0.000
 51.937500  51.965278  3339  68   5 0.000
 52.020833  52.048611  3377  68   5 0.000
 52.104167  52.131944  3464  70   5 0.000
 52.187500  52.215278  3515  71   5 0.000
 52.270833  52.298611  3529  71   5 0.000
 52.354167  52.381944  3620  73   5 0.000
 52.437500  52.465278  3606  73   5 0.000
 52.520833  52.548611  3573  72   5 0.000
 52.604167  52.631944  3743  76   5 0.000
 52.687500  52.715278  3847  78   5 0.000
 52.770833  52.798611  3968  80   6 0.000
 52.854167  52.881944  3986  80   6 0.000
 52.937500  52.965278  4005  81   6 0.000
 53.020833  53.048611  4040  82   6 0.000
 53.104167  53.131944  4019  81   6 0.000
 53.187500  53.215278  4100  83   6 0.000
 53.270833  53.298611  4107  83   6 0.000
 53.354167  53.381944  4209  85   6 0.000
 53.437500  53.465278  4056  82   6 0.000
 53.520833  53.548611  3985  80   6 0.000
 53.604167  53.631944  4006  81   6 0.000
 53.687500  53.715278  4188  85   6 0.000
 53.770833  53.798611  4086  82   6 0.000
 53.854167  53.881944  4470  90   6 0.000
 53.937500  53.965278  4563  92   6 0.000
 54.020833  54.048611  4734  95   6 0.000
 54.104167  54.131944  4662  94   6 0.000
 54.187500  54.215278  4559  92   6 0.000
 54.270833  54.298611  4555  92   6 0.000
 54.354167  54.381944  4569  92   6 0.000
 54.437500  54.465278  4475  90   6 0.000
 54.520833  54.548611  4451  90   6 0.000
 54.604167  54.631944  4440  90   6 0.000
 54.687500  54.715278  4405  89   6 0.000
 54.770833  54.798611  4462  90   6 0.000
 54.854167  54.881944  4437  90   6 0.000
 54.937500  54.965278  4505  91   6 0.000
 55.020833  55.048611  4487  91   6 0.000
 55.104167  55.131944  4475  90   6 0.000
 55.187500  55.215278  4486  90   6 0.000
 55.270833  55.298611  4524  91   6 0.000
 55.354167  55.381944  4522  91   6 0.000
 55.437500  55.465278  4540  92   6 0.000
 55.520833  55.548611  4457  90   6 0.000
 55.604167  55.631944  4460  90   6 0.000
 55.687500  55.715278  4453  90   6 0.000
 55.770833  55.798611  4413  89   6 0.000
 55.854167  55.881944  4442  90   6 0.000
 55.937500  55.965278  4430  89   6 0.000
 56.020833  56.048611  4477  90   6 0.000
 56.104167  56.131944  4458  90   6 0.000
 56.187500  56.215278  4288  87   6 0.000
 56.270833  56.298611  4511  91   6 0.000
 56.354167  56.381944  4621  93   6 0.000
 56.437500  56.465278  4500  91   6 0.000
 56.520833  56.548611  4522  91   6 0.000
 56.604167  56.631944  4452  90   6 0.000
 56.687500  56.715278  4590  93   6 0.000
 56.770833  56.798611  4406  89   6 0.000
 56.854167  56.881944  4350  88   6 0.000
 56.937500  56.965278  4319  87   6 0.000
 57.020833  57.048611  4075  82   6 0.000
 57.104167  57.131944  3940  80   5 0.000
 57.187500  57.215278  3972  80   6 0.000
 57.645833  57.673611  4191  87  12 0.000
 57.729167  57.756944  4274  89  12 0.000
 57.812500  57.840278  4066  85  12 0.000
 57.895833  57.923611  4087  85  12 0.000
 57.979167  58.006944  4040  84  11 0.000
 58.062500  58.090278  4121  86  12 0.000
 58.145833  58.173611  3928  82  11 0.000
 58.229167  58.256944  3806  79  11 0.000
 58.312500  58.340278  3661  76  11 0.000
 58.395833  58.423611  3675  77  11 0.000
 58.479167  58.506944  3691  77  11 0.000
 58.562500  58.590278  3741  78  11 0.000
 58.645833  58.673611  3744  78  11 0.000
 58.729167  58.756944  3882  81  11 0.000
 58.812500  58.840278  3505  73  10 0.000
 58.895833  58.923611  3499  73  10 0.000
 58.986111  59.013889  3128  65   9 0.000
 59.069444  59.097222  3371  70  10 0.000
 59.152778  59.180556  3615  75  11 0.000
 59.236111  59.263889  3911  81  11 0.000
 59.319444  59.347222  3881  81  11 0.000
 59.402778  59.430556  3910  81  11 0.000
 59.486111  59.513889  3735  78  11 0.000
 59.569444  59.597222  3673  76  11 0.000
 59.652778  59.680556  3585  75  10 0.000
 59.736111  59.763889  3623  75  11 0.000
 59.819444  59.847222  3471  72  10 0.000
 59.902778  59.930556  3376  70  10 0.000
 59.986111  60.013889  3403  71  10 0.000
 60.069444  60.097222  3370  70  10 0.000
 60.152778  60.180556  3305  69  10 0.000
 60.236111  60.263889  3246  68  10 0.000
 60.319444  60.347222  3057  64   9 0.000
 60.402778  60.430556  3075  64   9 0.000
 60.486111  60.513889  3144  66   9 0.000
 60.569444  60.597222  3117  65   9 0.000
 60.652778  60.680556  3096  65   9 0.000
 60.736111  60.763889  3021  63   9 0.000
 60.819444  60.847222  2951  62   9 0.000
 64.486111  64.513889  2162  46   7 0.000
 64.569444  64.597222  2102  44   7 0.000
 64.652778  64.680556  2089  44   7 0.000
 64.736111  64.763889  2127  45   7 0.000
 64.819444  64.847222  2101  44   7 0.000
 64.902778  64.930556  2330  49   8 0.000
 64.986111  65.013889  2362  50   8 0.000
 65.069444  65.097222  2592  54   8 0.000
 65.152778  65.180556  2566  54   8 0.000
 65.236111  65.263889  2476  52   8 0.000
 65.618056  65.645833  2438  51   8 0.000
 65.701389  65.729167  2425  51   8 0.000
 65.784722  65.812500  2432  51   8 0.000
 65.868056  65.895833  2293  48   8 0.000
 65.951389  65.979167  2294  48   8 0.000
 66.041667  66.069444  2365  50   8 0.000
 66.125000  66.152778  2342  49   8 0.000
 66.208333  66.236111  2307  49   8 0.000
 66.291667  66.319444  2328  49   8 0.000
 66.375000  66.402778  2391  50   8 0.000
 66.458333  66.486111  2386  50   8 0.000
 66.541667  66.569444  2395  50   8 0.000
 66.625000  66.652778  2293  48   8 0.000
 66.708333  66.736111  2373  50   8 0.000
 66.791667  66.819444  2400  50   8 0.000
 66.875000  66.902778  2204  46   7 0.000
 66.958333  66.986111  2126  45   7 0.000
 67.041667  67.069444  2100  44   7 0.000
 67.125000  67.152778  2015  43   7 0.000
 67.208333  67.236111  2036  43   7 0.000
 67.291667  67.319444  2011  43   7 0.000
 67.375000  67.402778  2025  43   7 0.000
 67.458333  67.486111  2027  43   7 0.000
 67.541667  67.569444  2072  44   7 0.000
 67.625000  67.652778  2087  44   7 0.000
 67.708333  67.736111  2050  43   7 0.000
 67.791667  67.819444  2045  43   7 0.000
 67.875000  67.902778  2050  43   7 0.000
 67.958333  67.986111  2111  45   7 0.000
 68.041667  68.069444  2174  46   7 0.000
 68.125000  68.152778  2079  44   7 0.000
 68.208333  68.236111  2075  44   7 0.000
 68.291667  68.319444  2084  44   7 0.000
 68.375000  68.402778  2075  44   7 0.000
 68.458333  68.486111  2132  45   7 0.000
 68.541667  68.569444  2111  45   7 0.000
 68.625000  68.652778  2126  45   7 0.000
 68.708333  68.736111  2151  45   7 0.000
 68.791667  68.819444  2123  45   7 0.000
 68.875000  68.902778  2054  43   7 0.000
 68.958333  68.986111  2064  44   7 0.000
 69.041667  69.069444  2136  45   7 0.000
 69.125000  69.152778  2109  45   7 0.000
 69.208333  69.236111  2095  44   7 0.000
 69.291667  69.319444  2117  45   7 0.000
 69.375000  69.402778  2133  45   7 0.000
 69.458333  69.486111  2174  46   7 0.000
 69.541667  69.569444  2163  46   7 0.000
 69.625000  69.652778  2181  46   7 0.000
 69.708333  69.736111  2211  47   7 0.000
 69.791667  69.819444  2213  47   7 0.000
 69.875000  69.902778  2161  46   7 0.000
 69.958333  69.986111  2147  45   7 0.000
 70.041667  70.069444  2143  45   7 0.000
 70.125000  70.152778  2128  45   7 0.000
 70.208333  70.236111  2122  45   7 0.000
 70.291667  70.319444  2111  45   7 0.000
 70.604167  70.631944  2376  50   8 0.000
 70.687500  70.715278  2708  57   8 0.000
 70.770833  70.798611  2738  57   9 0.000
 70.854167  70.881944  2820  59   9 0.000
 70.937500  70.965278  3020  63   9 0.000
 71.020833  71.048611  3086  64   9 0.000
 71.104167  71.131944  3080  64   9 0.000
 71.187500  71.215278  3082  64   9 0.000
 71.270833  71.298611  3090  65   9 0.000
 71.354167  71.381944  2990  63   9 0.000
