data/obs/c2h6/WDCGG/event/CH0001G.20120101011900.20170425145159.online_gc.ethane.air.1y.2h.CH01L_Agilent_GC-MS-MEDUSA_Medusa-12_JFJ.CH01L_VOC_AIR_MEDUSA-12.lev2.nas
68 1001
Hill, Matz; Reimann, Stefan
CH01L, Swiss Federal Laboratories for Materials Science and Technology, EMPA, Section Air Pollution, Überlandstrasse 133, , 8600, Dübendorf, Switzerland
Hill, Matz
ACTRIS EMEP GAW-WDCGG-node GAW-WDCRG
1 1
2012 01 01 2017 04 25
0
days from file reference point
5
1 1 1 1 1
999.999999 99999.999 9999.999 999.999 9.999
end_time of measurement, days from the file reference point
ethane, pmol/mol, Statistics=arithmetic mean, Detection limit=1.1 pmol/mol
ethane, pmol/mol, Statistics=expanded uncertainty 2sigma
ethane, pmol/mol, Statistics=precision
numflag, no unit
0
49
Data definition:              EBAS_1.1
Set type code:                TI
Timezone:                     UTC
File name:                    CH0001G.20120101011900.20170425145159.online_gc.ethane.air.1y.2h.CH01L_Agilent_GC-MS-MEDUSA_Medusa-12_JFJ.CH01L_VOC_AIR_MEDUSA-12.lev2.nas
File creation:                20190306184543
Startdate:                    20120101011900
Revision date:                20170425145159
Version:                      3
Version description:          second revision, manually inspected
Data level:                   2
Period code:                  1y
Resolution code:              2h
Sample duration:              20mn
Orig. time res.:              2h
Station code:                 CH0001G
Platform code:                CH0001S
Station name:                 Jungfraujoch
Station GAW-ID:               JFJ
Station latitude:             46.5475
Station longitude:            7.985
Station altitude:             3578.0m
Measurement height:           4.0m
Regime:                       IMG
Component:                    ethane
Unit:                         pmol/mol
Matrix:                       air
Instrument type:              online_gc
Laboratory code:              CH01L
Instrument name:              Agilent_GC-MS-MEDUSA_Medusa-12_JFJ
Instrument manufacturer:      AGAGE+Agilent+Agilent
Instrument model:             MEDUSA+6890N+5975B
Instrument serial number:     Medusa-12
Method ref:                   CH01L_VOC_AIR_MEDUSA-12
Standard method:              None
Calibration scale:            SIO-p
Inlet type:                   Hat or hood
Inlet description:            above the roof
Volume std. temperature:      273.15 K
Volume std. pressure:         1013.25 hPa
Detection limit expl.:        Determined by instrument counting statistics, no detection limit flag used
Measurement uncertainty expl.: Includes reproducibility (precision) + systematic errors (accuracy)
Zero/negative values code:    Zero/negative impossible
Zero/negative values:         Zero and neg. values don't appear because data was processed and zero/neg data taken out
Originator:                   Hill, Matz, matthias.hill@empa.ch, Swiss Federal Laboratories for Materials Science and Technology, Empa, Air Pollution/Environmental Technology, Ueberlandstrasse 129, , CH-8600, Duebendorf, Switzerland
Originator:                   Reimann, Stefan, , , , , , , , , 
Submitter:                    Hill, Matz, matthias.hill@empa.ch, Swiss Federal Laboratories for Materials Science and Technology, Empa, Air Pollution/Environmental Technology, Ueberlandstrasse 129, , CH-8600, Duebendorf, Switzerland
Acknowledgement:              Request acknowledgement details from data originator
Comment:                      "No SOP currently available, MEDUSA. Sample volume: 2L, trap at -170degC, trap material Hayesep D, Nafion dryer, no O3 removal, 2-hourly calibration interval"
starttime endtime C2H6 C2H6 C2H6 flag
[from data line 873]
 65.961111  65.975000  1716.941  109.509   7.082 0.000
 66.044444  66.058333  1865.520  119.045   7.924 0.000
 66.086111  66.100000  1862.218  118.780   7.701 0.000
 66.169444  66.183333  1862.895  118.799   7.612 0.000
 66.211111  66.225000  1811.821  115.476   7.140 0.000
 66.294444  66.308333  1600.054  102.038   6.539 0.000
 66.336111  66.350000  1505.084   95.981   6.151 0.000
 66.419444  66.433333  1532.675   97.767   6.363 0.000
 66.461111  66.475000  1524.770   97.262   6.330 0.000
 66.544444  66.558333  1510.405   96.348   6.279 0.000
 66.586111  66.600000  1474.902   94.083   6.131 0.000
 66.877778  66.891667 99999.999 9999.999 999.999 0.999
 66.919444  66.933333 99999.999 9999.999 999.999 0.999
 67.002778  67.016667  1711.104  108.770   5.466 0.000
 67.044444  67.058333  1783.522  113.374   5.697 0.000
 67.127778  67.141667  1932.569  122.809   5.972 0.000
 67.169444  67.183333  2009.720  127.711   6.210 0.000
 67.252778  67.266667  2258.576  143.491   6.799 0.000
 67.294444  67.308333  2239.125  142.255   6.741 0.000
 67.378472  67.392361  2346.188  148.888   6.107 0.000
 67.420139  67.434028  2368.603  150.310   6.165 0.000
 67.503472  67.517361  2413.834  153.189   6.333 0.000
 67.545139  67.559028  2403.923  152.560   6.307 0.000
 67.628472  67.642361  2245.842  142.562   6.096 0.000
 67.670139  67.684028  2335.645  148.262   6.339 0.000
 67.753472  67.767361  2220.852  140.979   6.050 0.000
 67.795139  67.809028  2251.127  142.901   6.133 0.000
 67.878472  67.892361  2242.930  142.363   6.003 0.000
 67.920139  67.934028  2252.872  142.994   6.030 0.000
 68.003472  68.017361  2303.883  146.206   6.013 0.000
 68.045139  68.059028  1914.493  121.495   4.997 0.000
 68.128472  68.142361  1869.953  118.716   5.161 0.000
 68.170139  68.184028  1809.162  114.856   4.994 0.000
 68.253472  68.267361  1904.882  120.942   5.310 0.000
 68.295139  68.309028  1913.378  121.509   5.485 0.000
 68.378472  68.392361  2247.223  142.780   6.820 0.000
 68.420139  68.434028  2290.900  145.555   6.952 0.000
 68.503472  68.517361  1613.437  102.609   5.383 0.000
 68.545139  68.559028  1473.760   93.717   4.873 0.000
 68.628472  68.642361  1469.632   93.485   5.003 0.000
 68.670139  68.684028  1484.981   94.433   4.921 0.000
 68.753472  68.767361  1546.715   98.378   5.218 0.000
 68.795139  68.809028  1516.552   96.439   5.020 0.000
 68.878472  68.892361  1523.228   96.890   5.164 0.000
 68.920139  68.934028  1427.546   90.774   4.702 0.000
 69.003472  69.017361  1424.716   90.622   4.822 0.000
 69.045139  69.059028  1429.308   90.886   4.705 0.000
 69.586806  69.600694  1103.544   70.214   3.831 0.000
 69.628472  69.642361  1125.693   71.623   3.908 0.000
 69.711806  69.725694  1193.048   75.910   4.151 0.000
 69.753472  69.767361  1202.068   76.484   4.182 0.000
 69.836806  69.850694  1085.512   69.058   3.731 0.000
 69.878472  69.892361  1024.729   65.191   3.522 0.000
 69.961806  69.975694  1741.111  110.782   6.060 0.000
 70.003472  70.017361  2291.655  145.812   7.976 0.000
 70.086806  70.100694  2085.246  132.636   7.058 0.000
 70.128472  70.142361  1903.416  121.070   6.442 0.000
 70.211806  70.225694  2333.598  148.449   7.977 0.000
 70.253472  70.267361  2111.219  134.303   7.217 0.000
 70.336806  70.350694  1837.632  116.885   6.218 0.000
 70.378472  70.392361  2279.825  145.012   7.714 0.000
 70.461806  70.475694  2031.919  129.000   5.615 0.000
 70.503472  70.517361  1875.104  119.044   5.181 0.000
 70.586806  70.600694  1522.807   96.676   4.201 0.000
 70.628472  70.642361  1491.424   94.684   4.114 0.000
 70.711806  70.725694  1516.875   96.312   4.255 0.000
 70.753472  70.767361  1496.758   95.035   4.199 0.000
 70.836806  70.850694  1420.057   90.169   4.009 0.000
 70.878472  70.892361  1383.612   87.855   3.906 0.000
 70.961806  70.975694  1241.499   78.897   3.854 0.000
 71.003472  71.017361  1202.466   76.416   3.733 0.000
 71.086806  71.100694  1131.239   71.965   3.880 0.000
 71.128472  71.142361  1121.837   71.367   3.848 0.000
 71.211806  71.225694  1672.328  106.417   5.869 0.000
 71.253472  71.267361  1470.336   93.563   5.160 0.000
 71.336806  71.350694  1172.287   74.570   3.989 0.000
 71.378472  71.392361  1102.991   70.162   3.753 0.000
 71.461806  71.475694  1106.284   70.258   3.191 0.000
 71.503472  71.517361  1055.058   67.005   3.043 0.000
 71.586806  71.600694  1326.370   84.231   3.800 0.000
 71.628472  71.642361  1271.698   80.759   3.644 0.000
 71.711806  71.725694  1365.539   86.716   3.900 0.000
 71.753472  71.767361  1211.260   76.919   3.460 0.000
 71.836806  71.850694  1349.206   85.679   3.854 0.000
 71.878472  71.892361  1271.108   80.719   3.631 0.000
 71.961806  71.975694  1160.224   73.723   3.559 0.000
 72.003472  72.017361  1426.438   90.639   4.376 0.000
 72.086806  72.100694  1297.272   82.475   4.197 0.000
 72.128472  72.142361   922.711   58.662   2.986 0.000
 72.211806  72.225694   694.583   44.155   2.227 0.000
 72.253472  72.267361   709.787   45.121   2.276 0.000
 72.336806  72.350694  1052.323   66.963   3.690 0.000
 72.378472  72.392361   968.467   61.627   3.396 0.000
 72.461806  72.475694  1134.463   72.295   4.431 0.000
 72.503472  72.517361  1138.455   72.549   4.446 0.000
 72.586806  72.600694  1214.770   77.414   4.751 0.000
 72.628472  72.642361  1430.449   91.159   5.595 0.000
 72.711806  72.725694  1514.781   96.543   5.964 0.000
 72.753472  72.767361  1363.376   86.893   5.368 0.000
 72.836806  72.850694  1336.051   85.185   5.394 0.000
 72.878472  72.892361  1312.807   83.703   5.300 0.000
 72.961806  72.975694  1238.917   78.962   4.883 0.000
 73.003472  73.017361  1222.769   77.892   4.649 0.000
 73.086806  73.100694  1208.161   76.907   4.362 0.000
 73.128472  73.142361  1263.749   80.476   4.696 0.000
 73.211806  73.225694  1518.289   96.693   5.673 0.000
 73.253472  73.267361  1891.128  120.446   7.104 0.000
 73.336806  73.350694  1803.433  114.922   7.028 0.000
 73.378472  73.392361  1717.723  109.460   6.694 0.000
 73.461806  73.475694  1540.700   98.180   6.005 0.000
 73.503472  73.517361  1492.417   95.103   5.817 0.000
 73.586806  73.600694  1113.162   70.932   4.324 0.000
 73.628472  73.642361  1010.439   64.386   3.925 0.000
 73.920139  73.934028  1450.015   92.361   5.485 0.000
 73.961806  73.975694  1490.974   94.928   5.460 0.000
 74.045139  74.059028  1339.487   85.245   4.736 0.000
 74.086806  74.100694  1319.154   83.925   4.548 0.000
 74.170139  74.184028  1199.493   76.312   4.135 0.000
 74.211806  74.225694  1929.442  122.785   6.806 0.000
 74.295139  74.309028  1407.999   89.602   4.967 0.000
 74.336806  74.350694  1291.587   82.084   4.031 0.000
 74.420833  74.434722  1364.381   86.570   3.469 0.000
 74.462500  74.476389  1337.832   84.885   3.402 0.000
 74.545833  74.559722  1335.354   84.712   3.295 0.000
 74.587500  74.601389  1320.982   83.800   3.260 0.000
 74.670833  74.684722  1381.265   87.604   3.272 0.000
 74.712500  74.726389  1394.852   88.465   3.304 0.000
 74.795833  74.809722  1432.320   90.817   3.225 0.000
 74.837500  74.851389  1414.512   89.688   3.185 0.000
 74.920833  74.934722  1423.015   90.208   3.064 0.000
 74.962500  74.976389  1430.471   90.680   3.080 0.000
 75.045833  75.059722  1454.307   92.193   3.141 0.000
 75.087500  75.101389  1429.583   90.625   3.088 0.000
 75.170833  75.184722 99999.999 9999.999 999.999 0.999
 75.212500  75.226389 99999.999 9999.999 999.999 0.999
 75.295833  75.309722 99999.999 9999.999 999.999 0.999
 75.337500  75.351389 99999.999 9999.999 999.999 0.999
 75.420833  75.434722 99999.999 9999.999 999.999 0.999
 75.462500  75.476389 99999.999 9999.999 999.999 0.999
 75.545833  75.559722  1549.631   98.069   1.735 0.000
 75.587500  75.601389  1377.156   87.154   1.542 0.000
 75.670833  75.684722  1312.493   83.058   1.424 0.000
 75.712500  75.726389  1301.852   82.385   1.412 0.000
 75.795833  75.809722  1336.430   84.566   1.348 0.000
 75.837500  75.851389  1349.859   85.416   1.362 0.000
 75.920833  75.934722  1369.239   86.635   1.264 0.000
 75.962500  75.976389  1383.708   87.551   1.277 0.000
 76.045833  76.059722  1791.584  113.356   1.616 0.000
 76.087500  76.101389  1692.896  107.112   1.527 0.000
 76.618750  76.632639 99999.999 9999.999 999.999 0.999
 79.419444  79.433333 99999.999 9999.999 999.999 0.999
 79.461111  79.475000 99999.999 9999.999 999.999 0.999
 79.544444  79.558333 99999.999 9999.999 999.999 0.999
 79.586111  79.600000 99999.999 9999.999 999.999 0.999
 80.418056  80.431944 99999.999 9999.999 999.999 0.999
 80.459722  80.473611 99999.999 9999.999 999.999 0.999
 80.543056  80.556944 99999.999 9999.999 999.999 0.999
 80.584722  80.598611 99999.999 9999.999 999.999 0.999
 80.876389  80.890278  1515.501   96.139   3.732 0.000
 80.918056  80.931944  1413.196   89.649   3.480 0.000
 81.001389  81.015278  1450.886   92.021   3.452 0.000
 81.043056  81.056944  1490.201   94.515   3.546 0.000
 81.126389  81.140278  1312.529   83.226   2.982 0.000
 81.168056  81.181944  1316.763   83.494   2.992 0.000
 81.251389  81.265278  1313.917   83.296   2.862 0.000
 81.293056  81.306944  1322.439   83.837   2.880 0.000
 81.376389  81.390278  1333.568   84.537   2.867 0.000
 81.418056  81.431944  1351.238   85.657   2.905 0.000
 81.501389  81.515278  1391.181   88.209   3.131 0.000
 81.543056  81.556944  1457.323   92.402   3.280 0.000
 81.626389  81.640278  1527.923   96.862   3.322 0.000
 81.668056  81.681944  1533.693   97.228   3.334 0.000
 81.751389  81.765278  1509.276   95.711   3.500 0.000
 81.793056  81.806944  1376.885   87.316   3.193 0.000
 81.876389  81.890278  1455.152   92.296   3.491 0.000
 81.918056  81.931944  1535.069   97.365   3.683 0.000
 82.001389  82.015278  1398.948   88.761   3.548 0.000
 82.043056  82.056944  1384.203   87.826   3.510 0.000
 82.126389  82.140278  1379.896   87.527   3.335 0.000
 82.168056  82.181944  1414.152   89.700   3.418 0.000
 82.251389  82.265278  1219.953   77.376   2.909 0.000
 82.293056  82.306944  1327.329   84.186   3.165 0.000
 82.376389  82.390278  1326.516   84.134   3.159 0.000
 82.418056  82.431944  1216.180   77.123   2.807 0.000
 82.501389  82.515278  1153.596   73.133   2.513 0.000
 82.543056  82.556944  1126.464   71.413   2.454 0.000
 82.626389  82.640278  1601.473  101.532   3.531 0.000
 82.668056  82.681944  1489.297   94.445   3.461 0.000
 82.751389  82.765278  1366.388   86.666   3.273 0.000
 82.793056  82.806944  1224.889   77.678   2.850 0.000
 82.876389  82.890278  1214.212   77.014   2.912 0.000
 82.918056  82.931944  1190.876   75.534   2.856 0.000
 83.001389  83.015278 99999.999 9999.999 999.999 0.999
 83.043056  83.056944 99999.999 9999.999 999.999 0.999
 83.126389  83.140278 99999.999 9999.999 999.999 0.999
 83.168056  83.181944 99999.999 9999.999 999.999 0.999
 83.709722  83.723611 99999.999 9999.999 999.999 0.999
 83.751389  83.765278 99999.999 9999.999 999.999 0.999
 83.834722  83.848611 99999.999 9999.999 999.999 0.999
 83.876389  83.890278 99999.999 9999.999 999.999 0.999
 83.959722  83.973611 99999.999 9999.999 999.999 0.999
 84.001389  84.015278 99999.999 9999.999 999.999 0.999
 84.084722  84.098611 99999.999 9999.999 999.999 0.999
 84.126389  84.140278 99999.999 9999.999 999.999 0.999
 84.209722  84.223611 99999.999 9999.999 999.999 0.999
 84.251389  84.265278 99999.999 9999.999 999.999 0.999
 84.334722  84.348611 99999.999 9999.999 999.999 0.999
 84.376389  84.390278 99999.999 9999.999 999.999 0.999
 84.459722  84.473611 99999.999 9999.999 999.999 0.999
 84.501389  84.515278 99999.999 9999.999 999.999 0.999
 84.584722  84.598611 99999.999 9999.999 999.999 0.999
 84.626389  84.640278 99999.999 9999.999 999.999 0.999
 84.709722  84.723611 99999.999 9999.999 999.999 0.999
 84.751389  84.765278 99999.999 9999.999 999.999 0.999
 84.834722  84.848611 99999.999 9999.999 999.999 0.999
 84.876389  84.890278 99999.999 9999.999 999.999 0.999
 84.959722  84.973611 99999.999 9999.999 999.999 0.999
 85.001389  85.015278 99999.999 9999.999 999.999 0.999
 85.085417  85.099306 99999.999 9999.999 999.999 0.999
 85.127083  85.140972 99999.999 9999.999 999.999 0.999
 85.210417  85.224306 99999.999 9999.999 999.999 0.999
 85.252083  85.265972 99999.999 9999.999 999.999 0.999
 85.335417  85.349306 99999.999 9999.999 999.999 0.999
 85.377083  85.390972 99999.999 9999.999 999.999 0.999
 85.460417  85.474306 99999.999 9999.999 999.999 0.999
 85.502083  85.515972 99999.999 9999.999 999.999 0.999
 85.585417  85.599306 99999.999 9999.999 999.999 0.999
 85.627083  85.640972 99999.999 9999.999 999.999 0.999
 85.710417  85.724306 99999.999 9999.999 999.999 0.999
 85.752083  85.765972 99999.999 9999.999 999.999 0.999
 85.835417  85.849306 99999.999 9999.999 999.999 0.999
 85.877083  85.890972 99999.999 9999.999 999.999 0.999
 85.960417  85.974306 99999.999 9999.999 999.999 0.999
 86.002083  86.015972 99999.999 9999.999 999.999 0.999
 86.085417  86.099306 99999.999 9999.999 999.999 0.999
 86.127083  86.140972 99999.999 9999.999 999.999 0.999
 86.210417  86.224306 99999.999 9999.999 999.999 0.999
 86.252083  86.265972 99999.999 9999.999 999.999 0.999
 86.335417  86.349306 99999.999 9999.999 999.999 0.999
 86.377083  86.390972 99999.999 9999.999 999.999 0.999
 86.460417  86.474306 99999.999 9999.999 999.999 0.999
 86.502083  86.515972 99999.999 9999.999 999.999 0.999
 86.585417  86.599306 99999.999 9999.999 999.999 0.999
 86.627083  86.640972 99999.999 9999.999 999.999 0.999
 86.710417  86.724306 99999.999 9999.999 999.999 0.999
 86.752083  86.765972 99999.999 9999.999 999.999 0.999
 86.835417  86.849306 99999.999 9999.999 999.999 0.999
 86.877083  86.890972 99999.999 9999.999 999.999 0.999
 86.960417  86.974306 99999.999 9999.999 999.999 0.999
 87.002083  87.015972 99999.999 9999.999 999.999 0.999
 87.085417  87.099306 99999.999 9999.999 999.999 0.999
 87.127083  87.140972 99999.999 9999.999 999.999 0.999
 87.210417  87.224306 99999.999 9999.999 999.999 0.999
 87.252083  87.265972 99999.999 9999.999 999.999 0.999
 87.335417  87.349306 99999.999 9999.999 999.999 0.999
 87.377083  87.390972 99999.999 9999.999 999.999 0.999
 87.460417  87.474306 99999.999 9999.999 999.999 0.999
 87.502083  87.515972 99999.999 9999.999 999.999 0.999
 87.585417  87.599306 99999.999 9999.999 999.999 0.999
 87.627083  87.640972 99999.999 9999.999 999.999 0.999
 87.918750  87.932639 99999.999 9999.999 999.999 0.999
 87.960417  87.974306 99999.999 9999.999 999.999 0.999
 88.043750  88.057639 99999.999 9999.999 999.999 0.999
 88.085417  88.099306 99999.999 9999.999 999.999 0.999
 88.168750  88.182639 99999.999 9999.999 999.999 0.999
 88.210417  88.224306 99999.999 9999.999 999.999 0.999
 88.293750  88.307639 99999.999 9999.999 999.999 0.999
 88.335417  88.349306 99999.999 9999.999 999.999 0.999
 88.418750  88.432639 99999.999 9999.999 999.999 0.999
 88.460417  88.474306 99999.999 9999.999 999.999 0.999
 88.543750  88.557639 99999.999 9999.999 999.999 0.999
 88.585417  88.599306 99999.999 9999.999 999.999 0.999
 88.668750  88.682639 99999.999 9999.999 999.999 0.999
 88.710417  88.724306 99999.999 9999.999 999.999 0.999
 88.793750  88.807639 99999.999 9999.999 999.999 0.999
 88.835417  88.849306 99999.999 9999.999 999.999 0.999
 88.918750  88.932639 99999.999 9999.999 999.999 0.999
 88.960417  88.974306 99999.999 9999.999 999.999 0.999
 89.043750  89.057639 99999.999 9999.999 999.999 0.999
 89.085417  89.099306 99999.999 9999.999 999.999 0.999
 89.168750  89.182639 99999.999 9999.999 999.999 0.999
 89.210417  89.224306 99999.999 9999.999 999.999 0.999
 89.293750  89.307639 99999.999 9999.999 999.999 0.999
 89.335417  89.349306 99999.999 9999.999 999.999 0.999
 89.418750  89.432639 99999.999 9999.999 999.999 0.999
 89.460417  89.474306 99999.999 9999.999 999.999 0.999
 89.543750  89.557639 99999.999 9999.999 999.999 0.999
 89.585417  89.599306 99999.999 9999.999 999.999 0.999
 89.668750  89.682639 99999.999 9999.999 999.999 0.999
 89.710417  89.724306 99999.999 9999.999 999.999 0.999
