data/obs/c2h6/WDCGG/event/CH0005R.20110101001000.20160915102628.online_gc.ethane.air.1y.2h.CH01L_Agilent_ADS-GC-FID_cn10450060_RIG.CH01L_ADS_GC_FID_VOCAIR_RIGI.lev2.nas
67 1001
Hill, Matz; Reimann, Stefan
CH01L, Swiss Federal Laboratories for Materials Science and Technology, EMPA, Section Air Pollution, Überlandstrasse 133, , 8600, Dübendorf, Switzerland
Hill, Matz
ACTRIS EMEP GAW-WDCRG
1 1
2011 01 01 2016 09 15
0
days from file reference point
5
1 1 1 1 1
999.999999 99999 9999 999 9.999
end_time of measurement, days from the file reference point
ethane, pmol/mol, Statistics=arithmetic mean, Data level=, Standard method=, Calibration scale=, Inlet type=, Detection limit=9.0 pmol/mol
ethane, pmol/mol, Revision date=20150330000000, Statistics=expanded uncertainty 2sigma
ethane, pmol/mol, Revision date=20150330000000, Statistics=precision
numflag, no unit
0
48
Data definition:              EBAS_1.1
Set type code:                TI
Timezone:                     UTC
File name:                    CH0005R.20110101001000.20160915102628.online_gc.ethane.air.1y.2h.CH01L_Agilent_ADS-GC-FID_cn10450060_RIG.CH01L_ADS_GC_FID_VOCAIR_RIGI.lev2.nas
File creation:                20190306184552
Startdate:                    20110101001000
Revision date:                20160915102628
Version:                      2
Version description:          initial revision, manually inspected, removed all data for butenes and pentenes
Data level:                   2
Period code:                  1y
Resolution code:              2h
Sample duration:              40mn
Station code:                 CH0005R
Platform code:                CH0005S
Station name:                 Rigi
Station GAW-ID:               RIG
Station latitude:             47.0675
Station longitude:            8.463889
Station altitude:             1031.0m
Measurement height:           3.0m
Regime:                       IMG
Component:                    ethane
Unit:                         pmol/mol
Matrix:                       air
Instrument type:              online_gc
Laboratory code:              CH01L
Instrument name:              Agilent_ADS-GC-FID_cn10450060_RIG
Instrument manufacturer:      Agilent
Instrument model:             6890GC/FID
Instrument serial number:     cn10450060
Method ref:                   CH01L_ADS_GC_FID_VOCAIR_RIGI
Standard method:              None
Calibration scale:            NPL
Inlet type:                   Hat or hood
Inlet description:            ambient air is brought into the cabin through a main inlet line at a flow rate of 300 lpm. From the main inlet line short stainless steel tubes are used to bring the air samples to the instruments.
Volume std. temperature:      273.15 K
Volume std. pressure:         1013.25 hPa
Detection limit expl.:        Determined by instrument counting statistics, no detection limit flag used
Measurement uncertainty expl.: Includes reproducibility (precision) + systematic errors (accuracy)
Zero/negative values code:    Zero/negative impossible
Zero/negative values:         Zero and neg. values don't appear because data was processed and zero/neg data taken out
Originator:                   Hill, Matz, matthias.hill@empa.ch, Swiss Federal Laboratories for Materials Science and Technology, Empa, Air Pollution/Environmental Technology, Ueberlandstrasse 129, , CH-8600, Duebendorf, Switzerland
Originator:                   Reimann, Stefan, , , , , , , , , 
Submitter:                    Hill, Matz, matthias.hill@empa.ch, Swiss Federal Laboratories for Materials Science and Technology, Empa, Air Pollution/Environmental Technology, Ueberlandstrasse 129, , CH-8600, Duebendorf, Switzerland
Acknowledgement:              Request acknowledgement details from data originator
Comment:                      "No SOP currently available, o3 not removed, nafion dryer, Calibration interval:1/two weeks"
starttime endtime C2H6 C2H6 C2H6 flag
[from data line 745]
 62.611111  62.638889  4697  107  26 0.000
 62.694444  62.722222  4493  103  25 0.000
 62.777778  62.805556  3971   91  22 0.000
 62.861111  62.888889  4112   94  23 0.000
 62.944444  62.972222  3973   91  22 0.000
 63.027778  63.055556  4265   98  24 0.000
 63.111111  63.138889  3756   86  21 0.000
 63.194444  63.222222  3825   88  22 0.000
 63.277778  63.305556  3753   86  21 0.000
 63.361111  63.388889  3767   87  21 0.000
 63.444444  63.472222  4728  108  26 0.000
 63.527778  63.555556  4749  108  26 0.000
 63.611111  63.638889  4884  111  27 0.000
 63.694444  63.722222  4602  105  25 0.000
 63.861111  63.888889  3861   89  22 0.000
 63.944444  63.972222  4146   95  23 0.000
 64.027778  64.055556  3938   90  22 0.000
 64.111111  64.138889  4016   92  23 0.000
 64.194444  64.222222  3992   92  22 0.000
 64.277778  64.305556  4045   93  23 0.000
 64.361111  64.388889  4370  100  24 0.000
 64.444444  64.472222  4616  105  26 0.000
 64.527778  64.555556  4302   99  24 0.000
 64.611111  64.638889  3909   90  22 0.000
 64.694444  64.722222  3073   71  18 0.000
 64.777778  64.805556  3083   71  18 0.000
 64.861111  64.888889  3038   70  18 0.000
 64.944444  64.972222  2664   62  16 0.000
 65.027778  65.055556  2694   63  16 0.000
 65.111111  65.138889  2855   66  17 0.000
 65.194444  65.222222  2685   63  16 0.000
 65.277778  65.305556  2716   63  16 0.000
 65.361111  65.388889  2657   62  16 0.000
 65.444444  65.472222  2674   62  16 0.000
 65.527778  65.555556  2666   62  16 0.000
 65.611111  65.638889  2658   62  16 0.000
 65.694444  65.722222  2645   62  16 0.000
 65.777778  65.805556  2586   60  16 0.000
 65.861111  65.888889  2541   59  15 0.000
 65.944444  65.972222  2545   60  15 0.000
 66.027778  66.055556  2082   49  13 0.000
 66.111111  66.138889  2224   52  14 0.000
 66.194444  66.222222  2742   64  16 0.000
 66.277778  66.305556  2853   66  17 0.000
 66.361111  66.388889  2408   56  15 0.000
 66.444444  66.472222  2682   63  16 0.000
 66.527778  66.555556  2864   67  17 0.000
 66.611111  66.638889  2931   68  17 0.000
 66.694444  66.722222  2939   68  17 0.000
 66.777778  66.805556  2913   68  17 0.000
 66.861111  66.888889  2850   66  17 0.000
 66.944444  66.972222  2754   64  16 0.000
 67.027778  67.055556  3079   71  18 0.000
 67.111111  67.138889  2881   67  17 0.000
 67.194444  67.222222  2883   67  17 0.000
 67.277778  67.305556  2761   64  16 0.000
 67.361111  67.388889  2696   63  16 0.000
 67.444444  67.472222  2831   66  17 0.000
 67.527778  67.555556  2577   60  16 0.000
 67.611111  67.638889  2772   65  17 0.000
 67.694444  67.722222  2637   62  16 0.000
 67.777778  67.805556  2624   61  16 0.000
 67.861111  67.888889  2364   56  15 0.000
 67.944444  67.972222  2465   58  15 0.000
 68.027778  68.055556  2538   59  15 0.000
 68.111111  68.138889  2432   57  15 0.000
 68.194444  68.222222  2361   55  15 0.000
 68.277778  68.305556  2316   54  14 0.000
 68.361111  68.388889  2318   54  14 0.000
 68.444444  68.472222  2489   58  15 0.000
 68.527778  68.555556  2339   55  14 0.000
 68.611111  68.638889  2319   55  14 0.000
 68.694444  68.722222  2299   54  14 0.000
 68.777778  68.805556  2348   55  14 0.000
 68.861111  68.888889  2380   56  15 0.000
 68.944444  68.972222  2332   55  14 0.000
 69.027778  69.055556  2388   56  15 0.000
 69.111111  69.138889  2471   58  15 0.000
 69.194444  69.222222  2390   56  15 0.000
 69.277778  69.305556  2411   57  15 0.000
 69.361111  69.388889  2417   57  15 0.000
 69.444444  69.472222  2415   57  15 0.000
 69.527778  69.555556  2382   56  15 0.000
 69.611111  69.638889  2406   56  15 0.000
 69.694444  69.722222  2430   57  15 0.000
 69.777778  69.805556  2422   57  15 0.000
 69.861111  69.888889  2335   55  14 0.000
 69.944444  69.972222  2270   53  14 0.000
 70.027778  70.055556  2272   53  14 0.000
 70.111111  70.138889  2151   51  13 0.000
 70.194444  70.222222  2266   53  14 0.000
 70.277778  70.305556  2211   52  14 0.000
 70.361111  70.388889  2300   54  14 0.000
 70.444444  70.472222  2445   57  15 0.000
 70.527778  70.555556  2538   59  15 0.000
 70.611111  70.638889  2243   53  14 0.000
 70.694444  70.722222  1943   46  12 0.000
 70.777778  70.805556  2045   48  13 0.000
 70.861111  70.888889  2050   49  13 0.000
 70.944444  70.972222  2233   53  14 0.000
 71.027778  71.055556  2866   67  17 0.000
 71.111111  71.138889  2549   60  15 0.000
 71.194444  71.222222  2283   54  14 0.000
 71.277778  71.305556  2128   50  13 0.000
 71.361111  71.388889  2153   51  14 0.000
 71.444444  71.472222  2120   50  13 0.000
 71.527778  71.555556  2055   49  13 0.000
 71.611111  71.638889  2036   48  13 0.000
 71.694444  71.722222  2027   48  13 0.000
 71.777778  71.805556  2257   53  14 0.000
 71.861111  71.888889  2705   63  16 0.000
 71.944444  71.972222  2313   54  14 0.000
 72.027778  72.055556  2330   55  14 0.000
 72.111111  72.138889  2553   60  15 0.000
 72.194444  72.222222  2473   58  15 0.000
 72.277778  72.305556  2330   55  14 0.000
 72.361111  72.388889  2559   60  15 0.000
 72.444444  72.472222  2220   52  14 0.000
 72.527778  72.555556  2175   51  14 0.000
 72.611111  72.638889  2028   48  13 0.000
 72.694444  72.722222  2083   49  13 0.000
 72.777778  72.805556  1941   46  12 0.000
 72.861111  72.888889  1924   46  12 0.000
 72.944444  72.972222  1950   46  13 0.000
 73.027778  73.055556  1972   47  13 0.000
 73.111111  73.138889  1953   46  13 0.000
 73.194444  73.222222  2034   48  13 0.000
 73.277778  73.305556  2044   48  13 0.000
 73.361111  73.388889  1977   47  13 0.000
 73.444444  73.472222  1868   45  12 0.000
 73.527778  73.555556  1905   45  12 0.000
 73.611111  73.638889  1765   42  12 0.000
 73.694444  73.722222  1726   41  11 0.000
 73.777778  73.805556  1721   41  11 0.000
 73.861111  73.888889  1708   41  11 0.000
 73.944444  73.972222  1733   42  11 0.000
 74.027778  74.055556  1768   42  12 0.000
 74.111111  74.138889  1783   43  12 0.000
 74.194444  74.222222  1751   42  12 0.000
 74.277778  74.305556  1825   44  12 0.000
 74.361111  74.388889  2015   48  13 0.000
 74.444444  74.472222  2259   53  14 0.000
 74.527778  74.555556  2465   58  15 0.000
 74.611111  74.638889  2514   59  15 0.000
 74.694444  74.722222  2566   60  16 0.000
 74.777778  74.805556  2550   60  15 0.000
 74.861111  74.888889  2800   65  17 0.000
 74.944444  74.972222  2772   65  17 0.000
 75.027778  75.055556  2657   62  16 0.000
 75.111111  75.138889  2852   66  17 0.000
 75.194444  75.222222  2966   69  17 0.000
 75.277778  75.305556  2851   66  17 0.000
 75.361111  75.388889  2441   57  15 0.000
 75.444444  75.472222  2805   65  17 0.000
 75.527778  75.555556  3253   75  19 0.000
 75.611111  75.638889  3594   83  21 0.000
 75.694444  75.722222  3644   84  21 0.000
 75.777778  75.805556  3335   77  19 0.000
 75.861111  75.888889  3162   73  18 0.000
 75.944444  75.972222  2950   68  17 0.000
 76.027778  76.055556  2896   67  17 0.000
 76.111111  76.138889  2937   68  17 0.000
 76.194444  76.222222  2958   69  17 0.000
 76.277778  76.305556  3047   71  18 0.000
 76.361111  76.388889  2945   68  17 0.000
 76.444444  76.472222  2925   68  17 0.000
 76.527778  76.555556  2807   65  17 0.000
 76.611111  76.638889  2858   66  17 0.000
 76.694444  76.722222  2733   64  16 0.000
 76.777778  76.805556  2715   63  16 0.000
 76.861111  76.888889  2739   64  16 0.000
 76.944444  76.972222  2785   65  17 0.000
 77.027778  77.055556  2431   57  15 0.000
 77.111111  77.138889  2480   58  15 0.000
 77.194444  77.222222  2227   52  14 0.000
 77.277778  77.305556  2240   53  14 0.000
 77.361111  77.388889  2227   52  14 0.000
 77.444444  77.472222  2375   56  15 0.000
 77.527778  77.555556  2640   62  16 0.000
 77.611111  77.638889  2639   62  16 0.000
 77.694444  77.722222  2589   60  16 0.000
 77.777778  77.805556  2513   59  15 0.000
 77.861111  77.888889  2498   58  15 0.000
 77.944444  77.972222  2421   57  15 0.000
 78.027778  78.055556  2365   56  15 0.000
 78.111111  78.138889  2412   57  15 0.000
 78.194444  78.222222  2415   57  15 0.000
 78.277778  78.305556  2394   56  15 0.000
 78.361111  78.388889  2568   60  16 0.000
 78.444444  78.472222  2470   58  15 0.000
 78.527778  78.555556  2398   56  15 0.000
 78.611111  78.638889  2311   54  14 0.000
 78.694444  78.722222  2259   53  14 0.000
 78.777778  78.805556  2158   51  14 0.000
 78.861111  78.888889  2174   51  14 0.000
 78.944444  78.972222  2248   53  14 0.000
 79.027778  79.055556  2173   51  14 0.000
 79.111111  79.138889  2232   53  14 0.000
 79.194444  79.222222  2275   54  14 0.000
 79.277778  79.305556  2250   53  14 0.000
 79.361111  79.388889  2395   56  15 0.000
 79.444444  79.472222  2280   54  14 0.000
 79.527778  79.555556  2225   52  14 0.000
 79.611111  79.638889  2164   51  14 0.000
 79.694444  79.722222  2121   50  13 0.000
 79.777778  79.805556  2165   51  14 0.000
 79.861111  79.888889  2163   51  14 0.000
 79.944444  79.972222  2215   52  14 0.000
 80.027778  80.055556  2202   52  14 0.000
 80.111111  80.138889  2237   53  14 0.000
 80.194444  80.222222  2330   55  14 0.000
 80.277778  80.305556  2339   55  14 0.000
 81.368056  81.395833  2437   64  21 0.000
 81.451389  81.479167  2487   65  21 0.000
 81.534722  81.562500  2415   63  20 0.000
 81.618056  81.645833  2230   59  19 0.000
 81.701389  81.729167  2246   59  19 0.000
 81.784722  81.812500  2161   57  19 0.000
 81.868056  81.895833  2200   58  19 0.000
 81.951389  81.979167  2232   59  19 0.000
 82.034722  82.062500  2218   58  19 0.000
 82.118056  82.145833  2178   57  19 0.000
 82.201389  82.229167  2180   57  19 0.000
 82.284722  82.312500  2143   57  18 0.000
 82.368056  82.395833  2236   59  19 0.000
 82.451389  82.479167  2287   60  19 0.000
 82.534722  82.562500  2288   60  19 0.000
 82.618056  82.645833  2273   60  19 0.000
 82.701389  82.729167  2338   61  20 0.000
 82.784722  82.812500  2281   60  19 0.000
 82.868056  82.895833  2227   59  19 0.000
 82.951389  82.979167  2085   55  18 0.000
 83.034722  83.062500  1963   52  17 0.000
 83.118056  83.145833  1971   52  17 0.000
 83.201389  83.229167  1972   52  17 0.000
 83.284722  83.312500  2173   57  19 0.000
 83.368056  83.395833  2121   56  18 0.000
 83.451389  83.479167  2024   54  18 0.000
 83.534722  83.562500  2021   54  18 0.000
 83.618056  83.645833  2034   54  18 0.000
 83.701389  83.729167  2038   54  18 0.000
 83.784722  83.812500  2042   54  18 0.000
 83.868056  83.895833  2244   59  19 0.000
 83.951389  83.979167  2085   55  18 0.000
 84.034722  84.062500  2058   54  18 0.000
 84.118056  84.145833  2004   53  17 0.000
 84.201389  84.229167  1977   52  17 0.000
 84.284722  84.312500  2077   55  18 0.000
 84.368056  84.395833  2158   57  19 0.000
 84.451389  84.479167  2229   59  19 0.000
 84.534722  84.562500  1923   51  17 0.000
 84.618056  84.645833  1920   51  17 0.000
 84.701389  84.729167  1966   52  17 0.000
 84.784722  84.812500  1967   52  17 0.000
 84.868056  84.895833  1954   52  17 0.000
 84.951389  84.979167  1964   52  17 0.000
 85.034722  85.062500  1955   52  17 0.000
 85.118056  85.145833  1952   52  17 0.000
 85.201389  85.229167  1958   52  17 0.000
 85.284722  85.312500  1969   52  17 0.000
 85.368056  85.395833  2164   57  19 0.000
 85.451389  85.479167  2239   59  19 0.000
 85.534722  85.562500  2205   58  19 0.000
 85.618056  85.645833  2239   59  19 0.000
 85.701389  85.729167  2140   56  18 0.000
 85.784722  85.812500  2198   58  19 0.000
 85.868056  85.895833  2136   56  18 0.000
 85.951389  85.979167  2211   58  19 0.000
 86.034722  86.062500  2212   58  19 0.000
 86.118056  86.145833  2075   55  18 0.000
 86.201389  86.229167  1966   52  17 0.000
 86.284722  86.312500  1961   52  17 0.000
 86.368056  86.395833  2005   53  17 0.000
 86.451389  86.479167  2058   54  18 0.000
 86.534722  86.562500  2116   56  18 0.000
 86.618056  86.645833  2122   56  18 0.000
 86.701389  86.729167  2026   54  18 0.000
 86.784722  86.812500  2018   53  18 0.000
 86.868056  86.895833  2005   53  17 0.000
 86.951389  86.979167  2002   53  17 0.000
 87.034722  87.062500  1999   53  17 0.000
 87.118056  87.145833  2017   53  18 0.000
 87.201389  87.229167  2023   54  18 0.000
 87.284722  87.312500  2016   53  17 0.000
 87.368056  87.395833  2092   55  18 0.000
 87.451389  87.479167  2228   59  19 0.000
 87.534722  87.562500  2182   57  19 0.000
 87.618056  87.645833  2010   53  17 0.000
 87.701389  87.729167  1958   52  17 0.000
 87.784722  87.812500  2022   54  18 0.000
 87.868056  87.895833  1974   52  17 0.000
 87.951389  87.979167  1991   53  17 0.000
 88.034722  88.062500  1996   53  17 0.000
 88.118056  88.145833  2070   55  18 0.000
 88.201389  88.229167  2062   55  18 0.000
 88.284722  88.312500  2010   53  17 0.000
 88.368056  88.395833  1971   52  17 0.000
 88.451389  88.479167  1939   51  17 0.000
 88.534722  88.562500  1867   50  16 0.000
 88.618056  88.645833  1848   49  16 0.000
 88.701389  88.729167  1856   49  16 0.000
 88.784722  88.812500  1814   48  16 0.000
 88.868056  88.895833  1820   49  16 0.000
 88.951389  88.979167  1820   49  16 0.000
 89.034722  89.062500  1830   49  16 0.000
 89.118056  89.145833  1860   50  16 0.000
 89.201389  89.229167  1843   49  16 0.000
 89.284722  89.312500  1829   49  16 0.000
 89.368056  89.395833  1875   50  16 0.000
 89.451389  89.479167  1833   49  16 0.000
 89.534722  89.562500  1899   51  17 0.000
 89.618056  89.645833  1633   44  15 0.000
 89.701389  89.729167  1597   43  14 0.000
 89.868056  89.895833  1713   46  15 0.000
 89.951389  89.979167  1397   38  13 0.000
 90.034722  90.062500  1430   39  13 0.000
 90.118056  90.145833  1340   37  13 0.000
 90.201389  90.229167  1213   34  12 0.000
 90.284722  90.312500  1272   35  12 0.000
 90.368056  90.395833  1350   37  13 0.000
 90.451389  90.479167  1274   35  12 0.000
 90.534722  90.562500  1197   33  12 0.000
 90.618056  90.645833  1222   34  12 0.000
 90.701389  90.729167  1196   33  12 0.000
 90.784722  90.812500  1221   34  12 0.000
 90.868056  90.895833  1239   34  12 0.000
 90.951389  90.979167  1242   34  12 0.000
 91.034722  91.062500  1248   35  12 0.000
 91.118056  91.145833  1247   35  12 0.000
 91.201389  91.229167  1172   33  11 0.000
 91.284722  91.312500  1159   32  11 0.000
 91.368056  91.395833  1206   34  12 0.000
 91.451389  91.479167  1355   37  13 0.000
 91.534722  91.562500  1221   34  12 0.000
 91.618056  91.645833  1192   33  12 0.000
 91.701389  91.729167  1211   34  12 0.000
 91.784722  91.812500  1194   33  12 0.000
 91.868056  91.895833  1178   33  11 0.000
 91.951389  91.979167  1171   33  11 0.000
 91.993056  92.020833  1205   34  12 0.000
 92.118056  92.145833  1279   35  12 0.000
 92.201389  92.229167  1242   34  12 0.000
 92.284722  92.312500  1273   35  12 0.000
 92.368056  92.395833  1478   40  14 0.000
 92.451389  92.479167  1492   41  14 0.000
 92.534722  92.562500  1423   39  13 0.000
 92.618056  92.645833  1277   35  12 0.000
 92.701389  92.729167  1350   37  13 0.000
 92.784722  92.812500  1366   37  13 0.000
 92.868056  92.895833  1294   36  12 0.000
 92.951389  92.979167  1260   35  12 0.000
 93.034722  93.062500  1298   36  12 0.000
 93.118056  93.145833  1318   36  12 0.000
 93.201389  93.229167  1651   44  15 0.000
 93.284722  93.312500  1718   46  15 0.000
 93.368056  93.395833  1821   49  16 0.000
 93.451389  93.479167  1805   48  16 0.000
 93.534722  93.562500  1818   49  16 0.000
 93.618056  93.645833  1786   48  16 0.000
 93.701389  93.729167  1783   48  16 0.000
 93.784722  93.812500  1758   47  16 0.000
 93.868056  93.895833  1762   47  16 0.000
 93.951389  93.979167  1774   47  16 0.000
 94.034722  94.062500  1787   48  16 0.000
 94.118056  94.145833  1788   48  16 0.000
 94.201389  94.229167  1817   49  16 0.000
 94.284722  94.312500  1802   48  16 0.000
 94.368056  94.395833  1809   48  16 0.000
 94.451389  94.479167  1815   48  16 0.000
 94.534722  94.562500  1761   47  16 0.000
 94.618056  94.645833  1791   48  16 0.000
