data/obs/c2h6/WDCGG/event/CH0005R.20130101001000.20160915102628.online_gc.ethane.air.1y.2h.CH01L_Agilent_ADS-GC-FID_cn10450060_RIG.CH01L_ADS_GC_FID_VOCAIR_RIGI.lev2.nas
67 1001
Hill, Matz; Reimann, Stefan
CH01L, Swiss Federal Laboratories for Materials Science and Technology, EMPA, Section Air Pollution, Überlandstrasse 133, , 8600, Dübendorf, Switzerland
Hill, Matz
ACTRIS EMEP GAW-WDCRG
1 1
2013 01 01 2016 09 15
0
days from file reference point
5
1 1 1 1 1
999.999999 99999 999 999 9.999
end_time of measurement, days from the file reference point
ethane, pmol/mol, Statistics=arithmetic mean, Data level=, Standard method=, Calibration scale=, Inlet type=, Detection limit=7.0 pmol/mol
ethane, pmol/mol, Revision date=20150818075036, Statistics=expanded uncertainty 2sigma
ethane, pmol/mol, Revision date=20150818075036, Statistics=precision
numflag, no unit
0
48
Data definition:              EBAS_1.1
Set type code:                TI
Timezone:                     UTC
File name:                    CH0005R.20130101001000.20160915102628.online_gc.ethane.air.1y.2h.CH01L_Agilent_ADS-GC-FID_cn10450060_RIG.CH01L_ADS_GC_FID_VOCAIR_RIGI.lev2.nas
File creation:                20190306184553
Startdate:                    20130101001000
Revision date:                20160915102628
Version:                      2
Version description:          initial revision, manually inspected, removed all data for butenes and pentenes
Data level:                   2
Period code:                  1y
Resolution code:              2h
Sample duration:              40mn
Station code:                 CH0005R
Platform code:                CH0005S
Station name:                 Rigi
Station GAW-ID:               RIG
Station latitude:             47.0675
Station longitude:            8.463889
Station altitude:             1031.0m
Measurement height:           3.0m
Regime:                       IMG
Component:                    ethane
Unit:                         pmol/mol
Matrix:                       air
Instrument type:              online_gc
Laboratory code:              CH01L
Instrument name:              Agilent_ADS-GC-FID_cn10450060_RIG
Instrument manufacturer:      Agilent
Instrument model:             6890GC/FID
Instrument serial number:     cn10450060
Method ref:                   CH01L_ADS_GC_FID_VOCAIR_RIGI
Standard method:              None
Calibration scale:            NPL
Inlet type:                   Hat or hood
Inlet description:            ambient air is brought into the cabin through a main inlet line at a flow rate of 300 lpm. From the main inlet line short stainless steel tubes are used to bring the air samples to the instruments.
Volume std. temperature:      273.15 K
Volume std. pressure:         1013.25 hPa
Detection limit expl.:        Determined by instrument counting statistics, no detection limit flag used
Measurement uncertainty expl.: Includes reproducibility (precision) + systematic errors (accuracy)
Zero/negative values code:    Zero/negative impossible
Zero/negative values:         Zero and neg. values don't appear because data was processed and zero/neg data taken out
Originator:                   Hill, Matz, matthias.hill@empa.ch, Swiss Federal Laboratories for Materials Science and Technology, Empa, Air Pollution/Environmental Technology, Ueberlandstrasse 129, , CH-8600, Duebendorf, Switzerland
Originator:                   Reimann, Stefan, , , , , , , , , 
Submitter:                    Hill, Matz, matthias.hill@empa.ch, Swiss Federal Laboratories for Materials Science and Technology, Empa, Air Pollution/Environmental Technology, Ueberlandstrasse 129, , CH-8600, Duebendorf, Switzerland
Acknowledgement:              Request acknowledgement details from data originator
Comment:                      "No SOP currently available, o3 not removed, nafion dryer, Calibration interval:1/two weeks"
starttime endtime C2H6 C2H6 C2H6 flag
[from data line 2667]
247.888889 247.916667   825  18   4 0.000
247.972222 248.000000   827  18   4 0.000
248.055556 248.083333   836  18   4 0.000
248.138889 248.166667   802  18   4 0.000
248.222222 248.250000   839  18   4 0.000
248.305556 248.333333   833  18   4 0.000
248.388889 248.416667   831  18   4 0.000
248.472222 248.500000   852  19   4 0.000
248.555556 248.583333   785  17   4 0.000
248.638889 248.666667   759  17   4 0.000
248.722222 248.750000   777  17   4 0.000
248.805556 248.833333   785  17   4 0.000
248.888889 248.916667   808  18   4 0.000
248.972222 249.000000   809  18   4 0.000
249.062500 249.090278   798  18   4 0.000
249.145833 249.173611   798  18   4 0.000
249.229167 249.256944   795  17   4 0.000
249.312500 249.340278   818  18   4 0.000
249.395833 249.423611   824  18   4 0.000
249.479167 249.506944   795  17   4 0.000
249.562500 249.590278   815  18   4 0.000
249.645833 249.673611   846  18   4 0.000
249.729167 249.756944   861  19   4 0.000
249.812500 249.840278   865  19   4 0.000
249.895833 249.923611   893  19   4 0.000
249.979167 250.006944   730  16   4 0.000
250.062500 250.090278   659  15   3 0.000
250.145833 250.173611   665  15   3 0.000
250.229167 250.256944   657  15   3 0.000
250.312500 250.340278   648  15   3 0.000
250.395833 250.423611   693  16   4 0.000
250.479167 250.506944   668  15   3 0.000
250.562500 250.590278   649  15   3 0.000
250.645833 250.673611   629  14   3 0.000
250.729167 250.756944   623  14   3 0.000
250.812500 250.840278   629  14   3 0.000
250.895833 250.923611   668  15   3 0.000
250.979167 251.006944   693  16   4 0.000
251.062500 251.090278   702  16   4 0.000
251.145833 251.173611   710  16   4 0.000
251.229167 251.256944   766  17   4 0.000
251.312500 251.340278   725  16   4 0.000
251.395833 251.423611   720  16   4 0.000
251.479167 251.506944   713  16   4 0.000
251.562500 251.590278   716  16   4 0.000
251.645833 251.673611   764  17   4 0.000
251.736111 251.763889   795  17   4 0.000
251.819444 251.847222   733  16   4 0.000
251.902778 251.930556   767  17   4 0.000
251.986111 252.013889   765  17   4 0.000
252.069444 252.097222   768  17   4 0.000
252.152778 252.180556   745  17   4 0.000
252.236111 252.263889   764  17   4 0.000
252.319444 252.347222   788  17   4 0.000
252.402778 252.430556   829  18   4 0.000
252.486111 252.513889   789  17   4 0.000
252.569444 252.597222   868  19   4 0.000
252.652778 252.680556   837  18   4 0.000
252.736111 252.763889   832  18   4 0.000
252.819444 252.847222   846  18   4 0.000
252.902778 252.930556   838  18   4 0.000
252.986111 253.013889   851  19   4 0.000
253.069444 253.097222   901  20   4 0.000
253.152778 253.180556   922  20   4 0.000
253.236111 253.263889   922  20   4 0.000
253.319444 253.347222   911  20   4 0.000
253.402778 253.430556  1010  22   4 0.000
253.486111 253.513889  1428  30   4 0.000
253.569444 253.597222   999  21   4 0.000
253.652778 253.680556   967  21   4 0.000
253.736111 253.763889   963  21   4 0.000
253.819444 253.847222   983  21   4 0.000
253.902778 253.930556   965  21   4 0.000
253.986111 254.013889   973  21   4 0.000
254.069444 254.097222   942  20   4 0.000
254.152778 254.180556   930  20   4 0.000
254.236111 254.263889   969  21   4 0.000
254.319444 254.347222  1005  22   4 0.000
254.402778 254.430556  1010  22   4 0.000
254.493056 254.520833   980  21   4 0.000
254.576389 254.604167   996  21   4 0.000
254.659722 254.687500   955  21   4 0.000
254.743056 254.770833   978  21   4 0.000
254.826389 254.854167   981  21   4 0.000
254.909722 254.937500   975  21   4 0.000
254.993056 255.020833   971  21   4 0.000
255.076389 255.104167   973  21   4 0.000
255.159722 255.187500   974  21   4 0.000
255.243056 255.270833   985  21   4 0.000
255.326389 255.354167   996  21   4 0.000
255.409722 255.437500   983  21   4 0.000
255.493056 255.520833   995  21   4 0.000
255.576389 255.604167   966  21   4 0.000
255.659722 255.687500   978  21   4 0.000
255.743056 255.770833   985  21   4 0.000
255.826389 255.854167  1002  22   4 0.000
255.909722 255.937500   963  21   4 0.000
255.993056 256.020833   982  21   4 0.000
256.076389 256.104167   958  21   4 0.000
256.159722 256.187500   937  20   4 0.000
256.243056 256.270833   929  20   4 0.000
256.326389 256.354167   915  20   4 0.000
256.409722 256.437500   866  19   4 0.000
256.493056 256.520833   894  19   4 0.000
256.576389 256.604167   820  18   4 0.000
256.659722 256.687500   740  16   4 0.000
256.743056 256.770833   775  17   4 0.000
256.826389 256.854167   771  17   4 0.000
256.909722 256.937500   685  15   4 0.000
256.993056 257.020833   701  16   4 0.000
257.076389 257.104167   709  16   4 0.000
257.159722 257.187500   707  16   4 0.000
257.250000 257.277778   691  16   4 0.000
257.333333 257.361111   706  16   4 0.000
257.416667 257.444444   751  17   4 0.000
257.500000 257.527778   759  17   4 0.000
257.583333 257.611111   812  18   4 0.000
257.666667 257.694444   885  19   4 0.000
257.750000 257.777778  1040  22   4 0.000
257.833333 257.861111  1149  24   4 0.000
257.916667 257.944444  1205  25   4 0.000
258.000000 258.027778  1264  27   4 0.000
258.083333 258.111111  1294  27   4 0.000
258.166667 258.194444  1241  26   4 0.000
258.250000 258.277778  1227  26   4 0.000
258.333333 258.361111  1156  25   4 0.000
258.416667 258.444444  1176  25   4 0.000
258.500000 258.527778  1149  24   4 0.000
258.583333 258.611111  1177  25   4 0.000
258.666667 258.694444  1026  22   4 0.000
258.750000 258.777778   923  20   4 0.000
258.833333 258.861111   899  20   4 0.000
258.916667 258.944444   848  19   4 0.000
259.000000 259.027778   792  17   4 0.000
259.083333 259.111111   804  18   4 0.000
259.166667 259.194444   802  18   4 0.000
259.250000 259.277778   794  17   4 0.000
259.333333 259.361111   833  18   4 0.000
259.416667 259.444444   811  18   4 0.000
259.500000 259.527778   804  18   4 0.000
259.583333 259.611111   815  18   4 0.000
259.666667 259.694444   836  18   4 0.000
259.750000 259.777778   832  18   4 0.000
259.833333 259.861111   843  18   4 0.000
259.916667 259.944444   804  18   4 0.000
260.006944 260.034722   706  16   4 0.000
260.090278 260.118056   621  14   3 0.000
260.173611 260.201389   597  14   3 0.000
260.256944 260.284722   589  14   3 0.000
260.340278 260.368056   600  14   3 0.000
260.423611 260.451389   627  14   3 0.000
260.506944 260.534722   657  15   3 0.000
260.590278 260.618056   730  16   4 0.000
260.673611 260.701389   726  16   4 0.000
260.756944 260.784722   729  16   4 0.000
260.840278 260.868056   774  17   4 0.000
260.923611 260.951389   816  18   4 0.000
261.006944 261.034722   821  18   4 0.000
261.090278 261.118056   849  19   4 0.000
261.173611 261.201389   897  19   4 0.000
261.256944 261.284722   917  20   4 0.000
261.340278 261.368056   918  20   4 0.000
261.423611 261.451389   936  20   4 0.000
261.506944 261.534722   932  20   4 0.000
261.590278 261.618056   919  20   4 0.000
261.673611 261.701389   926  20   4 0.000
261.756944 261.784722   925  20   4 0.000
261.840278 261.868056   922  20   4 0.000
261.923611 261.951389   946  20   4 0.000
262.006944 262.034722   972  21   4 0.000
262.090278 262.118056   980  21   4 0.000
262.173611 262.201389   940  20   4 0.000
262.256944 262.284722   930  20   4 0.000
262.340278 262.368056   932  20   4 0.000
262.423611 262.451389  1092  23   4 0.000
262.506944 262.534722  1036  22   4 0.000
262.590278 262.618056   966  21   4 0.000
262.673611 262.701389   977  21   4 0.000
262.763889 262.791667   932  20   4 0.000
262.847222 262.875000   922  20   4 0.000
262.930556 262.958333   905  20   4 0.000
263.013889 263.041667   910  20   4 0.000
263.097222 263.125000   912  20   4 0.000
263.180556 263.208333   918  20   4 0.000
263.263889 263.291667   920  20   4 0.000
263.347222 263.375000   943  20   4 0.000
263.430556 263.458333  1053  23   4 0.000
263.513889 263.541667  1047  22   4 0.000
263.597222 263.625000   990  21   4 0.000
263.680556 263.708333  1047  22   4 0.000
263.763889 263.791667  1005  22   4 0.000
263.847222 263.875000  1014  22   4 0.000
263.930556 263.958333  1002  22   4 0.000
264.013889 264.041667   935  20   4 0.000
264.097222 264.125000   942  20   4 0.000
264.180556 264.208333   929  20   4 0.000
264.263889 264.291667   922  20   4 0.000
264.347222 264.375000   932  20   4 0.000
264.430556 264.458333  1106  24   4 0.000
264.513889 264.541667  1123  24   4 0.000
264.597222 264.625000  1216  26   4 0.000
264.680556 264.708333  1123  24   4 0.000
264.763889 264.791667  1031  22   4 0.000
264.847222 264.875000   958  21   4 0.000
264.930556 264.958333   909  20   4 0.000
265.013889 265.041667   868  19   4 0.000
265.097222 265.125000   932  20   4 0.000
269.472222 269.500000   888  19   3 0.000
269.555556 269.583333   941  20   3 0.000
269.638889 269.666667   960  20   3 0.000
269.722222 269.750000   949  20   3 0.000
269.805556 269.833333   961  20   3 0.000
269.888889 269.916667   930  20   3 0.000
269.972222 270.000000   909  19   3 0.000
270.055556 270.083333   896  19   3 0.000
270.138889 270.166667   896  19   3 0.000
270.222222 270.250000   887  19   3 0.000
270.305556 270.333333   874  19   3 0.000
270.388889 270.416667   951  20   3 0.000
270.472222 270.500000  1048  22   3 0.000
270.555556 270.583333  1035  22   3 0.000
270.638889 270.666667   845  18   3 0.000
270.722222 270.750000   861  18   3 0.000
270.805556 270.833333   944  20   3 0.000
270.888889 270.916667   972  21   3 0.000
270.979167 271.006944  1264  26   4 0.000
271.062500 271.090278  1357  28   4 0.000
271.145833 271.173611  1326  27   4 0.000
271.229167 271.256944  1348  28   4 0.000
271.312500 271.340278  1321  27   4 0.000
271.395833 271.423611  1258  26   4 0.000
271.479167 271.506944  1306  27   4 0.000
271.562500 271.590278  1343  28   4 0.000
271.645833 271.673611  1375  28   4 0.000
271.729167 271.756944  1438  30   4 0.000
271.812500 271.840278  1481  31   4 0.000
271.895833 271.923611  1416  29   4 0.000
271.979167 272.006944  1469  30   4 0.000
272.062500 272.090278  1445  30   4 0.000
272.145833 272.173611  1455  30   4 0.000
272.229167 272.256944  1307  27   4 0.000
272.312500 272.340278  1520  31   4 0.000
272.395833 272.423611  1618  33   4 0.000
272.479167 272.506944  1591  33   4 0.000
272.562500 272.590278  1455  30   4 0.000
272.645833 272.673611  1245  26   4 0.000
272.729167 272.756944  1525  31   4 0.000
272.812500 272.840278  1471  30   4 0.000
272.895833 272.923611  1631  33   4 0.000
272.979167 273.006944  1574  32   4 0.000
273.062500 273.090278  1171  24   3 0.000
273.145833 273.173611  1111  23   3 0.000
274.243056 274.270833  1465  30   4 0.000
274.333333 274.361111  1475  30   4 0.000
274.416667 274.444444  1667  34   4 0.000
274.500000 274.527778  1829  37   4 0.000
274.583333 274.611111  1742  36   4 0.000
274.666667 274.694444  1693  35   4 0.000
274.750000 274.777778  1626  33   4 0.000
274.833333 274.861111  1596  33   4 0.000
274.916667 274.944444  1539  32   4 0.000
275.000000 275.027778  1412  29   4 0.000
275.083333 275.111111  1353  28   4 0.000
275.166667 275.194444  1388  29   4 0.000
275.250000 275.277778  1365  28   4 0.000
275.333333 275.361111  1367  28   4 0.000
275.416667 275.444444  1395  29   4 0.000
275.500000 275.527778  1509  31   4 0.000
275.583333 275.611111  1516  31   4 0.000
275.666667 275.694444  1226  25   3 0.000
275.750000 275.777778   987  21   3 0.000
275.833333 275.861111  1084  23   3 0.000
275.916667 275.944444  1097  23   3 0.000
276.000000 276.027778  1069  22   3 0.000
276.083333 276.111111  1017  21   3 0.000
276.166667 276.194444   730  16   3 0.000
276.250000 276.277778   796  17   3 0.000
276.333333 276.361111   776  17   3 0.000
276.416667 276.444444   737  16   3 0.000
276.500000 276.527778   728  16   3 0.000
276.583333 276.611111   763  17   3 0.000
276.666667 276.694444   761  16   3 0.000
276.750000 276.777778   771  17   3 0.000
276.833333 276.861111   941  20   3 0.000
276.916667 276.944444  1129  24   3 0.000
277.000000 277.027778  1042  22   3 0.000
277.090278 277.118056  1049  22   3 0.000
277.173611 277.201389   966  20   3 0.000
277.256944 277.284722   978  21   3 0.000
277.340278 277.368056  1041  22   3 0.000
277.423611 277.451389  1074  23   3 0.000
277.506944 277.534722  1045  22   3 0.000
277.590278 277.618056   963  20   3 0.000
277.673611 277.701389   934  20   3 0.000
277.756944 277.784722   956  20   3 0.000
277.840278 277.868056   975  21   3 0.000
277.923611 277.951389   973  21   3 0.000
278.006944 278.034722   963  20   3 0.000
278.090278 278.118056   974  21   3 0.000
278.173611 278.201389   959  20   3 0.000
278.256944 278.284722   944  20   3 0.000
278.340278 278.368056   938  20   3 0.000
278.423611 278.451389   977  21   3 0.000
278.506944 278.534722  1188  25   3 0.000
278.590278 278.618056  1222  25   3 0.000
278.673611 278.701389  1262  26   4 0.000
278.756944 278.784722  1329  28   4 0.000
278.840278 278.868056  1349  28   4 0.000
278.923611 278.951389  1419  29   4 0.000
279.006944 279.034722  1506  31   4 0.000
279.090278 279.118056  1536  32   4 0.000
279.173611 279.201389  1556  32   4 0.000
279.256944 279.284722  1595  33   4 0.000
279.340278 279.368056  1627  33   4 0.000
279.423611 279.451389  1720  35   4 0.000
279.506944 279.534722  1853  38   4 0.000
279.590278 279.618056  1857  38   4 0.000
279.673611 279.701389  1690  35   4 0.000
279.756944 279.784722  1624  33   4 0.000
279.847222 279.875000  1676  34   4 0.000
279.930556 279.958333  1684  35   4 0.000
280.013889 280.041667  1691  35   4 0.000
280.097222 280.125000  1506  31   4 0.000
280.180556 280.208333  1611  33   4 0.000
280.263889 280.291667  1527  31   4 0.000
280.347222 280.375000  1582  33   4 0.000
280.430556 280.458333  1631  33   4 0.000
280.513889 280.541667  1589  33   4 0.000
280.597222 280.625000  1578  32   4 0.000
280.680556 280.708333  1575  32   4 0.000
280.763889 280.791667  1586  33   4 0.000
280.847222 280.875000  1515  31   4 0.000
280.930556 280.958333  1566  32   4 0.000
281.013889 281.041667  1945  40   4 0.000
281.097222 281.125000  1962  40   4 0.000
281.180556 281.208333  1936  40   4 0.000
281.263889 281.291667  1864  38   4 0.000
281.347222 281.375000  1843  38   4 0.000
281.430556 281.458333  1860  38   4 0.000
281.513889 281.541667  1759  36   4 0.000
281.597222 281.625000  1656  34   4 0.000
281.680556 281.708333  1380  29   4 0.000
281.763889 281.791667  1352  28   4 0.000
281.847222 281.875000  1343  28   4 0.000
281.930556 281.958333  1417  29   4 0.000
282.013889 282.041667  1314  27   4 0.000
282.097222 282.125000  1279  27   4 0.000
282.180556 282.208333  1230  26   3 0.000
282.263889 282.291667  1280  27   4 0.000
282.347222 282.375000  1172  24   3 0.000
282.430556 282.458333  1194  25   3 0.000
282.520833 282.548611  1108  23   3 0.000
282.604167 282.631944  1125  24   3 0.000
282.687500 282.715278  1067  22   3 0.000
282.770833 282.798611  1075  23   3 0.000
282.854167 282.881944  1048  22   3 0.000
282.937500 282.965278  1057  22   3 0.000
283.020833 283.048611  1071  22   3 0.000
283.104167 283.131944  1096  23   3 0.000
283.187500 283.215278  1116  23   3 0.000
283.270833 283.298611  1145  24   3 0.000
283.354167 283.381944  1150  24   3 0.000
283.437500 283.465278  1157  24   3 0.000
283.520833 283.548611  1147  24   3 0.000
283.604167 283.631944  1153  24   3 0.000
283.687500 283.715278  1188  25   3 0.000
283.770833 283.798611  1206  25   3 0.000
283.854167 283.881944  1133  24   3 0.000
283.937500 283.965278  1136  24   3 0.000
284.020833 284.048611  1257  26   4 0.000
284.104167 284.131944  1366  28   4 0.000
284.187500 284.215278  1293  27   4 0.000
284.270833 284.298611  1171  24   3 0.000
284.354167 284.381944  1132  24   3 0.000
284.437500 284.465278  1181  25   3 0.000
284.520833 284.548611  1187  25   3 0.000
284.604167 284.631944  1168  24   3 0.000
284.687500 284.715278  1184  25   3 0.000
284.770833 284.798611  1169  24   3 0.000
284.854167 284.881944  1241  26   3 0.000
