data/obs/c2h6/WDCGG/event/CH0001G.20160101011700.20180208000000.online_gc.ethane.air.1y.2h.CH01L_Agilent_GC-MS-MEDUSA_Medusa-12_JFJ.CH01L_VOC_AIR_MEDUSA-12.lev2.nas
70 1001
Hill, Matz; Reimann, Stefan; Vollmer, Martin K.
CH01L, Swiss Federal Laboratories for Materials Science and Technology, EMPA, Section Air Pollution, Überlandstrasse 133, , 8600, Dübendorf, Switzerland
Hill, Matz
ACTRIS EMEP GAW-WDCRG
1 1
2016 01 01 2018 02 08
0
days from file reference point
5
1 1 1 1 1
999.999999 99999.999 9999.999 999.999 9.999
end_time of measurement, days from the file reference point
ethane, pmol/mol, Statistics=arithmetic mean, Detection limit=1.1 pmol/mol
ethane, pmol/mol, Statistics=expanded uncertainty 2sigma
ethane, pmol/mol, Statistics=precision
numflag, no unit
0
51
Data definition:              EBAS_1.1
Set type code:                TI
Timezone:                     UTC
File name:                    CH0001G.20160101011700.20180208000000.online_gc.ethane.air.1y.2h.CH01L_Agilent_GC-MS-MEDUSA_Medusa-12_JFJ.CH01L_VOC_AIR_MEDUSA-12.lev2.nas
File creation:                20190306184545
Startdate:                    20160101011700
Revision date:                20180208000000
Version:                      2
Version description:          Second submission
Data level:                   2
Period code:                  1y
Resolution code:              2h
Sample duration:              20mn
Orig. time res.:              2h
Station code:                 CH0001G
Platform code:                CH0001S
Station name:                 Jungfraujoch
Station GAW-ID:               JFJ
Station latitude:             46.5475
Station longitude:            7.985
Station altitude:             3578.0m
Measurement altitude:         3580.0m
Measurement height:           2.0m
Regime:                       IMG
Component:                    ethane
Unit:                         pmol/mol
Matrix:                       air
Instrument type:              online_gc
Laboratory code:              CH01L
Instrument name:              Agilent_GC-MS-MEDUSA_Medusa-12_JFJ
Instrument manufacturer:      AGAGE+Agilent+Agilent
Instrument model:             MEDUSA+6890N+5975B
Instrument serial number:     Medusa-12
Method ref:                   CH01L_VOC_AIR_MEDUSA-12
Standard method:              None
Calibration scale:            SIO-p
Inlet type:                   Hat or hood
Inlet description:            above the roof
Volume std. temperature:      273.15 K
Volume std. pressure:         1013.25 hPa
Detection limit expl.:        Determined by instrument counting statistics, no detection limit flag used
Measurement uncertainty expl.: Includes reproducibility (precision) + systematic errors (accuracy)
Zero/negative values code:    Zero/negative impossible
Zero/negative values:         Zero and neg. values do not appear because data was processed and zero/neg data taken out
Originator:                   Hill, Matz, matthias.hill@empa.ch, Swiss Federal Laboratories for Materials Science and Technology, Empa, Air Pollution/Environmental Technology, Ueberlandstrasse 129, , CH-8600, Duebendorf, Switzerland
Originator:                   Reimann, Stefan, , , , , , , , , 
Originator:                   Vollmer, Martin K., martin.vollmer@empa.ch, Swiss Federal Laboratories for Materials Science and Technology, Empa, Air Pollution/Environmental Technology, Ueberlandstrasse 129, , CH-8600, Duebendorf, Switzerland
Submitter:                    Hill, Matz, matthias.hill@empa.ch, Swiss Federal Laboratories for Materials Science and Technology, Empa, Air Pollution/Environmental Technology, Ueberlandstrasse 129, , CH-8600, Duebendorf, Switzerland
Acknowledgement:              Request acknowledgement details from data originator
Comment:                      "No SOP currently available, MEDUSA. Sample volume: 2L, trap at -170degC, trap material Hayesep D, Nafion dryer, no O3 removal, 2-hourly calibration interval"
starttime endtime C2H6 C2H6 C2H6 flag
[from data line 2328]
187.237500 187.251389 99999.999 9999.999 999.999 0.999
187.282639 187.296528 99999.999 9999.999 999.999 0.999
194.767361 194.781250 99999.999 9999.999 999.999 0.999
194.812500 194.826389 99999.999 9999.999 999.999 0.999
194.903472 194.917361 99999.999 9999.999 999.999 0.999
194.948611 194.962500 99999.999 9999.999 999.999 0.999
195.038889 195.052778 99999.999 9999.999 999.999 0.999
195.084028 195.097917 99999.999 9999.999 999.999 0.999
195.174306 195.188194   855.921   54.257   1.834 0.000
195.219444 195.233333   850.171   53.893   1.822 0.000
195.309722 195.323611   857.881   54.414   2.062 0.000
195.354861 195.368750   861.199   54.624   2.070 0.000
195.445139 195.459028   853.334   54.155   2.237 0.000
195.490278 195.504167   850.585   53.980   2.229 0.000
195.580556 195.594444   862.820   54.740   2.160 0.000
195.625694 195.639583   856.595   54.345   2.144 0.000
195.969444 195.983333   866.009   54.949   2.210 0.000
195.986806 196.000694   865.570   55.036   2.835 0.000
196.077083 196.090972   861.341   54.767   2.821 0.000
196.122222 196.136111   859.625   54.772   3.324 0.000
196.212500 196.226389   884.866   56.381   3.422 0.000
196.257639 196.271528   879.732   56.046   3.372 0.000
196.347917 196.361806   885.925   56.443   3.403 0.000
196.393056 196.406944   882.294   56.211   3.390 0.000
196.511111 196.525000   842.977   53.700   3.209 0.000
196.528472 196.542361   842.347   53.636   3.106 0.000
196.618750 196.632639   802.192   51.070   2.920 0.000
196.663889 196.677778   817.223   52.027   2.974 0.000
196.754167 196.768056   811.682   51.678   2.971 0.000
196.799306 196.813194   780.538   49.695   2.857 0.000
196.889583 196.903472   745.242   47.472   2.830 0.000
196.934722 196.948611   750.219   47.806   2.920 0.000
197.052778 197.066667   726.509   46.302   2.854 0.000
197.070139 197.084028   729.623   46.500   2.866 0.000
197.656944 197.670833   751.084   47.847   2.863 0.000
197.702083 197.715972   722.679   46.037   2.756 0.000
197.792361 197.806250   564.682   35.987   2.212 0.000
197.837500 197.851389   473.615   30.172   1.811 0.000
197.927778 197.941667   428.181   27.281   1.649 0.000
197.972917 197.986806   441.925   28.152   1.682 0.000
198.063194 198.077083   405.183   25.766   1.340 0.000
198.136111 198.150000   416.148   26.408   1.079 0.000
198.250694 198.264583   368.242   23.368   0.954 0.000
198.340972 198.354861   376.669   23.903   0.978 0.000
198.386111 198.400000   377.833   23.972   0.954 0.000
198.476389 198.490278   415.895   26.387   1.050 0.000
198.521528 198.535417   471.666   29.919   1.148 0.000
198.611806 198.625694   463.528   29.409   1.169 0.000
198.656944 198.670833   511.962   32.478   1.265 0.000
198.747222 198.761111   518.084   32.870   1.303 0.000
198.792361 198.806250   495.235   31.413   1.198 0.000
198.882639 198.896528   447.821   28.405   1.083 0.000
198.927778 198.941667   441.684   28.000   0.953 0.000
199.018056 199.031944   481.464   30.521   1.039 0.000
199.063194 199.077083   512.375   32.474   1.058 0.000
199.153472 199.167361   532.038   33.725   1.130 0.000
199.198611 199.212500   508.141   32.209   1.070 0.000
199.288889 199.302778   489.474   31.026   1.031 0.000
199.334028 199.347917   489.301   30.994   0.863 0.000
199.424306 199.438194   448.914   28.436   0.792 0.000
199.469444 199.483333   457.313   28.967   0.794 0.000
199.559722 199.573611   459.930   29.132   0.799 0.000
199.604861 199.618750   473.928   30.022   0.849 0.000
199.695139 199.709028   468.334   29.667   0.839 0.000
199.740278 199.754167   456.475   28.906   0.725 0.000
199.830556 199.844444   434.253   27.499   0.690 0.000
199.875694 199.889583   419.620   26.569   0.629 0.000
199.965972 199.979861   434.845   27.533   0.652 0.000
200.011111 200.025000   408.530   25.862   0.560 0.000
200.101389 200.115278   409.430   25.919   0.561 0.000
200.146528 200.160417   431.335   27.320   0.738 0.000
200.236806 200.250694   448.876   28.431   0.768 0.000
200.281944 200.295833   487.623   30.883   0.817 0.000
200.372917 200.386806   663.124   41.998   1.111 0.000
200.418056 200.431944   718.300   45.495   1.222 0.000
200.508333 200.522222   707.710   44.824   1.204 0.000
200.553472 200.567361   599.810   37.995   1.062 0.000
200.643750 200.657639   509.820   32.294   0.902 0.000
200.688889 200.702778   487.006   30.849   0.858 0.000
200.779167 200.793056   501.665   31.777   0.884 0.000
200.824306 200.838194   514.260   32.580   0.950 0.000
200.914583 200.928472   495.794   31.410   0.916 0.000
200.959722 200.973611   491.807   31.164   0.958 0.000
201.050000 201.063889   503.144   31.882   0.980 0.000
201.095139 201.109028   517.666   32.808   1.057 0.000
201.185417 201.199306   536.829   34.023   1.096 0.000
201.230556 201.244444   513.966   32.571   1.026 0.000
201.320833 201.334722   508.718   32.238   1.016 0.000
201.365972 201.379861   527.034   33.399   1.056 0.000
201.456250 201.470139 99999.999 9999.999 999.999 0.999
201.501389 201.515278 99999.999 9999.999 999.999 0.999
201.591667 201.605556   512.628   32.488   1.038 0.000
201.636806 201.650694   520.185   32.975   1.117 0.000
201.727083 201.740972 99999.999 9999.999 999.999 0.999
201.772222 201.786111 99999.999 9999.999 999.999 0.999
201.862500 201.876389 99999.999 9999.999 999.999 0.999
201.907639 201.921528 99999.999 9999.999 999.999 0.999
201.997917 202.011806 99999.999 9999.999 999.999 0.999
202.043056 202.056944 99999.999 9999.999 999.999 0.999
202.133333 202.147222   582.882   36.940   1.181 0.000
202.178472 202.192361   648.336   41.068   1.146 0.000
202.268750 202.282639   631.927   40.026   1.092 0.000
202.313889 202.327778   628.871   39.838   1.133 0.000
202.404167 202.418056   625.706   39.672   1.398 0.000
202.449306 202.463194   624.556   39.599   1.395 0.000
202.539583 202.553472   648.973   41.201   1.792 0.000
202.584722 202.598611   666.050   42.285   1.839 0.000
202.928472 202.942361   681.930   43.273   1.761 0.000
202.945833 202.959722   685.834   43.515   1.737 0.000
203.036111 203.050000   685.761   43.510   1.737 0.000
203.081250 203.095139   687.454   43.611   1.701 0.000
203.171528 203.185417   667.089   42.319   1.651 0.000
203.216667 203.230556   686.325   43.533   1.654 0.000
203.306944 203.320833   698.484   44.309   1.717 0.000
203.352083 203.365972   732.548   46.462   1.747 0.000
203.470139 203.484028   767.212   48.661   1.832 0.000
203.487500 203.501389   733.738   46.538   1.752 0.000
203.577778 203.591667   732.278   46.447   1.763 0.000
203.622917 203.636806   725.002   45.978   1.693 0.000
203.713194 203.727083   757.886   48.052   1.688 0.000
203.758333 203.772222   730.849   46.338   1.628 0.000
203.848611 203.862500   685.295   43.449   1.522 0.000
203.893750 203.907639   695.385   44.090   1.557 0.000
203.984028 203.997917   724.316   45.917   1.571 0.000
204.029861 204.043750   725.325   45.980   1.561 0.000
204.120139 204.134028   678.263   42.996   1.458 0.000
204.165278 204.179167   705.110   44.704   1.561 0.000
204.752083 204.765972   715.018   45.276   1.111 0.000
204.797222 204.811111   711.430   45.049   1.107 0.000
204.887500 204.901389   714.468   45.240   1.098 0.000
204.932639 204.946528   727.565   46.068   1.106 0.000
205.022917 205.036806   771.768   48.866   1.160 0.000
205.095833 205.109722   768.094   48.629   1.112 0.000
205.210417 205.224306   764.643   48.409   1.088 0.000
205.300694 205.314583   770.712   48.795   1.110 0.000
205.345833 205.359722   770.788   48.800   1.119 0.000
205.436111 205.450000   786.950   49.826   1.172 0.000
205.481250 205.495139   782.203   49.527   1.183 0.000
205.571528 205.585417   857.413   54.288   1.285 0.000
205.616667 205.630556   819.855   51.939   1.497 0.000
205.706944 205.720833   847.026   53.666   1.596 0.000
205.752083 205.765972   830.901   52.645   1.573 0.000
205.842361 205.856250   805.394   51.029   1.525 0.000
205.887500 205.901389   804.294   50.958   1.515 0.000
205.977778 205.991667   814.943   51.633   1.535 0.000
206.022917 206.036806   806.843   51.130   1.606 0.000
206.113194 206.127083   798.228   50.584   1.589 0.000
206.158333 206.172222   820.929   52.020   1.608 0.000
206.248611 206.262500   805.833   51.063   1.578 0.000
206.293750 206.307639   811.104   51.391   1.538 0.000
206.384028 206.397917   807.868   51.186   1.532 0.000
206.429167 206.443056   809.232   51.260   1.429 0.000
206.519444 206.533333   821.573   52.042   1.451 0.000
206.564583 206.578472   802.403   50.836   1.492 0.000
206.654861 206.668750   793.599   50.278   1.476 0.000
206.700000 206.713889   800.545   50.719   1.491 0.000
206.790278 206.804167   784.102   49.677   1.461 0.000
206.835417 206.849306   786.148   49.803   1.437 0.000
206.925694 206.939583   778.416   49.313   1.423 0.000
206.970833 206.984722   783.460   49.632   1.422 0.000
207.061111 207.075000   797.584   50.527   1.447 0.000
207.106250 207.120139   811.010   51.380   1.495 0.000
207.196528 207.210417   826.341   52.351   1.524 0.000
207.241667 207.255556   824.749   52.265   1.642 0.000
207.331944 207.345833   809.917   51.325   1.613 0.000
207.377083 207.390972   774.337   49.068   1.522 0.000
207.467361 207.481250   780.552   49.462   1.534 0.000
207.512500 207.526389   777.658   49.278   1.524 0.000
207.602778 207.616667   769.573   48.765   1.509 0.000
207.647917 207.661806   764.302   48.403   1.247 0.000
207.738194 207.752083   720.025   45.599   1.175 0.000
207.783333 207.797222   712.721   45.144   1.235 0.000
207.873611 207.887500   710.410   44.998   1.231 0.000
207.918750 207.932639   697.715   44.192   1.193 0.000
208.009028 208.022917   702.729   44.509   1.201 0.000
208.054167 208.068056   689.116   43.639   1.098 0.000
208.144444 208.158333   688.089   43.574   1.097 0.000
208.189583 208.203472   688.224   43.602   1.277 0.000
208.279861 208.293750   677.307   42.910   1.256 0.000
208.325000 208.338889   681.403   43.174   1.296 0.000
208.415278 208.429167   669.395   42.413   1.273 0.000
208.460417 208.474306   705.033   44.673   1.357 0.000
208.550694 208.564583   712.072   45.119   1.371 0.000
208.595833 208.609722   730.242   46.262   1.339 0.000
208.686111 208.700000   676.869   42.881   1.241 0.000
208.731250 208.745139   666.098   42.222   1.410 0.000
208.821528 208.835417   665.153   42.162   1.408 0.000
208.866667 208.880556   636.900   40.408   1.598 0.000
208.956944 208.970833   638.540   40.510   1.591 0.000
209.002083 209.015972   654.038   41.502   1.683 0.000
209.092361 209.106250   656.322   41.653   1.728 0.000
209.137500 209.151389   665.169   42.223   1.803 0.000
209.227778 209.241667   675.434   42.873   1.821 0.000
209.272917 209.286806   682.035   43.289   1.818 0.000
209.363194 209.377083   686.087   43.536   1.767 0.000
209.408333 209.422222   693.992   44.046   1.842 0.000
209.498611 209.512500   674.918   42.835   1.786 0.000
209.543750 209.557639   691.673   43.905   1.871 0.000
209.634028 209.647917   700.857   44.500   1.964 0.000
209.679167 209.693056   695.490   44.171   2.013 0.000
209.995139 210.009028   538.702   34.208   1.530 0.000
210.040278 210.054167   500.099   31.761   1.444 0.000
210.130556 210.144444   690.492   43.865   2.061 0.000
210.175694 210.189583   629.484   39.978   1.819 0.000
210.265972 210.279861   523.593   33.245   1.469 0.000
210.311111 210.325000   577.850   36.681   1.568 0.000
210.429167 210.443056   635.732   40.361   1.761 0.000
210.446528 210.460417   611.901   38.848   1.695 0.000
210.536806 210.550694   598.336   37.992   1.687 0.000
210.581944 210.595833   591.693   37.561   1.616 0.000
210.672222 210.686111   555.200   35.241   1.497 0.000
210.717361 210.731250   560.864   35.601   1.513 0.000
210.807639 210.821528   533.903   33.872   1.335 0.000
210.852778 210.866667   491.222   31.165   1.228 0.000
210.970833 210.984722   550.281   34.885   1.193 0.000
210.988194 211.002083   581.004   36.832   1.260 0.000
211.079167 211.093056   602.526   38.192   1.270 0.000
211.124306 211.138194   565.459   35.832   1.113 0.000
211.711111 211.725000   584.300   37.007   0.991 0.000
211.756250 211.770139   587.770   37.227   0.995 0.000
211.846528 211.860417   592.335   37.519   1.030 0.000
211.891667 211.905556   576.819   36.536   1.002 0.000
211.981944 211.995833   560.799   35.523   0.985 0.000
212.054861 212.068750   575.259   36.428   0.909 0.000
212.169444 212.183333   567.405   35.932   0.914 0.000
212.259722 212.273611   562.185   35.604   0.927 0.000
212.304861 212.318750   566.237   35.863   0.953 0.000
212.395139 212.409028   554.860   35.145   0.957 0.000
212.440278 212.454167   557.890   35.337   0.969 0.000
212.530556 212.544444   538.144   34.084   0.914 0.000
212.575694 212.589583   545.746   34.563   0.897 0.000
212.665972 212.679861   572.541   36.263   0.971 0.000
212.711111 212.725000   572.463   36.255   0.948 0.000
212.801389 212.815278   585.474   37.079   0.969 0.000
212.846528 212.860417   595.423   37.720   1.086 0.000
212.936806 212.950694   627.096   39.727   1.144 0.000
212.981944 212.995833   663.622   42.042   1.222 0.000
213.072222 213.086111   664.041   42.069   1.223 0.000
213.117361 213.131250   666.214   42.206   1.222 0.000
213.207639 213.221528   686.328   43.480   1.259 0.000
213.252778 213.266667   707.945   44.851   1.307 0.000
213.343056 213.356944   697.847   44.211   1.288 0.000
213.388194 213.402083   703.975   44.626   1.512 0.000
213.478472 213.492361   698.713   44.292   1.501 0.000
213.523611 213.537500   699.287   44.345   1.615 0.000
213.613889 213.627778   699.160   44.337   1.615 0.000
213.659028 213.672917   697.467   44.221   1.554 0.000
213.749306 213.763194   704.447   44.664   1.569 0.000
213.794444 213.808333   724.346   45.929   1.638 0.000
213.884722 213.898611   698.634   44.298   1.579 0.000
213.929861 213.943750   682.130   43.256   1.571 0.000
214.020139 214.034028   674.730   42.787   1.554 0.000
214.065278 214.079167   669.614   42.459   1.517 0.000
214.155556 214.169444   665.632   42.206   1.508 0.000
214.200694 214.214583   658.358   41.755   1.564 0.000
214.290972 214.304861   601.662   38.160   1.429 0.000
214.336111 214.350000   563.870   35.765   1.355 0.000
214.426389 214.440278   581.911   36.909   1.399 0.000
214.471528 214.485417   599.935   38.042   1.371 0.000
214.561806 214.575694   604.989   38.363   1.382 0.000
214.606944 214.620833   596.614   37.840   1.419 0.000
214.697222 214.711111   561.169   35.592   1.334 0.000
214.742361 214.756250   597.372   37.913   1.581 0.000
214.832639 214.846528 99999.999 9999.999 999.999 0.999
214.877778 214.891667 99999.999 9999.999 999.999 0.999
214.968056 214.981944   527.341   33.459   1.337 0.000
215.013194 215.027083   468.258   29.711   1.190 0.000
215.103472 215.117361   539.159   34.209   1.370 0.000
215.148611 215.162500   562.030   35.662   1.436 0.000
215.238889 215.252778   611.717   38.814   1.562 0.000
215.284028 215.297917   633.187   40.179   1.633 0.000
215.374306 215.388194   607.878   38.573   1.568 0.000
215.419444 215.433333   592.100   37.546   1.357 0.000
215.509722 215.523611   533.692   33.842   1.223 0.000
215.554861 215.568750   528.242   33.477   1.069 0.000
215.645139 215.659028   541.045   34.289   1.095 0.000
215.690278 215.704167   528.297   33.488   1.127 0.000
215.780556 215.794444   525.991   33.342   1.122 0.000
215.825694 215.839583   495.141   31.381   1.015 0.000
215.915972 215.929861   500.688   31.730   1.006 0.000
215.961111 215.975000   517.564   32.800   1.040 0.000
216.051389 216.065278   491.911   31.171   0.961 0.000
216.096528 216.110417   498.610   31.599   1.005 0.000
216.186806 216.200694   499.175   31.630   0.972 0.000
216.231944 216.245833   487.671   30.893   0.881 0.000
216.322222 216.336111   480.492   30.442   0.896 0.000
216.367361 216.381250   458.186   29.023   0.804 0.000
216.457639 216.471528   509.887   32.332   1.164 0.000
216.502778 216.516667   511.541   32.441   1.193 0.000
216.593056 216.606944   539.486   34.229   1.362 0.000
