data/obs/c2h6/WDCGG/event/CH0005R.20020101000000.20160915102628.online_gc.ethane.air.1y.2h.CH01L_Agilent_ADS-GC-FID_cn10450060_RIG.CH01L_ADS_GC_FID_VOCAIR_RIGI..nas
58 1001
Reimann, Stefan
CH01L, Swiss Federal Laboratories for Materials Science and Technology, EMPA, Section Air Pollution, Überlandstrasse 133, , 8600, Dübendorf, Switzerland
Reimann, Stefan
EMEP GAW-WDCRG
1 1
2002 01 01 2016 09 15
0.083333
days from file reference point
3
1 1 1
999.999999 99999 9.999
end_time of measurement, days from the file reference point
ethane, pmol/mol
numflag ethane, no unit
0
41
Data definition:              EBAS_1.1
Set type code:                TU
Timezone:                     UTC
File name:                    CH0005R.20020101000000.20160915102628.online_gc.ethane.air.1y.2h.CH01L_Agilent_ADS-GC-FID_cn10450060_RIG.CH01L_ADS_GC_FID_VOCAIR_RIGI..nas
File creation:                20190306184550
Startdate:                    20020101000000
Revision date:                20160915102628
Statistics:                   arithmetic mean
Data level:                   
Period code:                  1y
Resolution code:              2h
Sample duration:              40mn
Orig. time res.:              2h
Station code:                 CH0005R
Platform code:                CH0005S
Station name:                 Rigi
Station GAW-ID:               RIG
Station latitude:             47.0675
Station longitude:            8.463889
Station altitude:             1031.0m
Measurement height:           4.0m
Regime:                       IMG
Component:                    ethane
Unit:                         pmol/mol
Matrix:                       air
Instrument type:              online_gc
Laboratory code:              CH01L
Instrument name:              Agilent_ADS-GC-FID_cn10450060_RIG
Method ref:                   CH01L_ADS_GC_FID_VOCAIR_RIGI
Inlet description:            above the roof
Volume std. temperature:      273.15 K
Volume std. pressure:         1013.25 hPa
Detection limit:              9.0 pmol/mol
Detection limit expl.:        Determined by integration of a baseline signal multiplied by a factor of 3, detection     limit flag 147
Measurement uncertainty expl.: Includes reproducibility (precision) + systematic errors (accuracy)
Zero/negative values code:    Zero/negative impossible
Zero/negative values:         Neg. values don't appear because data was processed and neg data taken out
Originator:                   Reimann, Stefan, , , , , , , , , 
Submitter:                    Reimann, Stefan, , , , , , , , , 
Comment:                      "No SOP currently available, o3 removed with an ozone scrubber, nafion dryer, Calibration interval:1/month calibration interval"
starttime endtime C2H6 flag_C2H6
[from data line 471]
 39.250000  39.333333  1066 0.000
 39.333333  39.416667   982 0.000
 39.416667  39.500000   947 0.000
 39.500000  39.583333   983 0.000
 39.583333  39.666667  1106 0.000
 39.666667  39.750000  1165 0.000
 39.750000  39.833333  1311 0.000
 39.833333  39.916667  1244 0.000
 39.916667  40.000000  1123 0.000
 40.000000  40.083333  1185 0.000
 40.083333  40.166667  1261 0.000
 40.166667  40.250000  1597 0.000
 40.250000  40.333333  1667 0.000
 40.333333  40.416667  1709 0.000
 40.416667  40.500000  1776 0.000
 40.500000  40.583333  1828 0.000
 40.583333  40.666667  1813 0.000
 40.666667  40.750000  1855 0.000
 40.750000  40.833333  1884 0.000
 40.833333  40.916667  1860 0.000
 40.916667  41.000000  1816 0.000
 41.000000  41.083333  1835 0.000
 41.083333  41.166667  1845 0.000
 41.166667  41.250000  1683 0.000
 41.250000  41.333333  1669 0.000
 41.333333  41.416667  1663 0.000
 41.416667  41.500000  1501 0.000
 41.500000  41.583333  1666 0.000
 41.583333  41.666667  1673 0.000
 41.666667  41.750000  1756 0.000
 41.750000  41.833333  1470 0.000
 41.833333  41.916667  1539 0.000
 41.916667  42.000000  1527 0.000
 42.000000  42.083333  1602 0.000
 42.083333  42.166667  1361 0.000
 42.166667  42.250000  1527 0.000
 42.250000  42.333333  1557 0.000
 42.333333  42.416667  1425 0.000
 42.416667  42.500000  1196 0.000
 42.500000  42.583333  1071 0.000
 42.583333  42.666667  1005 0.000
 42.666667  42.750000  1058 0.000
 42.750000  42.833333  1144 0.000
 42.833333  42.916667  1077 0.000
 42.916667  43.000000  1073 0.000
 43.000000  43.083333  1018 0.000
 43.083333  43.166667  1038 0.000
 43.166667  43.250000   957 0.000
 43.250000  43.333333   901 0.000
 43.333333  43.416667   946 0.000
 43.416667  43.500000  1001 0.000
 43.500000  43.583333  1161 0.000
 43.583333  43.666667  1082 0.000
 43.666667  43.750000  1131 0.000
 43.750000  43.833333  1363 0.000
 43.833333  43.916667  1457 0.000
 43.916667  44.000000  1454 0.000
 44.000000  44.083333  1443 0.000
 44.083333  44.166667  1387 0.000
 44.166667  44.250000  1385 0.000
 44.250000  44.333333  1353 0.000
 44.333333  44.416667  1311 0.000
 44.416667  44.500000  1410 0.000
 44.500000  44.583333 99999 0.999
 44.583333  44.666667 99999 0.999
 44.666667  44.750000 99999 0.999
 44.750000  44.833333 99999 0.999
 44.833333  44.916667 99999 0.999
 44.916667  45.000000 99999 0.999
 45.000000  45.083333 99999 0.999
 45.083333  45.166667 99999 0.999
 45.166667  45.250000 99999 0.999
 45.250000  45.333333 99999 0.999
 45.333333  45.416667 99999 0.999
 45.416667  45.500000 99999 0.999
 45.500000  45.583333 99999 0.999
 45.583333  45.666667 99999 0.999
 45.666667  45.750000  2530 0.000
 45.750000  45.833333  2641 0.000
 45.833333  45.916667  2735 0.000
 45.916667  46.000000  2760 0.000
 46.000000  46.083333  2787 0.000
 46.083333  46.166667  2725 0.000
 46.166667  46.250000  2634 0.000
 46.250000  46.333333  2621 0.000
 46.333333  46.416667  2703 0.000
 46.416667  46.500000  2779 0.000
 46.500000  46.583333  2771 0.000
 46.583333  46.666667  2432 0.000
 46.666667  46.750000  2536 0.000
 46.750000  46.833333  2527 0.000
 46.833333  46.916667  2587 0.000
 46.916667  47.000000  2614 0.000
 47.000000  47.083333  2671 0.000
 47.083333  47.166667  2548 0.000
 47.166667  47.250000  2412 0.000
 47.250000  47.333333  2521 0.000
 47.333333  47.416667  2506 0.000
 47.416667  47.500000  2610 0.000
 47.500000  47.583333  2713 0.000
 47.583333  47.666667  2634 0.000
 47.666667  47.750000  2767 0.000
 47.750000  47.833333  2705 0.000
 47.833333  47.916667  2511 0.000
 47.916667  48.000000  2474 0.000
 48.000000  48.083333  2597 0.000
 48.083333  48.166667  2668 0.000
 48.166667  48.250000  2607 0.000
 48.250000  48.333333  2379 0.000
 48.333333  48.416667  2209 0.000
 48.416667  48.500000  2113 0.000
 48.500000  48.583333  2636 0.000
 48.583333  48.666667  2597 0.000
 48.666667  48.750000  2632 0.000
 48.750000  48.833333  2580 0.000
 48.833333  48.916667  2800 0.000
 48.916667  49.000000  2693 0.000
 49.000000  49.083333  2666 0.000
 49.083333  49.166667  3023 0.000
 49.166667  49.250000  2809 0.000
 49.250000  49.333333  2695 0.000
 49.333333  49.416667  2496 0.000
 49.416667  49.500000  2534 0.000
 49.500000  49.583333  2523 0.000
 49.583333  49.666667  2551 0.000
 49.666667  49.750000  2539 0.000
 49.750000  49.833333  2343 0.000
 49.833333  49.916667  2188 0.000
 49.916667  50.000000  2001 0.000
 50.000000  50.083333  1928 0.000
 50.083333  50.166667  1867 0.000
 50.166667  50.250000  1854 0.000
 50.250000  50.333333  1822 0.000
 50.333333  50.416667  1727 0.000
 50.416667  50.500000  1696 0.000
 50.500000  50.583333  1679 0.000
 50.583333  50.666667  1753 0.000
 50.666667  50.750000  1789 0.000
 50.750000  50.833333  1794 0.000
 50.833333  50.916667  1769 0.000
 50.916667  51.000000  1786 0.000
 51.000000  51.083333  1891 0.000
 51.083333  51.166667  1919 0.000
 51.166667  51.250000  1945 0.000
 51.250000  51.333333  2100 0.000
 51.333333  51.416667  2223 0.000
 51.416667  51.500000  2420 0.000
 51.500000  51.583333  2380 0.000
 51.583333  51.666667  2290 0.000
 51.666667  51.750000  2259 0.000
 51.750000  51.833333  2311 0.000
 51.833333  51.916667  2256 0.000
 51.916667  52.000000  2311 0.000
 52.000000  52.083333  2230 0.000
 52.083333  52.166667  2229 0.000
 52.166667  52.250000  2245 0.000
 52.250000  52.333333  2157 0.000
 52.333333  52.416667  2058 0.000
 52.416667  52.500000  2049 0.000
 52.500000  52.583333  2034 0.000
 52.583333  52.666667  1892 0.000
 52.666667  52.750000  1950 0.000
 52.750000  52.833333  1854 0.000
 52.833333  52.916667  1722 0.000
 52.916667  53.000000  1430 0.000
 53.000000  53.083333  1555 0.000
 53.083333  53.166667  1737 0.000
 53.166667  53.250000  1772 0.000
 53.250000  53.333333  1760 0.000
 53.333333  53.416667  1802 0.000
 53.416667  53.500000  1678 0.000
 53.500000  53.583333  1660 0.000
 53.583333  53.666667  1744 0.000
 53.666667  53.750000  1806 0.000
 53.750000  53.833333  1741 0.000
 53.833333  53.916667  1759 0.000
 53.916667  54.000000  1780 0.000
 54.000000  54.083333  1835 0.000
 54.083333  54.166667  2038 0.000
 54.166667  54.250000  2047 0.000
 54.250000  54.333333  2044 0.000
 54.333333  54.416667  2051 0.000
 54.416667  54.500000  2049 0.000
 54.500000  54.583333  2093 0.000
 54.583333  54.666667  2116 0.000
 54.666667  54.750000  2116 0.000
 54.750000  54.833333  2130 0.000
 54.833333  54.916667  2112 0.000
 54.916667  55.000000  2095 0.000
 55.000000  55.083333  2034 0.000
 55.083333  55.166667  1799 0.000
 55.166667  55.250000  1836 0.000
 55.250000  55.333333  1796 0.000
 55.333333  55.416667  1791 0.000
 55.416667  55.500000  1579 0.000
 55.500000  55.583333  1557 0.000
 55.583333  55.666667  1509 0.000
 55.666667  55.750000  1496 0.000
 55.750000  55.833333  1519 0.000
 55.833333  55.916667  1491 0.000
 55.916667  56.000000  1448 0.000
 56.000000  56.083333  1441 0.000
 56.083333  56.166667  1406 0.000
 56.166667  56.250000  1418 0.000
 56.250000  56.333333  1343 0.000
 56.333333  56.416667  1436 0.000
 56.416667  56.500000  1391 0.000
 56.500000  56.583333  1468 0.000
 56.583333  56.666667  1381 0.000
 56.666667  56.750000  1267 0.000
 56.750000  56.833333 99999 0.999
 56.833333  56.916667  1225 0.000
 56.916667  57.000000  1287 0.000
 57.000000  57.083333  1315 0.000
 57.083333  57.166667  1267 0.000
 57.166667  57.250000  1198 0.000
 57.250000  57.333333  1264 0.000
 57.333333  57.416667  1384 0.000
 57.416667  57.500000  1411 0.000
 57.500000  57.583333  1475 0.000
 57.583333  57.666667  1551 0.000
 57.666667  57.750000  1588 0.000
 57.750000  57.833333  1517 0.000
 57.833333  57.916667  1511 0.000
 57.916667  58.000000  1579 0.000
 58.000000  58.083333  1742 0.000
 58.083333  58.166667  1770 0.000
 58.166667  58.250000  1814 0.000
 58.250000  58.333333  1810 0.000
 58.333333  58.416667  1846 0.000
 58.416667  58.500000  1901 0.000
 58.500000  58.583333  1915 0.000
 58.583333  58.666667  1861 0.000
 58.666667  58.750000  1857 0.000
 58.750000  58.833333  1870 0.000
 58.833333  58.916667  1908 0.000
 58.916667  59.000000  1871 0.000
 59.000000  59.083333  1820 0.000
 59.083333  59.166667  1841 0.000
 59.166667  59.250000  1832 0.000
 59.250000  59.333333  1862 0.000
 59.333333  59.416667  1992 0.000
 59.416667  59.500000  1910 0.000
 59.500000  59.583333  1884 0.000
 59.583333  59.666667  2057 0.000
 59.666667  59.750000  2105 0.000
 59.750000  59.833333  2207 0.000
 59.833333  59.916667  2020 0.000
 59.916667  60.000000  2005 0.000
 60.000000  60.083333  2029 0.000
 60.083333  60.166667  2085 0.000
 60.166667  60.250000  2067 0.000
 60.250000  60.333333  2119 0.000
 60.333333  60.416667  2085 0.000
 60.416667  60.500000  2068 0.000
 60.500000  60.583333  2143 0.000
 60.583333  60.666667  2077 0.000
 60.666667  60.750000  2053 0.000
 60.750000  60.833333  2111 0.000
 60.833333  60.916667  1995 0.000
 60.916667  61.000000  1939 0.000
 61.000000  61.083333  1970 0.000
 61.083333  61.166667  2196 0.000
 61.166667  61.250000  2330 0.000
 61.250000  61.333333  2209 0.000
 61.333333  61.416667  2349 0.000
 61.416667  61.500000  2459 0.000
 61.500000  61.583333  2354 0.000
 61.583333  61.666667  2223 0.000
 61.666667  61.750000  2191 0.000
 61.750000  61.833333  2171 0.000
 61.833333  61.916667  2082 0.000
 61.916667  62.000000  1970 0.000
 62.000000  62.083333  2202 0.000
 62.083333  62.166667  2177 0.000
 62.166667  62.250000  2115 0.000
 62.250000  62.333333  2114 0.000
 62.333333  62.416667  2255 0.000
 62.416667  62.500000  2240 0.000
 62.500000  62.583333  2472 0.000
 62.583333  62.666667  2411 0.000
 62.666667  62.750000  2399 0.000
 62.750000  62.833333  2242 0.000
 62.833333  62.916667  2162 0.000
 62.916667  63.000000  2142 0.000
 63.000000  63.083333  1958 0.000
 63.083333  63.166667  1924 0.000
 63.166667  63.250000  1834 0.000
 63.250000  63.333333  1935 0.000
 63.333333  63.416667  1759 0.000
 63.416667  63.500000  2034 0.000
 63.500000  63.583333  2004 0.000
 63.583333  63.666667  1880 0.000
 63.666667  63.750000  2245 0.000
 63.750000  63.833333  2007 0.000
 63.833333  63.916667  2659 0.000
 63.916667  64.000000  2292 0.000
 64.000000  64.083333  2539 0.000
 64.083333  64.166667  2736 0.000
 64.166667  64.250000  2782 0.000
 64.250000  64.333333  3025 0.000
 64.333333  64.416667  2786 0.000
 64.416667  64.500000  3136 0.000
 64.500000  64.583333  2981 0.000
 64.583333  64.666667  2824 0.000
 64.666667  64.750000  2248 0.000
 64.750000  64.833333  2459 0.000
 64.833333  64.916667  2542 0.000
 64.916667  65.000000  2585 0.000
 65.000000  65.083333  3016 0.000
 65.083333  65.166667  2996 0.000
 65.166667  65.250000  3013 0.000
 65.250000  65.333333  2828 0.000
 65.333333  65.416667  2754 0.000
 65.416667  65.500000  2715 0.000
 65.500000  65.583333  2149 0.000
 65.583333  65.666667  2230 0.000
 65.666667  65.750000  1993 0.000
 65.750000  65.833333  2101 0.000
 65.833333  65.916667  2183 0.000
 65.916667  66.000000  2155 0.000
 66.000000  66.083333  2061 0.000
 66.083333  66.166667  2077 0.000
 66.166667  66.250000  1905 0.000
 66.250000  66.333333  2079 0.000
 66.333333  66.416667  2079 0.000
 66.416667  66.500000  2352 0.000
 66.500000  66.583333  2244 0.000
 66.583333  66.666667  2087 0.000
 66.666667  66.750000  2029 0.000
 66.750000  66.833333  2080 0.000
 66.833333  66.916667  2089 0.000
 66.916667  67.000000  2095 0.000
 67.000000  67.083333  2064 0.000
 67.083333  67.166667  2042 0.000
 67.166667  67.250000  2089 0.000
 67.250000  67.333333  2132 0.000
 67.333333  67.416667  2298 0.000
 67.416667  67.500000  2154 0.000
 67.500000  67.583333  2213 0.000
 67.583333  67.666667  2292 0.000
 67.666667  67.750000  2325 0.000
 67.750000  67.833333  2128 0.000
 67.833333  67.916667  2515 0.000
 67.916667  68.000000  2300 0.000
 68.000000  68.083333  2103 0.000
 68.083333  68.166667  1920 0.000
 68.166667  68.250000  1936 0.000
 68.250000  68.333333  1876 0.000
 68.333333  68.416667  1906 0.000
 68.416667  68.500000  1973 0.000
 68.500000  68.583333  1979 0.000
 68.583333  68.666667  1958 0.000
 68.666667  68.750000  1958 0.000
 68.750000  68.833333  1918 0.000
 68.833333  68.916667  1877 0.000
 68.916667  69.000000 99999 0.999
 69.000000  69.083333 99999 0.999
 69.083333  69.166667 99999 0.999
 69.166667  69.250000 99999 0.999
 69.250000  69.333333 99999 0.999
 69.333333  69.416667 99999 0.999
 69.416667  69.500000 99999 0.999
 69.500000  69.583333 99999 0.999
 69.583333  69.666667 99999 0.999
 69.666667  69.750000 99999 0.999
 69.750000  69.833333 99999 0.999
 69.833333  69.916667 99999 0.999
 69.916667  70.000000 99999 0.999
 70.000000  70.083333 99999 0.999
 70.083333  70.166667 99999 0.999
 70.166667  70.250000 99999 0.999
 70.250000  70.333333 99999 0.999
 70.333333  70.416667 99999 0.999
 70.416667  70.500000 99999 0.999
 70.500000  70.583333 99999 0.999
 70.583333  70.666667 99999 0.999
 70.666667  70.750000 99999 0.999
 70.750000  70.833333 99999 0.999
 70.833333  70.916667 99999 0.999
 70.916667  71.000000 99999 0.999
 71.000000  71.083333 99999 0.999
 71.083333  71.166667 99999 0.999
 71.166667  71.250000 99999 0.999
 71.250000  71.333333 99999 0.999
 71.333333  71.416667 99999 0.999
 71.416667  71.500000  2287 0.000
 71.500000  71.583333  2082 0.000
 71.583333  71.666667  2194 0.000
 71.666667  71.750000  2099 0.000
 71.750000  71.833333  2063 0.000
 71.833333  71.916667  2109 0.000
 71.916667  72.000000  1882 0.000
 72.000000  72.083333  1864 0.000
 72.083333  72.166667  1755 0.000
 72.166667  72.250000  1908 0.000
 72.250000  72.333333  1917 0.000
 72.333333  72.416667  2079 0.000
 72.416667  72.500000  2244 0.000
 72.500000  72.583333  2566 0.000
 72.583333  72.666667  2678 0.000
 72.666667  72.750000  2539 0.000
 72.750000  72.833333  2655 0.000
 72.833333  72.916667  2489 0.000
 72.916667  73.000000  2463 0.000
 73.000000  73.083333  2362 0.000
 73.083333  73.166667  2400 0.000
 73.166667  73.250000  2189 0.000
 73.250000  73.333333  2288 0.000
 73.333333  73.416667  2448 0.000
 73.416667  73.500000  2351 0.000
 73.500000  73.583333  2443 0.000
 73.583333  73.666667  2396 0.000
 73.666667  73.750000  2525 0.000
 73.750000  73.833333  2755 0.000
 73.833333  73.916667  2743 0.000
 73.916667  74.000000  2505 0.000
 74.000000  74.083333  2493 0.000
 74.083333  74.166667  2373 0.000
 74.166667  74.250000  2379 0.000
 74.250000  74.333333  2357 0.000
 74.333333  74.416667  2397 0.000
 74.416667  74.500000  2330 0.000
 74.500000  74.583333  2410 0.000
 74.583333  74.666667  2516 0.000
 74.666667  74.750000  2491 0.000
 74.750000  74.833333  2281 0.000
 74.833333  74.916667  2524 0.000
 74.916667  75.000000  2329 0.000
 75.000000  75.083333  2258 0.000
 75.083333  75.166667  2197 0.000
 75.166667  75.250000  2520 0.000
 75.250000  75.333333  2394 0.000
 75.333333  75.416667  2151 0.000
 75.416667  75.500000  2429 0.000
 75.500000  75.583333  2395 0.000
 75.583333  75.666667  2406 0.000
 75.666667  75.750000  2348 0.000
 75.750000  75.833333  2360 0.000
 75.833333  75.916667  2246 0.000
 75.916667  76.000000  2141 0.000
 76.000000  76.083333  2036 0.000
 76.083333  76.166667  1987 0.000
 76.166667  76.250000  1969 0.000
 76.250000  76.333333  2009 0.000
 76.333333  76.416667  1968 0.000
 76.416667  76.500000  1956 0.000
 76.500000  76.583333  2095 0.000
 76.583333  76.666667  2221 0.000
 76.666667  76.750000  2308 0.000
 76.750000  76.833333  2292 0.000
 76.833333  76.916667  2384 0.000
 76.916667  77.000000  2425 0.000
 77.000000  77.083333  2278 0.000
 77.083333  77.166667  2037 0.000
 77.166667  77.250000  1914 0.000
 77.250000  77.333333  1868 0.000
 77.333333  77.416667  1743 0.000
 77.416667  77.500000  1544 0.000
 77.500000  77.583333  1461 0.000
 77.583333  77.666667  1454 0.000
 77.666667  77.750000  1454 0.000
 77.750000  77.833333  1420 0.000
 77.833333  77.916667  1353 0.000
 77.916667  78.000000  1326 0.000
 78.000000  78.083333  1284 0.000
 78.083333  78.166667  1246 0.000
 78.166667  78.250000  1282 0.000
 78.250000  78.333333  1241 0.000
 78.333333  78.416667  1162 0.000
