data/obs/c2h6/WDCGG/event/CH0005R.20160101002300.20180114182000.online_gc.ethane.air.1y.2h.CH01L_Agilent_ADS-GC-FID_cn10450060_RIG.CH01L_ADS_GC_FID_VOCAIR_RIGI.lev2.nas
68 1001
Hill, Matz; Reimann, Stefan
CH01L, Swiss Federal Laboratories for Materials Science and Technology, EMPA, Section Air Pollution, Überlandstrasse 133, , 8600, Dübendorf, Switzerland
Hill, Matz
ACTRIS EMEP GAW-WDCRG
1 1
2016 01 01 2018 01 14
0
days from file reference point
5
1 1 1 1 1
999.999999 99999 9999.99 999.99 9.999
end_time of measurement, days from the file reference point
ethane, pmol/mol, Statistics=arithmetic mean, Detection limit=13.0 pmol/mol
ethane, pmol/mol, Statistics=expanded uncertainty 2sigma
ethane, pmol/mol, Statistics=precision
numflag, no unit
0
49
Data definition:              EBAS_1.1
Set type code:                TI
Timezone:                     UTC
File name:                    CH0005R.20160101002300.20180114182000.online_gc.ethane.air.1y.2h.CH01L_Agilent_ADS-GC-FID_cn10450060_RIG.CH01L_ADS_GC_FID_VOCAIR_RIGI.lev2.nas
File creation:                20190306184554
Startdate:                    20160101002300
Revision date:                20180114182000
Version:                      2
Version description:          initial revision, manually inspected
Data level:                   2
Period code:                  1y
Resolution code:              2h
Sample duration:              40mn
Orig. time res.:              40mn
Station code:                 CH0005R
Platform code:                CH0005S
Station name:                 Rigi
Station GAW-ID:               RIG
Station latitude:             47.0675
Station longitude:            8.463889
Station altitude:             1031.0m
Measurement altitude:         1034.0m
Measurement height:           4.0m
Regime:                       IMG
Component:                    ethane
Unit:                         pmol/mol
Matrix:                       air
Instrument type:              online_gc
Laboratory code:              CH01L
Instrument name:              Agilent_ADS-GC-FID_cn10450060_RIG
Instrument manufacturer:      Agilent
Instrument model:             6890GC/FID
Instrument serial number:     cn10450060
Method ref:                   CH01L_ADS_GC_FID_VOCAIR_RIGI
Standard method:              SOP=ACTRIS_VOC_2014
Calibration scale:            NPL
Calibration standard ID:      D292408
Inlet type:                   Hat or hood
Inlet description:            ambient air is brought into the cabin through a main inlet line at a flow rate of 300 lpm. From the main inlet line short stainless steel tubes are used to bring the air samples to the instruments.
Detection limit expl.:        Determined by integration of a baseline signal multiplied by a factor of 3
Measurement uncertainty expl.: Includes reproducibility (precision) + systematic errors (accuracy)
Zero/negative values code:    Zero possible
Zero/negative values:         Zero values may appear due to statistical variations at very low concentrations
Originator:                   Hill, Matz, matthias.hill@empa.ch, Swiss Federal Laboratories for Materials Science and Technology, Empa, Air Pollution/Environmental Technology, Ueberlandstrasse 129, , CH-8600, Duebendorf, Switzerland
Originator:                   Reimann, Stefan, , , , , , , , , 
Submitter:                    Hill, Matz, matthias.hill@empa.ch, Swiss Federal Laboratories for Materials Science and Technology, Empa, Air Pollution/Environmental Technology, Ueberlandstrasse 129, , CH-8600, Duebendorf, Switzerland
Acknowledgement:              Request acknowledgement details from data originator
Comment:                      "No SOP currently available, o3 not removed, nafion dryer, Calibration interval:1/two weeks"
starttime endtime C2H6 C2H6 C2H6 flag
[from data line 1307]
115.581249 115.609027  1895   40.59   7.27 0.000
115.664583 115.692361  1893   40.56   7.27 0.000
115.747916 115.775694  1890   40.49   7.26 0.000
115.831249 115.859027  1913   40.95   7.30 0.000
115.914583 115.942361  1896   40.61   7.27 0.000
115.997916 116.025694  1820   39.11   7.15 0.000
116.081249 116.109027  1754   37.81   7.05 0.000
116.164583 116.192361  1753   37.79   7.05 0.000
116.247916 116.275694  1756   37.85   7.06 0.000
116.331249 116.359027  1813   38.97   7.14 0.000
116.414583 116.442361  1800   38.71   7.12 0.000
116.497916 116.525694  1703   36.80   6.97 0.000
116.581249 116.609027  1710   36.94   6.98 0.000
116.664583 116.692361  1718   37.10   7.00 0.000
116.747916 116.775694  1649   35.74   6.89 0.000
116.831249 116.859027  1720   37.14   7.00 0.000
116.914583 116.942361  1795   38.62   7.12 0.000
116.997916 117.025694  1821   39.13   7.16 0.000
117.081249 117.109027  1838   39.47   7.18 0.000
117.164583 117.192361  1887   40.44   7.26 0.000
117.247916 117.275694  1893   40.56   7.27 0.000
117.331249 117.359027  1891   40.51   7.26 0.000
117.414583 117.442361  1847   39.65   7.20 0.000
117.497916 117.525694  1844   39.58   7.19 0.000
117.581249 117.609027  1838   39.47   7.18 0.000
117.664583 117.692361  1858   39.86   7.21 0.000
117.747916 117.775694  1861   39.92   7.22 0.000
117.831249 117.859027  1857   39.84   7.21 0.000
117.914583 117.942361  1846   39.62   7.19 0.000
117.997916 118.025694  1850   39.70   7.20 0.000
118.081249 118.109027  1844   39.58   7.19 0.000
118.164583 118.192361  1806   38.83   7.13 0.000
118.247916 118.275694  1847   39.65   7.20 0.000
118.331249 118.359027  1863   39.96   7.22 0.000
118.414583 118.442361  1849   39.68   7.20 0.000
118.497916 118.525694  1817   39.05   7.15 0.000
118.581249 118.609027  1799   38.70   7.12 0.000
118.664583 118.692361  1816   39.03   7.15 0.000
118.747916 118.775694  1856   39.82   7.21 0.000
118.831249 118.859027  1871   40.12   7.23 0.000
118.914583 118.942361  1871   40.12   7.23 0.000
118.997916 119.025694  1835   39.41   7.18 0.000
119.081249 119.109027  1840   39.51   7.19 0.000
119.164583 119.192361  1848   39.67   7.20 0.000
119.247916 119.275694  1844   39.58   7.19 0.000
119.331249 119.359027  1882   40.34   7.25 0.000
119.414583 119.442361  1790   38.52   7.11 0.000
119.497916 119.525694  1801   38.73   7.12 0.000
119.581249 119.609027  1794   38.60   7.11 0.000
119.664583 119.692361  1787   38.46   7.10 0.000
119.747916 119.775694  1773   38.18   7.08 0.000
119.831249 119.859027  1765   38.03   7.07 0.000
119.914583 119.942361  1765   38.03   7.07 0.000
119.997916 120.025694  1790   38.52   7.11 0.000
120.081249 120.109027  1749   37.71   7.04 0.000
120.164583 120.192361  1748   37.69   7.04 0.000
120.247222 120.275000  1726   37.26   7.01 0.000
120.330556 120.358333  1855   39.80   7.21 0.000
120.413888 120.441666  1847   39.65   7.20 0.000
120.497222 120.525000  1751   37.75   7.05 0.000
120.580556 120.608333  1726   37.26   7.01 0.000
120.663888 120.691666  1710   36.94   6.98 0.000
120.747222 120.775000  1747   37.67   7.04 0.000
120.830556 120.858333  1743   37.59   7.03 0.000
120.913888 120.941666  1763   37.99   7.07 0.000
120.997222 121.025000  1713   37.00   6.99 0.000
121.080556 121.108333  1683   36.41   6.94 0.000
121.163888 121.191666  1698   36.71   6.97 0.000
121.247222 121.275000  1714   37.02   6.99 0.000
121.330556 121.358333  1774   38.20   7.08 0.000
121.413888 121.441666  1804   38.80   7.13 0.000
121.497222 121.525000  1851   39.72   7.20 0.000
121.580556 121.608333  1951   41.70   7.36 0.000
121.663888 121.691666  2060   43.87   7.53 0.000
121.747222 121.775000  2071   44.08   7.54 0.000
121.830556 121.858333  2095   44.56   7.58 0.000
121.913888 121.941666  2078   44.22   7.55 0.000
121.997222 122.025000  2068   44.02   7.54 0.000
122.080556 122.108333  2054   43.75   7.52 0.000
122.163888 122.191666  1985   42.38   7.41 0.000
122.839583 122.867361  1817   39.17   7.31 0.000
122.922916 122.950694  1810   39.03   7.30 0.000
123.006249 123.034027  1892   40.66   7.44 0.000
123.089583 123.117361  1890   40.62   7.43 0.000
123.172916 123.200694  1829   39.41   7.33 0.000
123.256249 123.284027  1835   39.53   7.34 0.000
123.339583 123.367361  1843   39.69   7.36 0.000
123.422916 123.450694  1850   39.83   7.37 0.000
123.506249 123.534027  1734   37.54   7.18 0.000
123.589583 123.617361  1685   36.57   7.10 0.000
123.672916 123.700694  1462   32.19   6.73 0.000
123.756249 123.784027  1503   32.99   6.80 0.000
123.839583 123.867361  1536   33.64   6.85 0.000
123.922916 123.950694  1603   34.95   6.96 0.000
124.006249 124.034027  1610   35.09   6.97 0.000
124.089583 124.117361  1642   35.72   7.03 0.000
124.172916 124.200694  1690   36.66   7.10 0.000
124.256249 124.284027  1669   36.25   7.07 0.000
124.339583 124.367361  1668   36.23   7.07 0.000
124.422916 124.450694  1695   36.76   7.11 0.000
124.506249 124.534027  1665   36.17   7.06 0.000
124.589583 124.617361  1633   35.54   7.01 0.000
124.672916 124.700694  1600   34.90   6.96 0.000
124.756249 124.784027  1606   35.01   6.97 0.000
124.839583 124.867361  1615   35.19   6.98 0.000
124.922916 124.950694  1614   35.17   6.98 0.000
125.006249 125.034027  1611   35.11   6.98 0.000
125.089583 125.117361  1608   35.05   6.97 0.000
125.172222 125.200000  1599   34.88   6.96 0.000
125.255556 125.283333  1627   35.42   7.00 0.000
125.338888 125.366666  1672   36.31   7.08 0.000
125.422222 125.450000  1643   35.74   7.03 0.000
125.505556 125.533333  1596   34.82   6.95 0.000
125.588888 125.616666  1556   34.03   6.89 0.000
125.672222 125.700000  1490   32.74   6.78 0.000
125.755556 125.783333  1480   32.54   6.76 0.000
125.838888 125.866666  1489   32.72   6.78 0.000
125.922222 125.950000  1484   32.62   6.77 0.000
126.005556 126.033333  1493   32.79   6.78 0.000
126.088888 126.116666  1566   34.23   6.90 0.000
126.172222 126.200000  1690   36.66   7.10 0.000
126.255556 126.283333  1703   36.92   7.13 0.000
126.338888 126.366666  1727   37.40   7.17 0.000
126.422222 126.450000  1815   39.13   7.31 0.000
126.505556 126.533333  1703   36.92   7.13 0.000
126.588888 126.616666  1695   36.76   7.11 0.000
126.672222 126.700000  1714   37.14   7.14 0.000
126.755556 126.783333  1698   36.82   7.12 0.000
126.838888 126.866666  1708   37.02   7.13 0.000
126.922222 126.950000  1716   37.18   7.15 0.000
127.005556 127.033333  1732   37.49   7.17 0.000
127.088888 127.116666  1745   37.75   7.20 0.000
127.172222 127.200000  1754   37.93   7.21 0.000
127.255556 127.283333  1711   37.08   7.14 0.000
127.338888 127.366666  1793   38.70   7.27 0.000
127.422222 127.450000  1811   39.05   7.30 0.000
127.505556 127.533333  1826   39.35   7.33 0.000
127.588888 127.616666  1772   38.28   7.24 0.000
127.672222 127.700000  1722   37.30   7.16 0.000
127.755556 127.783333  1731   37.47   7.17 0.000
127.838888 127.866666  1695   36.76   7.11 0.000
127.922222 127.950000  1675   36.37   7.08 0.000
128.005556 128.033333  1699   36.84   7.12 0.000
128.088888 128.116666  1780   38.44   7.25 0.000
128.172222 128.200000  1807   38.98   7.30 0.000
128.255556 128.283333  1840   39.63   7.35 0.000
128.338888 128.366666  1818   39.19   7.31 0.000
128.422222 128.450000  1919   41.19   7.48 0.000
128.505556 128.533333  1837   39.57   7.35 0.000
128.588888 128.616666  1812   39.08   7.31 0.000
128.672222 128.700000  1780   38.44   7.25 0.000
128.755556 128.783333  1776   38.37   7.25 0.000
128.838888 128.866666  1774   38.32   7.24 0.000
128.922222 128.950000  1791   38.66   7.27 0.000
129.005556 129.033333  1783   38.50   7.26 0.000
129.088888 129.116666  1856   39.95   7.38 0.000
129.172222 129.200000  1858   39.98   7.38 0.000
129.255556 129.283333  1864   40.10   7.39 0.000
129.338888 129.366666  1868   40.18   7.40 0.000
129.421527 129.449306  1914   41.09   7.47 0.000
129.504861 129.532639  1904   40.90   7.46 0.000
129.588194 129.615972  1777   38.38   7.25 0.000
129.671527 129.699306  1684   36.55   7.10 0.000
129.754861 129.782639  1637   35.62   7.02 0.000
129.838194 129.865972  1616   35.21   6.98 0.000
129.921527 129.949306  1660   36.08   7.06 0.000
130.004861 130.032639  1653   35.93   7.04 0.000
130.088194 130.115972  1727   37.40   7.17 0.000
130.171527 130.199306  1810   39.03   7.30 0.000
130.254861 130.282639  1868   40.18   7.40 0.000
130.338194 130.365972  1885   40.52   7.42 0.000
130.421527 130.449306  1934   41.49   7.51 0.000
130.504861 130.532639  1827   39.37   7.33 0.000
130.588194 130.615972  1748   37.81   7.20 0.000
130.671527 130.699306  1786   38.56   7.26 0.000
130.754861 130.782639  1680   36.47   7.09 0.000
130.838194 130.865972  1591   34.72   6.94 0.000
130.921527 130.949306  1535   33.62   6.85 0.000
131.004861 131.032639  1614   35.17   6.98 0.000
131.088194 131.115972  1576   34.42   6.92 0.000
131.171527 131.199306  1613   35.15   6.98 0.000
131.254861 131.282639  1723   37.32   7.16 0.000
131.338194 131.365972  1677   36.41   7.08 0.000
131.421527 131.449306  1725   37.35   7.16 0.000
131.504861 131.532639  1716   37.18   7.15 0.000
131.588194 131.615972  1752   37.89   7.21 0.000
131.671527 131.699306  1687   36.61   7.10 0.000
131.754861 131.782639  1771   38.27   7.24 0.000
131.838194 131.865972  1765   38.15   7.23 0.000
131.921527 131.949306  1731   37.47   7.17 0.000
132.004861 132.032639  1383   30.65   6.60 0.000
132.088194 132.115972  1295   28.94   6.46 0.000
132.171527 132.199306  1324   29.50   6.50 0.000
132.254861 132.282639  1282   28.69   6.44 0.000
132.338194 132.365972  1278   28.61   6.43 0.000
132.421527 132.449306  1307   29.18   6.48 0.000
132.504861 132.532639  1306   29.16   6.48 0.000
132.588194 132.615972  1302   29.08   6.47 0.000
132.671527 132.699306  1338   29.78   6.53 0.000
132.754861 132.782639  1341   29.83   6.53 0.000
132.838194 132.865972  1359   30.18   6.56 0.000
132.921527 132.949306  1355   30.11   6.56 0.000
133.004861 133.032639  1350   30.01   6.55 0.000
133.088194 133.115972  1341   29.83   6.53 0.000
133.171527 133.199306  1355   30.11   6.56 0.000
133.254861 133.282639  1376   30.51   6.59 0.000
133.338194 133.365972  1390   30.78   6.61 0.000
133.421527 133.449306  1432   31.60   6.68 0.000
133.504861 133.532639  1451   31.97   6.71 0.000
133.588194 133.615972  1483   32.60   6.77 0.000
133.671527 133.699306  1512   33.17   6.81 0.000
133.754861 133.782639  1549   33.89   6.87 0.000
133.837499 133.865277  1563   34.17   6.90 0.000
133.920833 133.948611  1576   34.42   6.92 0.000
134.004166 134.031944  1597   34.83   6.95 0.000
134.087499 134.115277  1706   36.98   7.13 0.000
134.170833 134.198611  1696   36.78   7.11 0.000
134.254166 134.281944  1679   36.45   7.09 0.000
134.337499 134.365277  1604   34.97   6.96 0.000
134.420833 134.448611  1602   34.93   6.96 0.000
134.504166 134.531944  1578   34.46   6.92 0.000
134.587499 134.615277  1531   33.54   6.84 0.000
134.670833 134.698611  1488   32.70   6.77 0.000
134.754166 134.781944  1461   32.17   6.73 0.000
134.837499 134.865277  1463   32.21   6.73 0.000
134.920833 134.948611  1527   33.46   6.84 0.000
135.004166 135.031944  1560   34.11   6.89 0.000
135.087499 135.115277  1594   34.78   6.95 0.000
135.170833 135.198611  1613   35.15   6.98 0.000
135.254166 135.281944  1647   35.82   7.03 0.000
135.337499 135.365277  1671   36.29   7.07 0.000
135.420833 135.448611  1660   36.08   7.06 0.000
135.504166 135.531944  1649   35.86   7.04 0.000
135.587499 135.615277  1612   35.13   6.98 0.000
135.670833 135.698611  1558   34.07   6.89 0.000
135.754166 135.781944  1546   33.84   6.87 0.000
135.837499 135.865277  1550   33.92   6.88 0.000
135.920833 135.948611  1556   34.03   6.89 0.000
136.004166 136.031944  1532   33.56   6.85 0.000
136.087499 136.115277  1507   33.07   6.80 0.000
136.170833 136.198611  1547   33.85   6.87 0.000
136.254166 136.281944  1545   33.82   6.87 0.000
136.337499 136.365277  1522   33.36   6.83 0.000
136.420833 136.448611  1545   33.82   6.87 0.000
136.504166 136.531944  1550   33.92   6.88 0.000
136.587499 136.615277  1543   33.77   6.86 0.000
136.670833 136.698611  1534   33.60   6.85 0.000
136.754166 136.781944  1522   33.36   6.83 0.000
136.837499 136.865277  1489   32.72   6.78 0.000
136.920833 136.948611  1478   32.51   6.76 0.000
137.004166 137.031944  1482   32.58   6.76 0.000
137.087499 137.115277  1470   32.34   6.74 0.000
137.170833 137.198611  1466   32.27   6.74 0.000
137.254166 137.281944  1459   32.13   6.73 0.000
137.337499 137.365277  1468   32.31   6.74 0.000
137.420833 137.448611  1473   32.41   6.75 0.000
137.504166 137.531944  1458   32.11   6.72 0.000
137.587499 137.615277  1432   31.60   6.68 0.000
137.670833 137.698611  1411   31.20   6.65 0.000
137.754166 137.781944  1415   31.27   6.65 0.000
137.837499 137.865277  1439   31.74   6.69 0.000
137.920833 137.948611  1423   31.43   6.67 0.000
138.004166 138.031944  1424   31.45   6.67 0.000
138.087499 138.115277  1415   31.27   6.65 0.000
138.170138 138.197916  1405   31.08   6.64 0.000
138.253472 138.281250  1412   31.22   6.65 0.000
138.336806 138.364583  1398   30.94   6.63 0.000
138.420138 138.447916  1446   31.87   6.70 0.000
138.503472 138.531250  1384   30.67   6.60 0.000
138.586806 138.614583  1347   29.95   6.54 0.000
138.670138 138.697916  1361   30.23   6.57 0.000
138.753472 138.781250  1365   30.30   6.57 0.000
138.836806 138.864583  1359   30.18   6.56 0.000
138.920138 138.947916  1232   27.72   6.35 0.000
139.003472 139.031250  1214   27.37   6.32 0.000
139.086806 139.114583  1231   27.70   6.35 0.000
139.170138 139.197916  1240   27.88   6.37 0.000
139.253472 139.281250  1254   28.15   6.39 0.000
139.336806 139.364583  1306   29.16   6.48 0.000
139.420138 139.447916  1332   29.66   6.52 0.000
139.503472 139.531250  1329   29.60   6.51 0.000
139.586806 139.614583  1308   29.19   6.48 0.000
139.670138 139.697916  1300   29.04   6.47 0.000
139.753472 139.781250  1297   28.98   6.46 0.000
139.836806 139.864583  1300   29.04   6.47 0.000
139.920138 139.947916  1306   29.16   6.48 0.000
140.003472 140.031250  1324   29.50   6.50 0.000
140.086806 140.114583  1317   29.36   6.49 0.000
140.170138 140.197916  1326   29.54   6.51 0.000
140.540277 140.568056  1302   29.08   6.47 0.000
140.623611 140.651389  1346   29.93   6.54 0.000
140.706944 140.734722  1290   28.85   6.45 0.000
140.790277 140.818056  1297   28.98   6.46 0.000
140.873611 140.901389  1305   29.13   6.47 0.000
140.956944 140.984722  1326   29.54   6.51 0.000
141.040277 141.068056  1306   29.16   6.48 0.000
141.123611 141.151389  1315   29.33   6.49 0.000
141.206944 141.234722  1296   28.96   6.46 0.000
141.290277 141.318056  1277   28.59   6.43 0.000
141.373611 141.401389  1298   29.00   6.46 0.000
141.456944 141.484722  1337   29.76   6.53 0.000
141.540277 141.568056  1254   28.15   6.39 0.000
141.623611 141.651389  1255   28.17   6.39 0.000
141.706944 141.734722  1273   28.51   6.42 0.000
141.790277 141.818056  1277   28.59   6.43 0.000
141.872916 141.900694  1268   28.42   6.41 0.000
141.956249 141.984027  1278   28.61   6.43 0.000
142.039583 142.067361  1327   29.56   6.51 0.000
142.122916 142.150694  1329   29.60   6.51 0.000
142.206249 142.234027  1362   30.24   6.57 0.000
142.289583 142.317361  1245   27.98   6.38 0.000
142.372916 142.400694  1279   28.63   6.43 0.000
142.456249 142.484027  1338   29.78   6.53 0.000
142.539583 142.567361  1367   30.34   6.58 0.000
142.622916 142.650694  1280   28.65   6.43 0.000
142.706249 142.734027  1233   27.75   6.36 0.000
142.789583 142.817361  1213   27.36   6.32 0.000
142.872916 142.900694  1219   27.47   6.33 0.000
142.956249 142.984027  1223   27.55   6.34 0.000
143.039583 143.067361  1245   27.98   6.38 0.000
143.122916 143.150694  1280   28.65   6.43 0.000
143.206249 143.234027  1313   29.29   6.49 0.000
143.289583 143.317361  1312   29.27   6.49 0.000
143.372916 143.400694  1321   29.45   6.50 0.000
143.456249 143.484027  1348   29.97   6.54 0.000
