data/obs/c2h6/WDCGG/event/CH0005R.20090101000000.20160915102628.online_gc.ethane.air.1y.2h.CH01L_Agilent_ADS-GC-FID_cn10450060_RIG.CH01L_ADS_GC_FID_VOCAIR_RIGI..nas
58 1001
Reimann, Stefan
CH01L, Swiss Federal Laboratories for Materials Science and Technology, EMPA, Section Air Pollution, Überlandstrasse 133, , 8600, Dübendorf, Switzerland
Reimann, Stefan
EMEP GAW-WDCRG
1 1
2009 01 01 2016 09 15
0.083333
days from file reference point
3
1 1 1
999.999999 99999 9.999
end_time of measurement, days from the file reference point
ethane, pmol/mol
numflag ethane, no unit
0
41
Data definition:              EBAS_1.1
Set type code:                TU
Timezone:                     UTC
File name:                    CH0005R.20090101000000.20160915102628.online_gc.ethane.air.1y.2h.CH01L_Agilent_ADS-GC-FID_cn10450060_RIG.CH01L_ADS_GC_FID_VOCAIR_RIGI..nas
File creation:                20190306184551
Startdate:                    20090101000000
Revision date:                20160915102628
Statistics:                   arithmetic mean
Data level:                   
Period code:                  1y
Resolution code:              2h
Sample duration:              40mn
Orig. time res.:              2h
Station code:                 CH0005R
Platform code:                CH0005S
Station name:                 Rigi
Station GAW-ID:               RIG
Station latitude:             47.0675
Station longitude:            8.463889
Station altitude:             1031.0m
Measurement height:           4.0m
Regime:                       IMG
Component:                    ethane
Unit:                         pmol/mol
Matrix:                       air
Instrument type:              online_gc
Laboratory code:              CH01L
Instrument name:              Agilent_ADS-GC-FID_cn10450060_RIG
Method ref:                   CH01L_ADS_GC_FID_VOCAIR_RIGI
Inlet description:            above the roof
Volume std. temperature:      273.15 K
Volume std. pressure:         1013.25 hPa
Detection limit:              9.0 pmol/mol
Detection limit expl.:        Determined by integration of a baseline signal multiplied by a factor of 3, detection     limit flag 147
Measurement uncertainty expl.: Includes reproducibility (precision) + systematic errors (accuracy)
Zero/negative values code:    Zero/negative impossible
Zero/negative values:         Neg. values don't appear because data was processed and neg data taken out
Originator:                   Reimann, Stefan, , , , , , , , , 
Submitter:                    Reimann, Stefan, , , , , , , , , 
Comment:                      "No SOP currently available, o3 removed with an ozone scrubber, nafion dryer, Calibration interval:1/month calibration interval"
starttime endtime C2H6 flag_C2H6
[from data line 3295]
274.583333 274.597222   965 0.000
274.666667 274.680556   970 0.000
274.750000 274.763889   908 0.000
274.833333 274.847222   919 0.000
274.916667 274.930556   940 0.000
275.000000 275.013889   986 0.000
275.083333 275.097222  1013 0.000
275.166667 275.180556   997 0.000
275.250000 275.263889   936 0.000
275.333333 275.347222   926 0.000
275.416667 275.430556   951 0.000
275.500000 275.513889  1035 0.000
275.583333 275.597222  1076 0.000
275.666667 275.680556  1014 0.000
275.750000 275.763889  1040 0.000
275.833333 275.847222  1009 0.000
275.916667 275.930556  1011 0.000
276.000000 276.013889  1016 0.000
276.083333 276.097222  1062 0.000
276.166667 276.180556  1049 0.000
276.250000 276.263889   959 0.000
276.333333 276.347222   959 0.000
276.416667 276.430556   953 0.000
276.500000 276.513889  1002 0.000
276.583333 276.597222  1011 0.000
276.666667 276.680556   964 0.000
276.750000 276.763889   972 0.000
276.833333 276.847222   919 0.000
276.916667 276.930556   868 0.000
277.000000 277.013889   841 0.000
277.083333 277.097222   899 0.000
277.166667 277.180556   940 0.000
277.250000 277.263889   935 0.000
277.333333 277.347222   930 0.000
277.416667 277.430556   947 0.000
277.500000 277.513889   966 0.000
277.583333 277.597222   870 0.000
277.666667 277.680556   839 0.000
277.750000 277.763889   818 0.000
277.833333 277.847222   817 0.000
277.916667 277.930556   635 0.000
278.000000 278.013889   586 0.000
278.083333 278.097222   700 0.000
278.166667 278.180556   720 0.000
278.250000 278.263889   646 0.000
278.333333 278.347222   666 0.000
278.416667 278.430556   739 0.000
278.500000 278.513889   762 0.000
278.583333 278.597222   773 0.000
278.666667 278.680556   717 0.000
278.750000 278.763889   647 0.000
278.833333 278.847222   753 0.000
278.916667 278.930556   824 0.000
279.000000 279.013889   699 0.000
279.083333 279.097222   733 0.000
279.166667 279.180556   692 0.000
279.250000 279.263889   823 0.000
279.333333 279.347222   771 0.000
279.416667 279.430556   700 0.000
279.500000 279.513889   791 0.000
279.583333 279.597222   668 0.000
279.666667 279.680556   641 0.000
279.750000 279.763889   574 0.000
279.833333 279.847222   575 0.000
279.916667 279.930556   612 0.000
280.000000 280.013889   797 0.000
280.083333 280.097222   733 0.000
280.166667 280.180556   718 0.000
280.250000 280.263889   837 0.000
280.333333 280.347222   937 0.000
280.416667 280.430556   762 0.000
280.500000 280.513889   726 0.000
280.583333 280.597222   703 0.000
280.666667 280.680556   770 0.000
280.750000 280.763889   788 0.000
280.833333 280.847222   803 0.000
280.916667 280.930556   801 0.000
281.000000 281.013889   821 0.000
281.083333 281.097222   798 0.000
281.166667 281.180556   799 0.000
281.250000 281.263889   804 0.000
281.333333 281.347222   797 0.000
281.416667 281.430556   857 0.000
281.500000 281.513889   808 0.000
281.583333 281.597222   872 0.000
281.666667 281.680556   868 0.000
281.750000 281.763889   857 0.000
281.833333 281.847222   799 0.000
281.916667 281.930556   837 0.000
282.000000 282.013889   845 0.000
282.083333 282.097222   913 0.000
282.166667 282.180556   881 0.000
282.250000 282.263889   866 0.000
282.333333 282.347222   834 0.000
282.416667 282.430556   801 0.000
282.500000 282.513889   791 0.000
282.583333 282.597222   803 0.000
282.666667 282.680556   803 0.000
282.750000 282.763889   796 0.000
282.833333 282.847222   883 0.000
282.916667 282.930556   918 0.000
283.000000 283.013889  1111 0.000
283.083333 283.097222  1075 0.000
283.166667 283.180556  1094 0.000
283.250000 283.263889  1129 0.000
283.333333 283.347222  1181 0.000
283.416667 283.430556  1172 0.000
283.500000 283.513889  1195 0.000
283.583333 283.597222  1165 0.000
283.666667 283.680556  1123 0.000
283.750000 283.763889  1131 0.000
283.833333 283.847222  1160 0.000
283.916667 283.930556  1159 0.000
284.000000 284.013889  1107 0.000
284.083333 284.097222  1106 0.000
284.166667 284.180556  1118 0.000
284.250000 284.263889  1141 0.000
284.333333 284.347222  1154 0.000
284.416667 284.430556  1067 0.000
284.500000 284.513889  1012 0.000
284.583333 284.597222  1058 0.000
284.666667 284.680556  1096 0.000
284.750000 284.763889  1090 0.000
284.833333 284.847222  1126 0.000
284.916667 284.930556  1154 0.000
285.000000 285.013889  1170 0.000
285.083333 285.097222  1147 0.000
285.166667 285.180556  1123 0.000
285.250000 285.263889  1095 0.000
285.333333 285.347222  1080 0.000
285.416667 285.430556  1179 0.000
285.500000 285.513889  1204 0.000
285.583333 285.597222  1091 0.000
285.666667 285.680556  1051 0.000
285.750000 285.763889  1081 0.000
285.833333 285.847222  1093 0.000
285.916667 285.930556  1125 0.000
286.000000 286.013889  1182 0.000
286.083333 286.097222  1206 0.000
286.166667 286.180556  1251 0.000
286.250000 286.263889  1182 0.000
286.333333 286.347222  1292 0.000
286.416667 286.430556  1204 0.000
286.500000 286.513889  1138 0.000
286.583333 286.597222  1130 0.000
286.666667 286.680556  1097 0.000
286.750000 286.763889  1101 0.000
286.833333 286.847222  1083 0.000
286.916667 286.930556  1043 0.000
287.000000 287.013889  1147 0.000
287.083333 287.097222  1213 0.000
287.166667 287.180556  1174 0.000
287.250000 287.263889  1180 0.000
287.333333 287.347222  1220 0.000
287.416667 287.430556  1210 0.000
287.500000 287.513889  1102 0.000
287.583333 287.597222  1109 0.000
287.666667 287.680556  1148 0.000
287.750000 287.763889  1216 0.000
287.833333 287.847222  1189 0.000
287.916667 287.930556  1241 0.000
288.000000 288.013889  1242 0.000
288.083333 288.097222  1276 0.000
288.166667 288.180556  1316 0.000
288.250000 288.263889  1356 0.000
288.333333 288.347222  1332 0.000
288.416667 288.430556  1372 0.000
288.500000 288.513889  1374 0.000
288.583333 288.597222  1302 0.000
288.666667 288.680556  1317 0.000
288.750000 288.763889  1135 0.000
288.833333 288.847222  1265 0.000
288.916667 288.930556  1308 0.000
289.000000 289.013889  1310 0.000
289.083333 289.097222  1249 0.000
289.166667 289.180556  1257 0.000
289.250000 289.263889  1351 0.000
289.333333 289.347222  1232 0.000
289.416667 289.430556  1195 0.000
289.500000 289.513889  1251 0.000
289.583333 289.597222  1262 0.000
289.666667 289.680556  1111 0.000
289.750000 289.763889  1050 0.000
289.833333 289.847222  1102 0.000
289.916667 289.930556  1064 0.000
290.000000 290.013889  1082 0.000
290.083333 290.097222  1084 0.000
290.166667 290.180556  1083 0.000
290.250000 290.263889  1110 0.000
290.333333 290.347222  1121 0.000
290.416667 290.430556  1147 0.000
290.500000 290.513889  1145 0.000
290.583333 290.597222  1138 0.000
290.666667 290.680556  1148 0.000
290.750000 290.763889  1191 0.000
290.833333 290.847222  1183 0.000
290.916667 290.930556  1154 0.000
291.000000 291.013889  1216 0.000
291.083333 291.097222  1212 0.000
291.166667 291.180556  1173 0.000
291.250000 291.263889  1178 0.000
291.333333 291.347222  1167 0.000
291.416667 291.430556  1182 0.000
291.500000 291.513889  1209 0.000
291.583333 291.597222  1207 0.000
291.666667 291.680556  1210 0.000
291.750000 291.763889  1216 0.000
291.833333 291.847222  1220 0.000
291.916667 291.930556  1163 0.000
292.000000 292.013889  1154 0.000
292.083333 292.097222  1150 0.000
292.166667 292.180556  1142 0.000
292.250000 292.263889  1134 0.000
292.333333 292.347222  1129 0.000
292.416667 292.430556  1120 0.000
292.500000 292.513889  1115 0.000
292.583333 292.597222  1183 0.000
292.666667 292.680556  1236 0.000
292.750000 292.763889  1042 0.000
292.833333 292.847222  1026 0.000
292.916667 292.930556  1006 0.000
293.000000 293.013889  1199 0.000
293.083333 293.097222  1344 0.000
293.166667 293.180556  1307 0.000
293.250000 293.263889  1323 0.000
293.333333 293.347222  1386 0.000
293.416667 293.430556  1373 0.000
293.500000 293.513889  1327 0.000
293.583333 293.597222  1012 0.000
293.666667 293.680556   960 0.000
293.750000 293.763889  1207 0.000
293.833333 293.847222  1186 0.000
293.916667 293.930556  1388 0.000
294.000000 294.013889  1386 0.000
294.083333 294.097222  1343 0.000
294.166667 294.180556  1409 0.000
294.250000 294.263889  1484 0.000
294.333333 294.347222  1427 0.000
294.416667 294.430556  1389 0.000
294.500000 294.513889  1322 0.000
294.583333 294.597222  1391 0.000
294.666667 294.680556  1614 0.000
294.750000 294.763889  1068 0.000
294.833333 294.847222  1523 0.000
294.916667 294.930556  1392 0.000
295.000000 295.013889  1305 0.000
295.083333 295.097222  1308 0.000
295.166667 295.180556  1613 0.000
295.250000 295.263889  1635 0.000
295.333333 295.347222  1364 0.000
295.416667 295.430556  1268 0.000
295.500000 295.513889  1564 0.000
295.583333 295.597222  1092 0.000
295.666667 295.680556  1004 0.000
295.750000 295.763889  1025 0.000
295.833333 295.847222  1054 0.000
295.916667 295.930556  1053 0.000
296.000000 296.013889  1037 0.000
296.083333 296.097222  1008 0.000
296.166667 296.180556  1005 0.000
296.250000 296.263889   986 0.000
296.333333 296.347222  1012 0.000
296.416667 296.430556  1003 0.000
296.500000 296.513889  1145 0.000
296.583333 296.597222  1195 0.000
296.666667 296.680556  1242 0.000
296.750000 296.763889  1018 0.000
296.833333 296.847222  1008 0.000
296.916667 296.930556   878 0.000
297.000000 297.013889   823 0.000
297.083333 297.097222   826 0.000
297.166667 297.180556   802 0.000
297.250000 297.263889   791 0.000
297.333333 297.347222   750 0.000
297.416667 297.430556   774 0.000
297.500000 297.513889  1260 0.000
297.583333 297.597222  1096 0.000
297.666667 297.680556  1003 0.000
297.750000 297.763889  1030 0.000
297.833333 297.847222  1008 0.000
297.916667 297.930556  1033 0.000
298.000000 298.013889  1185 0.000
298.083333 298.097222   983 0.000
298.166667 298.180556  1005 0.000
298.250000 298.263889   960 0.000
298.333333 298.347222   997 0.000
298.416667 298.430556   989 0.000
298.500000 298.513889   984 0.000
298.583333 298.597222  1043 0.000
298.666667 298.680556  1081 0.000
298.750000 298.763889  1186 0.000
298.833333 298.847222  1179 0.000
298.916667 298.930556  1156 0.000
299.000000 299.013889  1188 0.000
299.083333 299.097222  1193 0.000
299.166667 299.180556  1191 0.000
299.250000 299.263889  1187 0.000
299.333333 299.347222  1246 0.000
299.416667 299.430556  1163 0.000
299.500000 299.513889  1307 0.000
299.583333 299.597222  1295 0.000
299.666667 299.680556  1368 0.000
299.750000 299.763889  1258 0.000
299.833333 299.847222  1273 0.000
299.916667 299.930556  1210 0.000
300.000000 300.013889  1095 0.000
300.083333 300.097222  1154 0.000
300.166667 300.180556  1087 0.000
300.250000 300.263889  1148 0.000
300.333333 300.347222  1011 0.000
300.416667 300.430556  1012 0.000
300.500000 300.513889  1018 0.000
300.583333 300.597222  1070 0.000
300.666667 300.680556  1025 0.000
300.750000 300.763889   983 0.000
300.833333 300.847222  1026 0.000
300.916667 300.930556  1002 0.000
301.000000 301.013889  1072 0.000
301.083333 301.097222  1068 0.000
301.166667 301.180556  1010 0.000
301.250000 301.263889  1040 0.000
301.333333 301.347222  1042 0.000
301.416667 301.430556  1094 0.000
301.500000 301.513889  1099 0.000
301.583333 301.597222  1293 0.000
301.666667 301.680556  1484 0.000
301.750000 301.763889  1311 0.000
301.833333 301.847222  1309 0.000
301.916667 301.930556  1402 0.000
302.000000 302.013889  1382 0.000
302.083333 302.097222  1238 0.000
302.166667 302.180556  1300 0.000
302.250000 302.263889  1896 0.000
302.333333 302.347222  1801 0.000
302.416667 302.430556  1801 0.000
302.500000 302.513889  1715 0.000
302.583333 302.597222  1648 0.000
302.666667 302.680556  1662 0.000
302.750000 302.763889  1685 0.000
302.833333 302.847222  1650 0.000
302.916667 302.930556  1652 0.000
303.000000 303.013889  1574 0.000
303.083333 303.097222  1657 0.000
303.166667 303.180556  1621 0.000
303.250000 303.263889  1603 0.000
303.333333 303.347222  1547 0.000
303.416667 303.430556  1575 0.000
303.500000 303.513889  1140 0.000
303.583333 303.597222  1447 0.000
303.666667 303.680556  1362 0.000
303.750000 303.763889  1324 0.000
303.833333 303.847222  1257 0.000
303.916667 303.930556  1183 0.000
304.000000 304.013889  1104 0.000
304.083333 304.097222  1142 0.000
304.166667 304.180556  1201 0.000
304.250000 304.263889  1152 0.000
304.333333 304.347222  1143 0.000
304.416667 304.430556  1097 0.000
304.500000 304.513889  1104 0.000
304.583333 304.597222  1174 0.000
304.666667 304.680556  1329 0.000
304.750000 304.763889  1038 0.000
304.833333 304.847222   881 0.000
304.916667 304.930556  1075 0.000
305.000000 305.013889  1167 0.000
305.083333 305.097222  1315 0.000
305.166667 305.180556  1022 0.000
305.250000 305.263889   982 0.000
305.333333 305.347222   994 0.000
305.416667 305.430556  1030 0.000
305.500000 305.513889  1014 0.000
305.583333 305.597222  1013 0.000
305.666667 305.680556  1013 0.000
305.750000 305.763889  1037 0.000
305.833333 305.847222  1036 0.000
305.916667 305.930556  1046 0.000
306.000000 306.013889  1086 0.000
306.083333 306.097222  1058 0.000
306.166667 306.180556  1078 0.000
306.250000 306.263889  1077 0.000
306.333333 306.347222  1089 0.000
306.416667 306.430556  1097 0.000
306.500000 306.513889  1087 0.000
306.583333 306.597222  1136 0.000
306.666667 306.680556  1132 0.000
306.750000 306.763889  1082 0.000
306.833333 306.847222  1125 0.000
306.916667 306.930556  1153 0.000
307.000000 307.013889  1158 0.000
307.083333 307.097222  1131 0.000
307.166667 307.180556  1141 0.000
307.250000 307.263889  1205 0.000
307.333333 307.347222  1188 0.000
307.416667 307.430556  1289 0.000
307.500000 307.513889  1208 0.000
307.583333 307.597222  1171 0.000
307.666667 307.680556  1175 0.000
307.750000 307.763889  1208 0.000
307.833333 307.847222  1197 0.000
307.916667 307.930556  1278 0.000
308.000000 308.013889  1248 0.000
308.083333 308.097222  1241 0.000
308.166667 308.180556  1246 0.000
308.250000 308.263889  1240 0.000
308.333333 308.347222  1234 0.000
308.416667 308.430556  1229 0.000
308.500000 308.513889  1238 0.000
308.583333 308.597222  1238 0.000
308.666667 308.680556  1233 0.000
308.750000 308.763889  1248 0.000
308.833333 308.847222  1318 0.000
308.916667 308.930556  1369 0.000
309.000000 309.013889  1388 0.000
309.083333 309.097222  1296 0.000
309.166667 309.180556  1381 0.000
309.250000 309.263889  1277 0.000
309.333333 309.347222  1350 0.000
309.416667 309.430556  1421 0.000
309.500000 309.513889  1289 0.000
309.583333 309.597222  1355 0.000
309.666667 309.680556  1288 0.000
309.750000 309.763889  1261 0.000
309.833333 309.847222  1284 0.000
309.916667 309.930556  1300 0.000
310.000000 310.013889  1277 0.000
310.083333 310.097222  1262 0.000
310.166667 310.180556  1283 0.000
310.250000 310.263889  1239 0.000
310.333333 310.347222  1207 0.000
310.416667 310.430556  1284 0.000
310.500000 310.513889  1410 0.000
310.583333 310.597222  1394 0.000
310.666667 310.680556  1580 0.000
310.750000 310.763889  1376 0.000
310.833333 310.847222  1390 0.000
310.916667 310.930556  1492 0.000
311.000000 311.013889  1414 0.000
311.083333 311.097222  1195 0.000
311.166667 311.180556  1201 0.000
311.250000 311.263889  1207 0.000
311.333333 311.347222  1281 0.000
311.416667 311.430556  1228 0.000
311.500000 311.513889  1243 0.000
311.583333 311.597222  1291 0.000
311.666667 311.680556  1382 0.000
311.750000 311.763889  1439 0.000
311.833333 311.847222  1570 0.000
311.916667 311.930556  1953 0.000
312.000000 312.013889  1775 0.000
312.083333 312.097222  1773 0.000
312.166667 312.180556  1761 0.000
312.250000 312.263889  1810 0.000
312.333333 312.347222  1836 0.000
312.416667 312.430556  1847 0.000
312.500000 312.513889  1917 0.000
312.583333 312.597222  1922 0.000
312.666667 312.680556  1967 0.000
312.750000 312.763889  2106 0.000
312.833333 312.847222  1939 0.000
312.916667 312.930556  2128 0.000
313.000000 313.013889  2021 0.000
313.083333 313.097222  1978 0.000
313.166667 313.180556  2070 0.000
313.250000 313.263889  2138 0.000
313.333333 313.347222  2174 0.000
313.416667 313.430556  2178 0.000
313.500000 313.513889  2194 0.000
313.583333 313.597222  2121 0.000
