data/obs/c2h6/WDCGG/event/CH0001G.20150101225000.20170425145159.online_gc.ethane.air.1y.2h.CH01L_Agilent_GC-MS-MEDUSA_Medusa-12_JFJ.CH01L_VOC_AIR_MEDUSA-12.lev2.nas
68 1001
Hill, Matz; Reimann, Stefan
CH01L, Swiss Federal Laboratories for Materials Science and Technology, EMPA, Section Air Pollution, Überlandstrasse 133, , 8600, Dübendorf, Switzerland
Hill, Matz
ACTRIS EMEP GAW-WDCGG-node GAW-WDCRG
1 1
2015 01 01 2017 04 25
0
days from file reference point
5
1 1 1 1 1
999.999999 99999.999 9999.999 999.999 9.999
end_time of measurement, days from the file reference point
ethane, pmol/mol, Statistics=arithmetic mean, Detection limit=1.1 pmol/mol
ethane, pmol/mol, Statistics=expanded uncertainty 2sigma
ethane, pmol/mol, Statistics=precision
numflag, no unit
0
49
Data definition:              EBAS_1.1
Set type code:                TI
Timezone:                     UTC
File name:                    CH0001G.20150101225000.20170425145159.online_gc.ethane.air.1y.2h.CH01L_Agilent_GC-MS-MEDUSA_Medusa-12_JFJ.CH01L_VOC_AIR_MEDUSA-12.lev2.nas
File creation:                20190306184544
Startdate:                    20150101225000
Revision date:                20170425145159
Version:                      3
Version description:          second revision, manually inspected
Data level:                   2
Period code:                  1y
Resolution code:              2h
Sample duration:              20mn
Orig. time res.:              2h
Station code:                 CH0001G
Platform code:                CH0001S
Station name:                 Jungfraujoch
Station GAW-ID:               JFJ
Station latitude:             46.5475
Station longitude:            7.985
Station altitude:             3578.0m
Measurement height:           4.0m
Regime:                       IMG
Component:                    ethane
Unit:                         pmol/mol
Matrix:                       air
Instrument type:              online_gc
Laboratory code:              CH01L
Instrument name:              Agilent_GC-MS-MEDUSA_Medusa-12_JFJ
Instrument manufacturer:      AGAGE+Agilent+Agilent
Instrument model:             MEDUSA+6890N+5975B
Instrument serial number:     Medusa-12
Method ref:                   CH01L_VOC_AIR_MEDUSA-12
Standard method:              None
Calibration scale:            SIO-p
Inlet type:                   Hat or hood
Inlet description:            above the roof
Volume std. temperature:      273.15 K
Volume std. pressure:         1013.25 hPa
Detection limit expl.:        Determined by instrument counting statistics, no detection limit flag used
Measurement uncertainty expl.: Includes reproducibility (precision) + systematic errors (accuracy)
Zero/negative values code:    Zero/negative impossible
Zero/negative values:         Zero and neg. values do not appear because data was processed and zero/neg data taken out
Originator:                   Hill, Matz, matthias.hill@empa.ch, Swiss Federal Laboratories for Materials Science and Technology, Empa, Air Pollution/Environmental Technology, Ueberlandstrasse 129, , CH-8600, Duebendorf, Switzerland
Originator:                   Reimann, Stefan, , , , , , , , , 
Submitter:                    Hill, Matz, matthias.hill@empa.ch, Swiss Federal Laboratories for Materials Science and Technology, Empa, Air Pollution/Environmental Technology, Ueberlandstrasse 129, , CH-8600, Duebendorf, Switzerland
Acknowledgement:              Request acknowledgement details from data originator
Comment:                      "No SOP currently available, MEDUSA. Sample volume: 2L, trap at -170degC, trap material Hayesep D, Nafion dryer, no O3 removal, 2-hourly calibration interval"
starttime endtime C2H6 C2H6 C2H6 flag
[from data line 2910]
250.851389 250.865278  1065.019   67.570   2.674 0.000
250.896528 250.910417  1066.667   67.674   2.678 0.000
250.986806 251.000694  1062.900   67.435   2.668 0.000
251.031944 251.045833  1058.727   67.173   2.677 0.000
251.122222 251.136111  1058.374   67.151   2.676 0.000
251.167361 251.181250  1073.436   68.127   2.838 0.000
251.257639 251.271528  1023.407   64.952   2.705 0.000
251.302778 251.316667  1025.635   65.094   2.719 0.000
251.393056 251.406944  1061.391   67.364   2.814 0.000
251.438194 251.452083  1050.938   66.702   2.796 0.000
251.528472 251.542361  1038.218   65.895   2.762 0.000
251.573611 251.587500  1004.837   63.785   2.728 0.000
251.663889 251.677778   936.008   59.416   2.541 0.000
251.709028 251.722917   951.257   60.393   2.633 0.000
251.799306 251.813194   939.176   59.626   2.600 0.000
251.844444 251.858333   927.258   58.863   2.534 0.000
251.934722 251.948611   978.175   62.084   2.602 0.000
251.979861 251.993750   978.085   62.093   2.692 0.000
252.070139 252.084028   992.670   63.005   2.649 0.000
252.115278 252.129167  1008.065   63.990   2.736 0.000
252.205556 252.219444  1005.801   63.831   2.639 0.000
252.250694 252.264583  1002.438   63.544   2.139 0.000
252.340972 252.354861   993.614   62.986   2.133 0.000
252.386111 252.400000  1013.412   64.174   1.603 0.000
252.476389 252.490278  1011.628   64.098   1.940 0.000
252.521528 252.535417  1001.222   63.441   1.934 0.000
252.611806 252.625694   997.921   63.249   2.064 0.000
252.656944 252.670833  1008.260   63.911   2.134 0.000
252.972917 252.986806  1033.883   65.538   2.213 0.000
253.018056 253.031944  1013.403   64.233   2.115 0.000
253.136111 253.150000   947.397   60.055   2.024 0.000
253.153472 253.167361   897.730   56.900   1.869 0.000
253.243750 253.257639   906.104   57.423   1.822 0.000
253.288889 253.302778   938.849   59.514   2.009 0.000
253.379167 253.393056   966.016   61.239   2.092 0.000
253.424306 253.438194   965.511   61.207   2.091 0.000
253.514583 253.528472   958.550   60.766   2.073 0.000
253.559722 253.573611   933.239   59.161   2.018 0.000
253.677778 253.691667   948.421   60.118   2.013 0.000
253.695139 253.709028   948.462   60.121   2.013 0.000
253.785417 253.799306   937.896   59.443   1.931 0.000
253.830556 253.844444   921.872   58.428   1.898 0.000
253.921528 253.935417   939.416   59.538   1.918 0.000
253.966667 253.980556   966.323   61.248   2.011 0.000
254.056944 254.070833   934.396   59.217   1.888 0.000
254.102083 254.115972   941.275   59.660   1.959 0.000
254.688889 254.702778  1046.563   66.344   2.252 0.000
254.761806 254.775694  1051.420   66.648   2.235 0.000
254.824306 254.838194  1049.710   66.539   2.231 0.000
254.869444 254.883333  1054.354   66.824   2.165 0.000
254.959722 254.973611   980.965   62.182   2.085 0.000
255.004861 255.018750  1034.005   65.535   2.130 0.000
255.095139 255.109028   906.343   57.449   1.911 0.000
255.140278 255.154167   879.627   55.755   1.847 0.000
255.282639 255.296528  1051.304   66.640   2.229 0.000
255.372917 255.386806  1227.008   77.754   2.425 0.000
255.418056 255.431944  1280.636   81.147   2.485 0.000
255.508333 255.522222  1086.943   68.881   2.172 0.000
255.553472 255.567361  1030.365   65.294   2.046 0.000
255.643750 255.657639  1028.346   65.168   2.055 0.000
255.688889 255.702778  1076.893   68.240   2.114 0.000
255.779167 255.793056  1085.380   68.778   2.131 0.000
255.824306 255.838194  1171.365   74.228   2.314 0.000
255.914583 255.928472  1185.041   75.095   2.341 0.000
255.959722 255.973611  1191.042   75.478   2.374 0.000
256.050000 256.063889  1252.377   79.375   2.579 0.000
256.095139 256.109028  1274.632   80.774   2.535 0.000
256.185417 256.199306  1077.010   68.251   2.142 0.000
256.230556 256.244444   986.619   62.508   1.845 0.000
256.320833 256.334722  1040.148   65.900   1.945 0.000
256.365972 256.379861  1024.871   64.909   1.709 0.000
256.456250 256.470139   992.458   62.856   1.655 0.000
256.501389 256.515278   997.257   63.137   1.427 0.000
256.591667 256.605556   997.362   63.143   1.427 0.000
256.636806 256.650694   989.460   62.620   1.135 0.000
256.727083 256.740972   974.868   61.697   1.119 0.000
256.772222 256.786111   981.396   62.113   1.173 0.000
256.862500 256.876389  1014.034   64.179   1.212 0.000
256.907639 256.921528  1069.942   67.722   1.341 0.000
256.997917 257.011806  1052.109   66.593   1.319 0.000
257.043056 257.056944  1048.977   66.399   1.363 0.000
257.133333 257.147222  1025.012   64.882   1.331 0.000
257.178472 257.192361  1051.655   66.560   1.257 0.000
257.268750 257.282639  1063.008   67.328   1.815 0.000
257.313889 257.327778  1090.865   69.100   1.928 0.000
257.404167 257.418056  1169.390   74.095   2.249 0.000
257.449306 257.463194  1165.803   73.879   2.327 0.000
257.539583 257.553472 99999.999 9999.999 999.999 0.999
257.845139 257.859028 99999.999 9999.999 999.999 0.999
257.890278 257.904167 99999.999 9999.999 999.999 0.999
257.980556 257.994444 99999.999 9999.999 999.999 0.999
258.053472 258.067361 99999.999 9999.999 999.999 0.999
258.115972 258.129861  1047.656   66.435   2.414 0.000
258.161111 258.175000  1068.484   67.758   2.477 0.000
258.251389 258.265278  1097.359   69.612   2.695 0.000
258.296528 258.310417  1037.705   65.830   2.565 0.000
258.386806 258.400694  1005.127   63.787   2.627 0.000
258.431944 258.445833   975.995   61.915   2.408 0.000
258.522222 258.536111   936.962   59.439   2.312 0.000
258.595139 258.609028   883.345   56.026   2.104 0.000
258.657639 258.671528   829.811   52.631   1.977 0.000
258.702778 258.716667   852.691   54.069   1.944 0.000
258.793056 258.806944   848.879   53.827   1.935 0.000
258.838194 258.852083   860.760   54.573   1.907 0.000
258.928472 258.942361   877.063   55.598   1.883 0.000
258.973611 258.987500   906.669   57.475   1.946 0.000
259.063889 259.077778   933.540   59.168   1.931 0.000
259.136806 259.150694   875.599   55.496   1.811 0.000
259.199306 259.213194   917.739   58.170   1.918 0.000
259.244444 259.258333   960.638   60.857   1.753 0.000
259.334722 259.348611   936.981   59.364   1.760 0.000
259.379861 259.393750   960.468   60.846   1.748 0.000
259.470139 259.484028   861.024   54.541   1.525 0.000
259.515278 259.529167   846.802   53.640   1.495 0.000
259.605556 259.619444   891.595   56.481   1.611 0.000
259.678472 259.692361   856.102   54.216   1.393 0.000
259.966667 259.980556   911.082   57.738   1.830 0.000
260.011806 260.025694   903.292   57.237   1.755 0.000
260.102083 260.115972   899.447   57.000   1.802 0.000
260.147222 260.161111   929.377   58.896   1.852 0.000
260.237500 260.251389   929.479   58.897   1.814 0.000
260.282639 260.296528   926.649   58.790   2.319 0.000
260.372917 260.386806   921.373   58.536   2.770 0.000
260.418056 260.431944   918.746   58.369   2.762 0.000
260.508333 260.522222   908.509   57.731   2.797 0.000
260.553472 260.567361   919.516   58.413   2.742 0.000
260.643750 260.657639   907.787   57.673   2.731 0.000
260.688889 260.702778   907.384   57.647   2.729 0.000
260.779167 260.793056   922.954   58.635   2.770 0.000
260.824306 260.838194   931.602   59.185   2.796 0.000
260.914583 260.928472   980.316   62.281   2.953 0.000
260.959722 260.973611   952.803   60.549   2.954 0.000
261.050000 261.063889   970.280   61.651   2.959 0.000
261.095139 261.109028   978.538   62.194   3.082 0.000
261.681944 261.695833   951.099   60.490   3.191 0.000
261.727083 261.740972   992.318   63.112   3.329 0.000
261.845139 261.859028  1036.633   65.916   3.411 0.000
261.862500 261.876389  1054.947   67.059   3.366 0.000
261.952778 261.966667  1062.165   67.533   3.462 0.000
261.997917 262.011806  1071.307   68.097   3.407 0.000
262.088194 262.102083  1086.884   69.116   3.595 0.000
262.133333 262.147222  1088.275   69.177   3.468 0.000
262.303472 262.317361  1031.953   65.505   2.790 0.000
262.365972 262.379861   958.505   60.842   2.592 0.000
262.411111 262.425000   940.852   59.616   1.816 0.000
262.501389 262.515278 99999.999 9999.999 999.999 0.999
262.546528 262.560417 99999.999 9999.999 999.999 0.999
262.636806 262.650694 99999.999 9999.999 999.999 0.999
262.681944 262.695833 99999.999 9999.999 999.999 0.999
262.772222 262.786111   904.451   57.369   2.182 0.000
262.845139 262.859028   899.367   57.050   2.195 0.000
262.907639 262.921528   952.826   60.441   2.326 0.000
262.952778 262.966667   953.140   60.458   2.306 0.000
263.043056 263.056944   971.801   61.642   2.352 0.000
263.088194 263.102083   993.843   63.025   2.306 0.000
263.178472 263.192361  1005.512   63.765   2.333 0.000
263.223611 263.237500   998.548   63.302   2.168 0.000
263.313889 263.327778   961.694   60.966   2.088 0.000
263.386806 263.400694   965.945   61.230   2.058 0.000
263.449306 263.463194   967.287   61.315   2.060 0.000
263.494444 263.508333   947.811   60.123   2.316 0.000
263.585417 263.599306   964.589   61.188   2.357 0.000
263.630556 263.644444   962.064   61.028   2.350 0.000
263.720833 263.734722   900.617   57.118   2.119 0.000
263.765972 263.779861   712.319   45.176   1.676 0.000
263.856250 263.870139   727.379   46.122   1.653 0.000
263.929167 263.943056   834.619   52.917   1.864 0.000
263.991667 264.005556   926.269   58.728   2.068 0.000
264.036806 264.050694   770.590   48.861   1.744 0.000
264.127083 264.140972   852.090   54.028   1.924 0.000
264.172222 264.186111  1239.789   78.625   2.896 0.000
264.262500 264.276389  1140.212   72.296   2.570 0.000
264.307639 264.321528  1166.004   73.943   2.704 0.000
264.397917 264.411806  1042.225   66.084   2.353 0.000
264.552083 264.565972  1088.783   68.999   2.183 0.000
264.569444 264.583333 99999.999 9999.999 999.999 0.999
264.611111 264.625000 99999.999 9999.999 999.999 0.999
264.701389 264.715278  1181.338   74.827   2.048 0.000
264.746528 264.760417  1133.216   71.771   1.899 0.000
264.836806 264.850694  1118.384   70.838   1.927 0.000
264.881944 264.895833  1117.479   70.775   1.875 0.000
264.972222 264.986111  1109.376   70.267   1.913 0.000
265.017361 265.031250  1078.368   68.304   1.868 0.000
265.136111 265.150000   995.939   63.090   1.787 0.000
265.153472 265.167361   986.045   62.457   1.715 0.000
265.243750 265.257639   974.889   61.756   1.746 0.000
265.288889 265.302778   999.319   63.312   1.862 0.000
265.379167 265.393056  1076.773   68.210   1.929 0.000
265.424306 265.438194  1058.732   67.061   1.837 0.000
265.514583 265.528472  1093.389   69.210   1.422 0.000
265.559722 265.573611  1100.742   69.704   1.743 0.000
265.677778 265.691667  1108.937   70.229   1.808 0.000
265.695139 265.709028  1119.914   70.917   1.760 0.000
265.785417 265.799306  1097.093   69.472   1.725 0.000
265.830556 265.844444  1098.452   69.565   1.796 0.000
265.920833 265.934722  1083.786   68.650   1.896 0.000
265.965972 265.979861  1091.478   69.144   1.977 0.000
266.056250 266.070139  1093.672   69.306   2.173 0.000
266.101389 266.115278  1103.695   69.939   2.175 0.000
266.219444 266.233333  1034.429   65.550   2.036 0.000
266.236806 266.250694  1044.977   66.218   2.057 0.000
266.327083 266.340972  1009.502   63.968   1.970 0.000
266.372222 266.386111  1008.097   63.884   2.011 0.000
266.462500 266.476389  1023.872   64.885   2.051 0.000
266.507639 266.521528  1023.091   64.841   2.092 0.000
266.597917 266.611806  1009.691   63.985   2.013 0.000
266.643056 266.656944  1004.628   63.671   2.058 0.000
266.959028 266.972917  1028.202   65.166   2.113 0.000
267.004167 267.018056  1029.058   65.211   2.043 0.000
267.094444 267.108333  1029.209   65.222   2.055 0.000
267.139583 267.153472  1024.759   64.933   1.989 0.000
267.229861 267.243750  1012.628   64.172   2.026 0.000
267.302778 267.316667  1023.441   64.925   2.527 0.000
267.365278 267.379167  1023.186   64.950   2.780 0.000
267.410417 267.424306  1009.116   64.057   2.742 0.000
267.500694 267.514583   973.417   61.804   2.720 0.000
267.545833 267.559722   889.939   56.492   2.417 0.000
267.636111 267.650000   884.725   56.143   2.295 0.000
267.681250 267.695139   896.093   56.864   2.325 0.000
267.771528 267.785417   861.344   54.667   2.283 0.000
267.844444 267.858333   887.979   56.366   2.405 0.000
267.906944 267.920833   664.430   42.204   1.954 0.000
267.952083 267.965972   643.673   40.886   1.897 0.000
268.042361 268.056250   655.831   41.726   2.268 0.000
268.087500 268.101389   667.181   42.449   2.315 0.000
268.674306 268.688194   757.968   48.308   2.983 0.000
268.719444 268.733333   726.497   46.302   2.859 0.000
268.809722 268.823611   705.711   44.976   2.772 0.000
268.854861 268.868750   575.227   36.660   2.259 0.000
268.945139 268.959028   754.110   48.060   2.961 0.000
268.990278 269.004167   647.651   41.276   2.543 0.000
269.080556 269.094444   612.064   39.008   2.407 0.000
269.125694 269.139583   714.692   45.549   2.810 0.000
269.268056 269.281944   662.460   42.220   2.602 0.000
269.386111 269.400000   718.454   45.700   2.440 0.000
269.403472 269.417361   688.644   43.804   2.339 0.000
269.510417 269.524306 99999.999 9999.999 999.999 0.999
269.555556 269.569444 99999.999 9999.999 999.999 0.999
269.645833 269.659722   884.100   56.253   3.077 0.000
269.718750 269.732639   898.781   57.159   2.997 0.000
269.781250 269.795139   811.101   51.592   2.748 0.000
269.826389 269.840278   791.247   50.307   2.572 0.000
269.916667 269.930556   786.906   49.994   2.372 0.000
269.961806 269.975694   871.280   55.349   2.598 0.000
270.052083 270.065972   969.340   61.400   1.693 0.000
270.097222 270.111111  1004.505   63.651   1.956 0.000
270.187500 270.201389   948.233   60.049   1.523 0.000
270.260417 270.274306  1067.051   67.584   1.813 0.000
270.322917 270.336806  1165.253   73.792   1.871 0.000
270.368056 270.381944  1137.750   72.049   1.812 0.000
270.458333 270.472222  1142.423   72.345   1.819 0.000
270.503472 270.517361  1140.750   72.242   1.846 0.000
270.593750 270.607639  1180.329   74.748   1.910 0.000
270.638889 270.652778  1137.627   72.040   1.797 0.000
270.729167 270.743056  1104.133   69.919   1.744 0.000
270.802083 270.815972  1119.158   70.870   1.767 0.000
270.864583 270.878472  1131.507   71.652   1.786 0.000
270.909722 270.923611  1169.409   74.055   1.873 0.000
271.000000 271.013889  1190.778   75.408   1.908 0.000
271.045139 271.059028  1270.292   80.446   2.059 0.000
271.135417 271.149306  1223.410   77.477   1.983 0.000
271.180556 271.194444  1251.712   79.269   2.030 0.000
271.270833 271.284722  1130.093   71.567   1.833 0.000
271.343750 271.357639  1140.167   72.207   1.864 0.000
271.406250 271.420139  1161.248   73.542   1.898 0.000
271.451389 271.465278  1155.006   73.163   2.040 0.000
271.541667 271.555556  1146.750   72.640   2.026 0.000
271.586806 271.600694  1147.310   72.682   2.084 0.000
271.677083 271.690972  1117.978   70.824   2.030 0.000
271.722222 271.736111  1095.069   69.373   1.998 0.000
271.812500 271.826389  1105.441   70.031   2.017 0.000
271.885417 271.899306  1122.685   71.133   2.138 0.000
271.947917 271.961806  1139.447   72.196   2.170 0.000
271.993056 272.006944  1150.941   72.907   2.049 0.000
272.083333 272.097222  1125.458   71.293   2.004 0.000
272.128472 272.142361  1143.458   72.418   1.901 0.000
272.218750 272.232639  1157.627   73.316   1.924 0.000
272.263889 272.277778  1206.255   76.377   1.820 0.000
272.354167 272.368056  1168.566   73.991   1.763 0.000
272.427083 272.440972  1173.383   74.295   1.759 0.000
272.489583 272.503472  1047.488   66.323   1.571 0.000
272.534722 272.548611  1056.782   66.909   1.551 0.000
272.625000 272.638889  1050.722   66.525   1.542 0.000
272.670139 272.684028  1046.686   66.272   1.558 0.000
272.760417 272.774306  1016.371   64.352   1.513 0.000
272.805556 272.819444  1051.285   66.565   1.588 0.000
272.895833 272.909722  1099.477   69.611   1.609 0.000
272.968750 272.982639  1119.888   70.904   1.642 0.000
273.031250 273.045139  1123.840   71.150   1.603 0.000
273.076389 273.090278  1140.208   72.189   1.656 0.000
