data/obs/c2h6/WDCGG/event/CH0001G.20120101011900.20170425145159.online_gc.ethane.air.1y.2h.CH01L_Agilent_GC-MS-MEDUSA_Medusa-12_JFJ.CH01L_VOC_AIR_MEDUSA-12.lev2.nas
68 1001
Hill, Matz; Reimann, Stefan
CH01L, Swiss Federal Laboratories for Materials Science and Technology, EMPA, Section Air Pollution, Überlandstrasse 133, , 8600, Dübendorf, Switzerland
Hill, Matz
ACTRIS EMEP GAW-WDCGG-node GAW-WDCRG
1 1
2012 01 01 2017 04 25
0
days from file reference point
5
1 1 1 1 1
999.999999 99999.999 9999.999 999.999 9.999
end_time of measurement, days from the file reference point
ethane, pmol/mol, Statistics=arithmetic mean, Detection limit=1.1 pmol/mol
ethane, pmol/mol, Statistics=expanded uncertainty 2sigma
ethane, pmol/mol, Statistics=precision
numflag, no unit
0
49
Data definition:              EBAS_1.1
Set type code:                TI
Timezone:                     UTC
File name:                    CH0001G.20120101011900.20170425145159.online_gc.ethane.air.1y.2h.CH01L_Agilent_GC-MS-MEDUSA_Medusa-12_JFJ.CH01L_VOC_AIR_MEDUSA-12.lev2.nas
File creation:                20190306184543
Startdate:                    20120101011900
Revision date:                20170425145159
Version:                      3
Version description:          second revision, manually inspected
Data level:                   2
Period code:                  1y
Resolution code:              2h
Sample duration:              20mn
Orig. time res.:              2h
Station code:                 CH0001G
Platform code:                CH0001S
Station name:                 Jungfraujoch
Station GAW-ID:               JFJ
Station latitude:             46.5475
Station longitude:            7.985
Station altitude:             3578.0m
Measurement height:           4.0m
Regime:                       IMG
Component:                    ethane
Unit:                         pmol/mol
Matrix:                       air
Instrument type:              online_gc
Laboratory code:              CH01L
Instrument name:              Agilent_GC-MS-MEDUSA_Medusa-12_JFJ
Instrument manufacturer:      AGAGE+Agilent+Agilent
Instrument model:             MEDUSA+6890N+5975B
Instrument serial number:     Medusa-12
Method ref:                   CH01L_VOC_AIR_MEDUSA-12
Standard method:              None
Calibration scale:            SIO-p
Inlet type:                   Hat or hood
Inlet description:            above the roof
Volume std. temperature:      273.15 K
Volume std. pressure:         1013.25 hPa
Detection limit expl.:        Determined by instrument counting statistics, no detection limit flag used
Measurement uncertainty expl.: Includes reproducibility (precision) + systematic errors (accuracy)
Zero/negative values code:    Zero/negative impossible
Zero/negative values:         Zero and neg. values don't appear because data was processed and zero/neg data taken out
Originator:                   Hill, Matz, matthias.hill@empa.ch, Swiss Federal Laboratories for Materials Science and Technology, Empa, Air Pollution/Environmental Technology, Ueberlandstrasse 129, , CH-8600, Duebendorf, Switzerland
Originator:                   Reimann, Stefan, , , , , , , , , 
Submitter:                    Hill, Matz, matthias.hill@empa.ch, Swiss Federal Laboratories for Materials Science and Technology, Empa, Air Pollution/Environmental Technology, Ueberlandstrasse 129, , CH-8600, Duebendorf, Switzerland
Acknowledgement:              Request acknowledgement details from data originator
Comment:                      "No SOP currently available, MEDUSA. Sample volume: 2L, trap at -170degC, trap material Hayesep D, Nafion dryer, no O3 removal, 2-hourly calibration interval"
starttime endtime C2H6 C2H6 C2H6 flag
[from data line 1455]
118.794444 118.808333 99999.999 9999.999 999.999 0.999
118.836111 118.850000 99999.999 9999.999 999.999 0.999
119.802778 119.816667 99999.999 9999.999 999.999 0.999
119.844444 119.858333 99999.999 9999.999 999.999 0.999
119.927778 119.941667 99999.999 9999.999 999.999 0.999
119.969444 119.983333 99999.999 9999.999 999.999 0.999
120.052778 120.066667 99999.999 9999.999 999.999 0.999
120.094444 120.108333 99999.999 9999.999 999.999 0.999
120.177778 120.191667 99999.999 9999.999 999.999 0.999
120.219444 120.233333 99999.999 9999.999 999.999 0.999
120.302778 120.316667 99999.999 9999.999 999.999 0.999
120.344444 120.358333 99999.999 9999.999 999.999 0.999
120.427778 120.441667 99999.999 9999.999 999.999 0.999
120.469444 120.483333 99999.999 9999.999 999.999 0.999
120.552778 120.566667 99999.999 9999.999 999.999 0.999
120.594444 120.608333 99999.999 9999.999 999.999 0.999
120.677778 120.691667 99999.999 9999.999 999.999 0.999
120.719444 120.733333 99999.999 9999.999 999.999 0.999
120.802778 120.816667 99999.999 9999.999 999.999 0.999
120.844444 120.858333 99999.999 9999.999 999.999 0.999
120.927778 120.941667 99999.999 9999.999 999.999 0.999
120.969444 120.983333 99999.999 9999.999 999.999 0.999
121.052778 121.066667 99999.999 9999.999 999.999 0.999
121.094444 121.108333 99999.999 9999.999 999.999 0.999
121.177778 121.191667 99999.999 9999.999 999.999 0.999
121.219444 121.233333 99999.999 9999.999 999.999 0.999
121.302778 121.316667 99999.999 9999.999 999.999 0.999
121.344444 121.358333 99999.999 9999.999 999.999 0.999
121.427778 121.441667 99999.999 9999.999 999.999 0.999
121.469444 121.483333 99999.999 9999.999 999.999 0.999
121.552778 121.566667 99999.999 9999.999 999.999 0.999
121.594444 121.608333 99999.999 9999.999 999.999 0.999
121.677778 121.691667 99999.999 9999.999 999.999 0.999
121.915278 121.929167 99999.999 9999.999 999.999 0.999
121.956944 121.970833 99999.999 9999.999 999.999 0.999
122.040278 122.054167 99999.999 9999.999 999.999 0.999
122.081944 122.095833 99999.999 9999.999 999.999 0.999
122.165278 122.179167 99999.999 9999.999 999.999 0.999
122.206944 122.220833 99999.999 9999.999 999.999 0.999
122.290278 122.304167 99999.999 9999.999 999.999 0.999
122.331944 122.345833 99999.999 9999.999 999.999 0.999
122.415278 122.429167 99999.999 9999.999 999.999 0.999
122.456944 122.470833 99999.999 9999.999 999.999 0.999
122.540278 122.554167 99999.999 9999.999 999.999 0.999
126.809722 126.823611 99999.999 9999.999 999.999 0.999
126.851389 126.865278 99999.999 9999.999 999.999 0.999
126.934722 126.948611 99999.999 9999.999 999.999 0.999
126.976389 126.990278 99999.999 9999.999 999.999 0.999
127.060417 127.074306 99999.999 9999.999 999.999 0.999
127.102083 127.115972 99999.999 9999.999 999.999 0.999
127.185417 127.199306 99999.999 9999.999 999.999 0.999
127.227083 127.240972 99999.999 9999.999 999.999 0.999
127.310417 127.324306 99999.999 9999.999 999.999 0.999
127.352083 127.365972 99999.999 9999.999 999.999 0.999
127.435417 127.449306 99999.999 9999.999 999.999 0.999
127.477083 127.490972 99999.999 9999.999 999.999 0.999
127.560417 127.574306 99999.999 9999.999 999.999 0.999
127.602083 127.615972 99999.999 9999.999 999.999 0.999
127.685417 127.699306 99999.999 9999.999 999.999 0.999
127.727083 127.740972 99999.999 9999.999 999.999 0.999
127.810417 127.824306 99999.999 9999.999 999.999 0.999
127.852083 127.865972 99999.999 9999.999 999.999 0.999
127.935417 127.949306 99999.999 9999.999 999.999 0.999
127.977083 127.990972 99999.999 9999.999 999.999 0.999
128.060417 128.074306 99999.999 9999.999 999.999 0.999
128.102083 128.115972 99999.999 9999.999 999.999 0.999
128.185417 128.199306 99999.999 9999.999 999.999 0.999
128.227083 128.240972 99999.999 9999.999 999.999 0.999
128.310417 128.324306 99999.999 9999.999 999.999 0.999
128.352083 128.365972 99999.999 9999.999 999.999 0.999
128.435417 128.449306 99999.999 9999.999 999.999 0.999
128.477083 128.490972 99999.999 9999.999 999.999 0.999
128.560417 128.574306 99999.999 9999.999 999.999 0.999
128.602083 128.615972 99999.999 9999.999 999.999 0.999
128.685417 128.699306 99999.999 9999.999 999.999 0.999
128.727083 128.740972 99999.999 9999.999 999.999 0.999
128.810417 128.824306 99999.999 9999.999 999.999 0.999
128.852083 128.865972 99999.999 9999.999 999.999 0.999
128.935417 128.949306 99999.999 9999.999 999.999 0.999
128.977083 128.990972 99999.999 9999.999 999.999 0.999
129.060417 129.074306 99999.999 9999.999 999.999 0.999
129.102083 129.115972 99999.999 9999.999 999.999 0.999
129.185417 129.199306 99999.999 9999.999 999.999 0.999
129.227083 129.240972 99999.999 9999.999 999.999 0.999
129.310417 129.324306 99999.999 9999.999 999.999 0.999
129.352083 129.365972 99999.999 9999.999 999.999 0.999
129.435417 129.449306 99999.999 9999.999 999.999 0.999
129.477083 129.490972 99999.999 9999.999 999.999 0.999
129.560417 129.574306 99999.999 9999.999 999.999 0.999
129.602083 129.615972 99999.999 9999.999 999.999 0.999
129.893750 129.907639 99999.999 9999.999 999.999 0.999
129.935417 129.949306 99999.999 9999.999 999.999 0.999
130.018750 130.032639 99999.999 9999.999 999.999 0.999
130.060417 130.074306 99999.999 9999.999 999.999 0.999
130.143750 130.157639 99999.999 9999.999 999.999 0.999
130.185417 130.199306 99999.999 9999.999 999.999 0.999
130.268750 130.282639 99999.999 9999.999 999.999 0.999
130.310417 130.324306 99999.999 9999.999 999.999 0.999
130.393750 130.407639 99999.999 9999.999 999.999 0.999
130.435417 130.449306 99999.999 9999.999 999.999 0.999
130.518750 130.532639 99999.999 9999.999 999.999 0.999
130.560417 130.574306 99999.999 9999.999 999.999 0.999
130.643750 130.657639 99999.999 9999.999 999.999 0.999
130.685417 130.699306 99999.999 9999.999 999.999 0.999
130.768750 130.782639 99999.999 9999.999 999.999 0.999
130.810417 130.824306 99999.999 9999.999 999.999 0.999
130.893750 130.907639 99999.999 9999.999 999.999 0.999
130.935417 130.949306 99999.999 9999.999 999.999 0.999
131.018750 131.032639 99999.999 9999.999 999.999 0.999
131.060417 131.074306 99999.999 9999.999 999.999 0.999
131.143750 131.157639 99999.999 9999.999 999.999 0.999
131.185417 131.199306 99999.999 9999.999 999.999 0.999
131.268750 131.282639 99999.999 9999.999 999.999 0.999
131.352083 131.365972 99999.999 9999.999 999.999 0.999
132.957639 132.971528   934.890   59.209   1.554 0.000
132.999306 133.013194   962.086   60.932   1.599 0.000
133.082639 133.096528  1309.217   82.973   2.657 0.000
133.124306 133.138194  1317.803   83.530   2.779 0.000
133.207639 133.221528  1290.142   81.793   2.838 0.000
133.249306 133.263194  1330.805   84.371   2.927 0.000
133.332639 133.346528  1399.662   88.739   3.098 0.000
133.374306 133.388194  1383.729   87.729   3.063 0.000
133.457639 133.471528  1274.071   80.772   2.788 0.000
133.499306 133.513194  1343.794   85.192   2.941 0.000
133.582639 133.596528  1643.837  104.230   3.709 0.000
133.624306 133.638194  1585.854  100.553   3.578 0.000
133.707639 133.721528  1531.665   97.088   3.246 0.000
133.749306 133.763194  1394.771   88.411   2.955 0.000
133.832639 133.846528  1310.507   83.072   2.793 0.000
133.874306 133.888194  1266.937   80.310   2.700 0.000
133.957639 133.971528  1245.205   78.940   2.713 0.000
133.999306 134.013194  1269.524   80.482   2.766 0.000
134.082639 134.096528  1270.121   80.503   2.642 0.000
134.124306 134.138194  1268.526   80.402   2.639 0.000
134.207639 134.221528  1250.681   79.298   2.798 0.000
134.249306 134.263194  1308.679   82.975   2.928 0.000
134.332639 134.346528  1335.406   84.670   2.992 0.000
134.374306 134.388194  1321.511   83.789   2.961 0.000
134.457639 134.471528  1330.107   84.326   2.924 0.000
134.499306 134.513194  1295.476   82.131   2.848 0.000
134.582639 134.596528  1291.410   82.111   4.223 0.000
134.624306 134.638194  1314.611   83.587   4.298 0.000
134.707639 134.721528  1402.172   89.228   4.934 0.000
134.749306 134.763194  1469.056   93.485   5.169 0.000
134.832639 134.846528  1418.973   90.280   4.913 0.000
134.874306 134.888194  1311.808   83.462   4.542 0.000
134.957639 134.971528  1375.594   87.506   4.699 0.000
134.999306 135.013194  1333.677   84.840   4.556 0.000
135.082639 135.096528  1433.358   91.144   4.722 0.000
135.124306 135.138194  1252.478   79.642   4.126 0.000
135.207639 135.221528  1187.820   75.539   3.953 0.000
135.249306 135.263194  1197.304   76.142   3.985 0.000
135.332639 135.346528  1210.838   77.002   4.024 0.000
135.374306 135.388194  1218.824   77.510   4.051 0.000
135.457639 135.471528  1255.424   79.837   4.172 0.000
135.499306 135.513194  1301.724   82.782   4.325 0.000
135.624306 135.638194  1490.201   94.763   4.928 0.000
135.665972 135.679861  1511.530   96.119   4.999 0.000
135.749306 135.763194 99999.999 9999.999 999.999 0.999
135.790972 135.804861  1430.873   90.976   4.664 0.000
135.874306 135.888194  1422.040   90.440   4.758 0.000
135.915972 135.929861  1461.616   92.977   4.988 0.000
135.999306 136.013194  1497.925   95.299   5.167 0.000
136.040972 136.054861  1521.909   96.839   5.315 0.000
136.124306 136.138194  1521.309   96.837   5.476 0.000
136.165972 136.179861  1533.028   97.548   5.358 0.000
136.249306 136.263194  1576.623  100.322   5.513 0.000
136.290972 136.304861  1551.128   98.665   5.265 0.000
136.374306 136.388194  1581.735  100.645   5.521 0.000
136.415972 136.429861  1570.664   99.907   5.326 0.000
136.499306 136.513194  1611.257  102.523   5.619 0.000
136.540972 136.554861  1586.846  101.016   5.744 0.000
136.624306 136.638194  1625.213  103.207   4.645 0.000
136.665972 136.679861  1619.016  102.835   4.750 0.000
136.957639 136.971528  1360.130   86.318   3.569 0.000
136.999306 137.013194  1335.538   84.776   3.619 0.000
137.082639 137.096528  1223.600   77.656   3.230 0.000
137.124306 137.138194  1231.337   78.146   3.240 0.000
137.207639 137.221528  1236.962   78.488   3.167 0.000
137.249306 137.263194  1274.323   80.859   3.261 0.000
137.332639 137.346528  1411.047   89.516   3.496 0.000
137.374306 137.388194  1402.996   89.023   3.590 0.000
137.457639 137.471528  1369.721   86.909   3.490 0.000
137.499306 137.513194  1346.607   85.447   3.455 0.000
137.582639 137.596528  1171.261   74.319   2.997 0.000
137.624306 137.638194  1147.290   72.799   2.941 0.000
137.707639 137.721528  1005.584   63.796   2.509 0.000
137.749306 137.763194   990.368   62.838   2.515 0.000
137.832639 137.846528   932.152   59.175   2.553 0.000
137.874306 137.888194   974.841   61.885   2.670 0.000
137.958333 137.972222   822.021   52.147   2.030 0.000
138.000000 138.013889   838.133   53.169   2.069 0.000
138.083333 138.097222   879.931   55.796   2.008 0.000
138.125000 138.138889   805.158   51.055   1.837 0.000
138.208333 138.222222   908.315   57.600   2.099 0.000
138.250000 138.263889   909.984   57.706   2.103 0.000
138.333333 138.347222   959.964   60.894   2.345 0.000
138.375000 138.388889   974.981   61.846   2.377 0.000
138.458333 138.472222   952.388   60.411   2.311 0.000
138.500000 138.513889   953.147   60.460   2.313 0.000
138.583333 138.597222   898.673   56.961   1.881 0.000
138.625000 138.638889   933.230   59.182   2.167 0.000
138.708333 138.722222   923.041   58.518   2.018 0.000
138.750000 138.763889   930.364   59.005   2.197 0.000
138.833333 138.847222   909.548   57.692   2.196 0.000
138.875000 138.888889   915.137   58.039   2.156 0.000
138.958333 138.972222   926.514   58.770   2.246 0.000
139.000000 139.013889   939.374   59.576   2.214 0.000
139.083333 139.097222   930.570   59.026   2.248 0.000
139.125000 139.138889   899.336   57.042   2.157 0.000
139.666667 139.680556  1088.469   69.067   2.794 0.000
139.708333 139.722222   991.572   62.928   2.599 0.000
139.791667 139.805556  1088.301   69.071   2.879 0.000
139.833333 139.847222  1050.546   66.659   2.682 0.000
139.916667 139.930556   918.378   58.267   2.310 0.000
139.958333 139.972222   922.618   58.547   2.391 0.000
140.041667 140.055556   930.658   59.053   2.388 0.000
140.083333 140.097222   966.769   61.357   2.553 0.000
140.166667 140.180556  1011.479   64.182   2.597 0.000
140.208333 140.222222  1038.385   65.895   2.701 0.000
140.291667 140.305556  1064.346   67.530   2.690 0.000
140.333333 140.347222  1086.528   68.933   2.719 0.000
140.416667 140.430556  1068.777   67.821   2.765 0.000
140.458333 140.472222  1091.463   69.261   2.823 0.000
140.541667 140.555556  1320.962   83.904   3.875 0.000
140.583333 140.597222  1574.213  100.002   4.686 0.000
140.666667 140.680556  1510.493   95.949   4.467 0.000
140.708333 140.722222  1454.574   92.397   4.302 0.000
140.791667 140.805556  1370.521   87.032   3.912 0.000
140.833333 140.847222  1439.765   91.429   4.109 0.000
140.916667 140.930556  1490.060   94.623   4.257 0.000
140.958333 140.972222  1530.361   97.183   4.372 0.000
141.041667 141.055556  1241.807   78.859   3.550 0.000
141.083333 141.097222  1323.281   84.033   3.782 0.000
141.166667 141.180556  1387.484   88.100   3.908 0.000
141.208333 141.222222  1427.230   90.623   4.020 0.000
141.291667 141.305556  1399.880   88.861   3.794 0.000
141.333333 141.347222  1293.497   82.108   3.505 0.000
141.416667 141.430556  1293.359   82.149   3.784 0.000
141.458333 141.472222  1328.207   84.362   3.886 0.000
141.541667 141.555556  1348.449   85.693   4.182 0.000
141.583333 141.597222  1371.650   87.167   4.254 0.000
141.666667 141.680556  1352.783   85.978   4.248 0.000
141.708333 141.722222  1241.621   78.913   3.899 0.000
141.791667 141.805556  1224.971   77.832   3.730 0.000
141.833333 141.847222  1170.089   74.345   3.563 0.000
141.916667 141.930556  1248.778   79.340   3.778 0.000
141.958333 141.972222  1189.931   75.601   3.600 0.000
142.041667 142.055556  1262.296   80.198   3.815 0.000
142.083333 142.097222  1304.135   82.856   3.941 0.000
142.166667 142.180556  1313.333   83.470   4.120 0.000
142.208333 142.222222  1276.976   81.159   4.006 0.000
142.291667 142.305556  1308.293   83.261   4.635 0.000
142.333333 142.347222  1298.299   82.625   4.600 0.000
142.416667 142.430556  1185.214   75.389   4.017 0.000
142.458333 142.472222  1199.742   76.313   4.066 0.000
142.541667 142.555556  1222.747   77.711   3.827 0.000
142.583333 142.597222  1224.402   77.816   3.832 0.000
142.666667 142.680556  1224.417   77.761   3.533 0.000
142.708333 142.722222  1240.674   78.802   3.628 0.000
142.791667 142.805556  1212.912   77.047   3.590 0.000
142.833333 142.847222  1179.616   74.912   3.386 0.000
142.916667 142.930556  1372.595   87.188   4.053 0.000
142.958333 142.972222  1268.365   80.583   3.826 0.000
143.041667 143.055556  1201.123   76.332   3.736 0.000
143.083333 143.097222  1331.290   84.580   4.013 0.000
143.166667 143.180556  1228.352   78.061   3.810 0.000
143.208333 143.222222  1184.688   75.273   3.607 0.000
143.291667 143.305556  1228.085   78.045   3.814 0.000
143.333333 143.347222  1216.067   77.259   3.664 0.000
143.416667 143.430556  1196.240   75.971   3.452 0.000
143.458333 143.472222  1232.339   78.246   3.455 0.000
143.541667 143.555556  1326.889   84.191   3.373 0.000
143.583333 143.597222  1267.716   80.420   3.123 0.000
143.875000 143.888889  1325.411   84.065   3.165 0.000
143.916667 143.930556  1305.463   82.815   3.216 0.000
144.000000 144.013889  1317.229   83.579   3.354 0.000
144.041667 144.055556  1324.647   84.057   3.421 0.000
144.125000 144.138889  1290.631   81.911   3.410 0.000
144.166667 144.180556  1282.382   81.367   3.265 0.000
144.250000 144.263889  1039.966   65.985   2.642 0.000
144.291667 144.305556  1069.212   67.768   2.219 0.000
144.375000 144.388889  1079.342   68.402   2.174 0.000
144.416667 144.430556  1133.598   71.850   2.355 0.000
144.500000 144.513889  1218.554   77.224   2.455 0.000
144.541667 144.555556  1208.232   76.576   2.476 0.000
144.625000 144.638889  1207.457   76.519   2.415 0.000
144.666667 144.680556  1185.041   75.108   2.443 0.000
144.750000 144.763889  1235.391   78.278   2.383 0.000
144.791667 144.805556  1209.072   76.611   2.333 0.000
