data/obs/c2h6/WDCGG/event/CH0005R.20100101000000.20140501000000.online_gc.ethane.air.1y.2h.CH01L_Agilent_ADS-GC-FID_cn10450060_RIG.CH01L_ADS_GC_FID_VOCAIR_RIGI..nas
58 1001
Reimann, Stefan
CH01L, Swiss Federal Laboratories for Materials Science and Technology, EMPA, Section Air Pollution, Überlandstrasse 133, , 8600, Dübendorf, Switzerland
Reimann, Stefan
EMEP GAW-WDCRG
1 1
2010 01 01 2014 05 01
0.083333
days from file reference point
3
1 1 1
999.999999 99999 9.999
end_time of measurement, days from the file reference point
ethane, pmol/mol
numflag ethane, no unit
0
41
Data definition:              EBAS_1.1
Set type code:                TU
Timezone:                     UTC
File name:                    CH0005R.20100101000000.20140501000000.online_gc.ethane.air.1y.2h.CH01L_Agilent_ADS-GC-FID_cn10450060_RIG.CH01L_ADS_GC_FID_VOCAIR_RIGI..nas
File creation:                20190306184552
Startdate:                    20100101000000
Revision date:                20140501000000
Statistics:                   arithmetic mean
Data level:                   
Period code:                  1y
Resolution code:              2h
Sample duration:              40mn
Orig. time res.:              2h
Station code:                 CH0005R
Platform code:                CH0005S
Station name:                 Rigi
Station GAW-ID:               RIG
Station latitude:             47.0675
Station longitude:            8.463889
Station altitude:             1031.0m
Measurement height:           4.0m
Regime:                       IMG
Component:                    ethane
Unit:                         pmol/mol
Matrix:                       air
Instrument type:              online_gc
Laboratory code:              CH01L
Instrument name:              Agilent_ADS-GC-FID_cn10450060_RIG
Method ref:                   CH01L_ADS_GC_FID_VOCAIR_RIGI
Inlet description:            above the roof
Volume std. temperature:      273.15 K
Volume std. pressure:         1013.25 hPa
Detection limit:              9.0 pmol/mol
Detection limit expl.:        Determined by integration of a baseline signal multiplied by a factor of 3, detection     limit flag 147
Measurement uncertainty expl.: Includes reproducibility (precision) + systematic errors (accuracy)
Zero/negative values code:    Zero/negative impossible
Zero/negative values:         Neg. values don't appear because data was processed and neg data taken out
Originator:                   Reimann, Stefan, , , , , , , , , 
Submitter:                    Reimann, Stefan, , , , , , , , , 
Comment:                      "No SOP currently available, o3 removed with an ozone scrubber, nafion dryer, Calibration interval:1/month calibration interval"
starttime endtime C2H6 flag_C2H6
[from data line 942]
 78.500000  78.513889  2075 0.000
 78.583333  78.597222  2219 0.000
 78.666667  78.680556  1915 0.000
 78.750000  78.763889  1818 0.000
 78.833333  78.847222  1785 0.000
 78.916667  78.930556  1751 0.000
 79.000000  79.013889  1423 0.000
 79.083333  79.097222  1754 0.000
 79.166667  79.180556  1850 0.000
 79.250000  79.263889  1577 0.000
 79.333333  79.347222  1414 0.000
 79.416667  79.430556  1532 0.000
 79.500000  79.513889  1572 0.000
 79.583333  79.597222  1616 0.000
 79.666667  79.680556  1714 0.000
 79.750000  79.763889  1722 0.000
 79.833333  79.847222  2172 0.000
 79.916667  79.930556  2002 0.000
 80.000000  80.013889  1941 0.000
 80.083333  80.097222  1926 0.000
 80.166667  80.180556  1925 0.000
 80.250000  80.263889  1919 0.000
 80.333333  80.347222  1949 0.000
 80.416667  80.430556  2008 0.000
 80.500000  80.513889  2022 0.000
 80.583333  80.597222  1985 0.000
 80.666667  80.680556  1976 0.000
 80.750000  80.763889  1993 0.000
 80.833333  80.847222  2099 0.000
 80.916667  80.930556  1984 0.000
 81.000000  81.013889  2002 0.000
 81.083333  81.097222  1983 0.000
 81.166667  81.180556  1972 0.000
 81.250000  81.263889  2029 0.000
 81.333333  81.347222  2010 0.000
 81.416667  81.430556  1979 0.000
 81.500000  81.513889  2105 0.000
 81.583333  81.597222  2138 0.000
 81.666667  81.680556  1994 0.000
 81.750000  81.763889  1968 0.000
 81.833333  81.847222  1985 0.000
 81.916667  81.930556  1998 0.000
 82.000000  82.013889  1854 0.000
 82.083333  82.097222  1895 0.000
 82.166667  82.180556  1795 0.000
 82.250000  82.263889  1789 0.000
 82.333333  82.347222  1804 0.000
 82.416667  82.430556  1983 0.000
 82.500000  82.513889  2007 0.000
 82.583333  82.597222  1985 0.000
 82.666667  82.680556  2026 0.000
 82.750000  82.763889  2015 0.000
 82.833333  82.847222  2209 0.000
 82.916667  82.930556  2182 0.000
 83.000000  83.013889  2029 0.000
 83.083333  83.097222  2065 0.000
 83.166667  83.180556  2023 0.000
 83.250000  83.263889  1985 0.000
 83.333333  83.347222  1953 0.000
 83.416667  83.430556  2073 0.000
 83.500000  83.513889  2180 0.000
 83.583333  83.597222  2114 0.000
 83.666667  83.680556  2082 0.000
 83.750000  83.763889  2014 0.000
 83.833333  83.847222  2038 0.000
 83.916667  83.930556  2160 0.000
 84.000000  84.013889  2145 0.000
 84.083333  84.097222  2155 0.000
 84.166667  84.180556  2110 0.000
 84.250000  84.263889  2105 0.000
 84.333333  84.347222  2220 0.000
 84.416667  84.430556  2276 0.000
 84.500000  84.513889  1835 0.000
 84.583333  84.597222  1888 0.000
 84.666667  84.680556  1908 0.000
 84.750000  84.763889  2013 0.000
 84.833333  84.847222  2069 0.000
 84.916667  84.930556  2072 0.000
 85.000000  85.013889  2119 0.000
 85.083333  85.097222  2100 0.000
 85.166667  85.180556  2135 0.000
 85.250000  85.263889  2120 0.000
 85.333333  85.347222  2112 0.000
 85.416667  85.430556  2175 0.000
 85.500000  85.513889  2178 0.000
 85.583333  85.597222  2168 0.000
 85.666667  85.680556  2184 0.000
 85.750000  85.763889  2214 0.000
 85.833333  85.847222  2179 0.000
 85.916667  85.930556  2066 0.000
 86.000000  86.013889  2132 0.000
 86.083333  86.097222  2130 0.000
 86.166667  86.180556  2134 0.000
 86.250000  86.263889  2155 0.000
 86.333333  86.347222  2113 0.000
 86.416667  86.430556  2144 0.000
 86.500000  86.513889  2116 0.000
 86.583333  86.597222  2080 0.000
 86.666667  86.680556  2076 0.000
 86.750000  86.763889  2016 0.000
 86.833333  86.847222  1738 0.000
 86.916667  86.930556  1611 0.000
 87.000000  87.013889  1602 0.000
 87.083333  87.097222  1567 0.000
 87.166667  87.180556  1643 0.000
 87.250000  87.263889  1637 0.000
 87.333333  87.347222  1602 0.000
 87.416667  87.430556  1629 0.000
 87.500000  87.513889  1676 0.000
 87.583333  87.597222  1671 0.000
 87.666667  87.680556  1708 0.000
 87.750000  87.763889  1758 0.000
 87.833333  87.847222  1811 0.000
 87.916667  87.930556  2030 0.000
 88.000000  88.013889  1949 0.000
 88.083333  88.097222  1994 0.000
 88.166667  88.180556  2220 0.000
 88.250000  88.263889  2165 0.000
 88.333333  88.347222  2006 0.000
 88.416667  88.430556  1928 0.000
 88.500000  88.513889  1938 0.000
 88.583333  88.597222  2118 0.000
 88.666667  88.680556  1912 0.000
 88.750000  88.763889  1929 0.000
 88.833333  88.847222  1953 0.000
 88.916667  88.930556  2071 0.000
 89.000000  89.013889  2139 0.000
 89.083333  89.097222  2091 0.000
 89.166667  89.180556  2080 0.000
 89.250000  89.263889  2012 0.000
 89.333333  89.347222  2015 0.000
 89.416667  89.430556  2087 0.000
 89.500000  89.513889  2082 0.000
 89.583333  89.597222  2087 0.000
 89.666667  89.680556  2035 0.000
 89.750000  89.763889  2032 0.000
 89.833333  89.847222  2091 0.000
 89.916667  89.930556  2068 0.000
 90.000000  90.013889  2150 0.000
 90.083333  90.097222  2188 0.000
 90.166667  90.180556  2209 0.000
 90.250000  90.263889  2174 0.000
 90.333333  90.347222  2189 0.000
 90.416667  90.430556  2201 0.000
 90.500000  90.513889  2199 0.000
 90.583333  90.597222  2221 0.000
 90.666667  90.680556  2200 0.000
 90.750000  90.763889  2217 0.000
 90.833333  90.847222  2255 0.000
 90.916667  90.930556  2234 0.000
 91.000000  91.013889  2238 0.000
 91.083333  91.097222  2225 0.000
 91.166667  91.180556  2217 0.000
 91.250000  91.263889  2201 0.000
 91.333333  91.347222  2201 0.000
 91.416667  91.430556  2191 0.000
 91.500000  91.513889  2336 0.000
 91.583333  91.597222  2181 0.000
 91.666667  91.680556  2156 0.000
 91.750000  91.763889  2139 0.000
 91.833333  91.847222  2125 0.000
 91.916667  91.930556  2032 0.000
 92.000000  92.013889  2131 0.000
 92.083333  92.097222  2065 0.000
 92.166667  92.180556  1959 0.000
 92.250000  92.263889  1998 0.000
 92.333333  92.347222  2125 0.000
 92.416667  92.430556  2212 0.000
 92.500000  92.513889  2319 0.000
 92.583333  92.597222  2315 0.000
 92.666667  92.680556  2328 0.000
 92.750000  92.763889  2290 0.000
 92.833333  92.847222  2304 0.000
 92.916667  92.930556  2346 0.000
 93.000000  93.013889  1984 0.000
 93.083333  93.097222  1929 0.000
 93.166667  93.180556  1925 0.000
 93.250000  93.263889  1984 0.000
 93.333333  93.347222  1923 0.000
 93.416667  93.430556  1957 0.000
 93.500000  93.513889  2000 0.000
 93.583333  93.597222  2065 0.000
 93.666667  93.680556  2065 0.000
 93.750000  93.763889  2085 0.000
 93.833333  93.847222  2110 0.000
 93.916667  93.930556  2125 0.000
 94.000000  94.013889  2119 0.000
 94.083333  94.097222  2166 0.000
 94.166667  94.180556  2139 0.000
 94.250000  94.263889  2190 0.000
 94.333333  94.347222  2164 0.000
 94.416667  94.430556  2152 0.000
 94.500000  94.513889  2138 0.000
 94.583333  94.597222  2117 0.000
 94.666667  94.680556  2067 0.000
 94.750000  94.763889  2067 0.000
 94.833333  94.847222  2029 0.000
 94.916667  94.930556  2036 0.000
 95.000000  95.013889  2015 0.000
 95.083333  95.097222  1973 0.000
 95.166667  95.180556  1972 0.000
 95.250000  95.263889  1985 0.000
 95.333333  95.347222  2051 0.000
 95.416667  95.430556  2137 0.000
 95.500000  95.513889  2324 0.000
 95.583333  95.597222  2191 0.000
 95.666667  95.680556  2274 0.000
 95.750000  95.763889  2347 0.000
 95.833333  95.847222  2311 0.000
 95.916667  95.930556  2131 0.000
 96.000000  96.013889  1952 0.000
 96.083333  96.097222  1699 0.000
 96.166667  96.180556  1685 0.000
 96.250000  96.263889  1897 0.000
 96.333333  96.347222 99999 0.999
 96.416667  96.430556 99999 0.999
 96.500000  96.513889 99999 0.999
 96.583333  96.597222 99999 0.999
 96.666667  96.680556 99999 0.999
 96.750000  96.763889 99999 0.999
 96.833333  96.847222 99999 0.999
 96.916667  96.930556 99999 0.999
 97.000000  97.013889 99999 0.999
 97.083333  97.097222 99999 0.999
 97.166667  97.180556 99999 0.999
 97.250000  97.263889 99999 0.999
 97.333333  97.347222 99999 0.999
 97.416667  97.430556 99999 0.999
 97.500000  97.513889 99999 0.999
 97.583333  97.597222  1982 0.000
 97.666667  97.680556  1905 0.000
 97.750000  97.763889  1972 0.000
 97.833333  97.847222  2099 0.000
 97.916667  97.930556  2145 0.000
 98.000000  98.013889  2230 0.000
 98.083333  98.097222  2375 0.000
 98.166667  98.180556  2395 0.000
 98.250000  98.263889  2647 0.000
 98.333333  98.347222 99999 0.999
 98.416667  98.430556 99999 0.999
 98.500000  98.513889 99999 0.999
 98.583333  98.597222 99999 0.999
 98.666667  98.680556  2429 0.000
 98.750000  98.763889  2312 0.000
 98.833333  98.847222  2360 0.000
 98.916667  98.930556  2306 0.000
 99.000000  99.013889  2336 0.000
 99.083333  99.097222  2318 0.000
 99.166667  99.180556  2321 0.000
 99.250000  99.263889  2314 0.000
 99.333333  99.347222  2343 0.000
 99.416667  99.430556  2433 0.000
 99.500000  99.513889  2343 0.000
 99.583333  99.597222  2208 0.000
 99.666667  99.680556  2098 0.000
 99.750000  99.763889  2114 0.000
 99.833333  99.847222  2163 0.000
 99.916667  99.930556  2328 0.000
100.000000 100.013889  2347 0.000
100.083333 100.097222  2115 0.000
100.166667 100.180556  2054 0.000
100.250000 100.263889  2104 0.000
100.333333 100.347222  2288 0.000
100.416667 100.430556  2074 0.000
100.500000 100.513889  2034 0.000
100.583333 100.597222  2017 0.000
100.666667 100.680556  2037 0.000
100.750000 100.763889  2071 0.000
100.833333 100.847222  2027 0.000
100.916667 100.930556  2042 0.000
101.000000 101.013889  2060 0.000
101.083333 101.097222  2084 0.000
101.166667 101.180556  2107 0.000
101.250000 101.263889  2114 0.000
101.333333 101.347222 99999 0.999
101.416667 101.430556 99999 0.999
101.500000 101.513889 99999 0.999
101.583333 101.597222 99999 0.999
101.666667 101.680556  2190 0.000
101.750000 101.763889  2209 0.000
101.833333 101.847222  2254 0.000
101.916667 101.930556  2291 0.000
102.000000 102.013889  2268 0.000
102.083333 102.097222  2263 0.000
102.166667 102.180556  2338 0.000
102.250000 102.263889  2327 0.000
102.333333 102.347222  2325 0.000
102.416667 102.430556  2298 0.000
102.500000 102.513889  2334 0.000
102.583333 102.597222  2425 0.000
102.666667 102.680556  2244 0.000
102.750000 102.763889  2192 0.000
102.833333 102.847222  2261 0.000
102.916667 102.930556  2256 0.000
103.000000 103.013889  2272 0.000
103.083333 103.097222  2505 0.000
103.166667 103.180556  2553 0.000
103.250000 103.263889  2523 0.000
103.333333 103.347222  2509 0.000
103.416667 103.430556  2449 0.000
103.500000 103.513889  2508 0.000
103.583333 103.597222  2588 0.000
103.666667 103.680556  2546 0.000
103.750000 103.763889  2529 0.000
103.833333 103.847222  2467 0.000
103.916667 103.930556  2700 0.000
104.000000 104.013889  2500 0.000
104.083333 104.097222  2414 0.000
104.166667 104.180556  2484 0.000
104.250000 104.263889  2418 0.000
104.333333 104.347222  2431 0.000
104.416667 104.430556  2357 0.000
104.500000 104.513889  2330 0.000
104.583333 104.597222  2354 0.000
104.666667 104.680556  2294 0.000
104.750000 104.763889  2369 0.000
104.833333 104.847222  2349 0.000
104.916667 104.930556  2326 0.000
105.000000 105.013889  2355 0.000
105.083333 105.097222  2380 0.000
105.166667 105.180556  2391 0.000
105.250000 105.263889  2465 0.000
105.333333 105.347222  2526 0.000
105.416667 105.430556  2535 0.000
105.500000 105.513889  2518 0.000
105.583333 105.597222  2592 0.000
105.666667 105.680556  2533 0.000
105.750000 105.763889  2545 0.000
105.833333 105.847222  2596 0.000
105.916667 105.930556  2582 0.000
106.000000 106.013889  2675 0.000
106.083333 106.097222  2674 0.000
106.166667 106.180556  2709 0.000
106.250000 106.263889  2844 0.000
106.333333 106.347222  2890 0.000
106.416667 106.430556  2742 0.000
106.500000 106.513889  2560 0.000
106.583333 106.597222  2524 0.000
106.666667 106.680556  2491 0.000
106.750000 106.763889  2379 0.000
106.833333 106.847222  2271 0.000
106.916667 106.930556  2307 0.000
107.000000 107.013889  2359 0.000
107.083333 107.097222  2410 0.000
107.166667 107.180556  2332 0.000
107.250000 107.263889  2421 0.000
107.333333 107.347222  2402 0.000
107.416667 107.430556  2386 0.000
107.500000 107.513889  2409 0.000
107.583333 107.597222  2308 0.000
107.666667 107.680556  2271 0.000
107.750000 107.763889  2278 0.000
107.833333 107.847222  2200 0.000
107.916667 107.930556  2176 0.000
108.000000 108.013889  2167 0.000
108.083333 108.097222  2175 0.000
108.166667 108.180556  2192 0.000
108.250000 108.263889  2211 0.000
108.333333 108.347222  2158 0.000
108.416667 108.430556  2138 0.000
108.500000 108.513889  2156 0.000
108.583333 108.597222  2141 0.000
108.666667 108.680556  2097 0.000
108.750000 108.763889  2027 0.000
108.833333 108.847222  2007 0.000
108.916667 108.930556  2066 0.000
109.000000 109.013889  1993 0.000
109.083333 109.097222  2023 0.000
109.166667 109.180556  2038 0.000
109.250000 109.263889  2048 0.000
109.333333 109.347222  2019 0.000
109.416667 109.430556  2033 0.000
109.500000 109.513889  2196 0.000
109.583333 109.597222  2208 0.000
109.666667 109.680556  2081 0.000
109.750000 109.763889  1927 0.000
109.833333 109.847222  2013 0.000
109.916667 109.930556  2005 0.000
110.000000 110.013889  1962 0.000
110.083333 110.097222  1976 0.000
110.166667 110.180556  1961 0.000
110.250000 110.263889  1985 0.000
110.333333 110.347222  1995 0.000
110.416667 110.430556  2042 0.000
110.500000 110.513889  1887 0.000
110.583333 110.597222  1795 0.000
110.666667 110.680556  2153 0.000
110.750000 110.763889  2027 0.000
110.833333 110.847222  1939 0.000
110.916667 110.930556  1965 0.000
111.000000 111.013889  2112 0.000
111.083333 111.097222  2047 0.000
111.166667 111.180556  2094 0.000
111.250000 111.263889  2045 0.000
111.333333 111.347222  2134 0.000
111.416667 111.430556  2191 0.000
111.500000 111.513889  2138 0.000
111.583333 111.597222  2043 0.000
111.666667 111.680556  1999 0.000
111.750000 111.763889  1977 0.000
111.833333 111.847222  2000 0.000
111.916667 111.930556  1995 0.000
112.000000 112.013889  1975 0.000
112.083333 112.097222  1978 0.000
112.166667 112.180556  1965 0.000
112.250000 112.263889  1975 0.000
112.333333 112.347222  2043 0.000
112.416667 112.430556  2183 0.000
112.500000 112.513889  2234 0.000
112.583333 112.597222  2170 0.000
112.666667 112.680556  2123 0.000
112.750000 112.763889  1990 0.000
112.833333 112.847222  2040 0.000
112.916667 112.930556  2035 0.000
113.000000 113.013889  2039 0.000
113.083333 113.097222  2034 0.000
113.166667 113.180556  2054 0.000
113.250000 113.263889  2066 0.000
113.333333 113.347222  2089 0.000
113.416667 113.430556  2084 0.000
113.500000 113.513889  2139 0.000
113.583333 113.597222  2033 0.000
113.666667 113.680556  1971 0.000
113.750000 113.763889  1907 0.000
113.833333 113.847222  1937 0.000
113.916667 113.930556  1942 0.000
114.000000 114.013889  1937 0.000
114.083333 114.097222  1963 0.000
114.166667 114.180556  1969 0.000
114.250000 114.263889  1951 0.000
114.333333 114.347222  1918 0.000
114.416667 114.430556  1913 0.000
114.500000 114.513889  1969 0.000
114.583333 114.597222  1808 0.000
114.666667 114.680556  1780 0.000
114.750000 114.763889  1706 0.000
114.833333 114.847222  1693 0.000
114.916667 114.930556  1778 0.000
115.000000 115.013889  1662 0.000
115.083333 115.097222  1634 0.000
115.166667 115.180556  1621 0.000
115.250000 115.263889  1601 0.000
115.333333 115.347222  1451 0.000
115.416667 115.430556  1449 0.000
115.500000 115.513889  1419 0.000
115.583333 115.597222  1432 0.000
115.666667 115.680556  1448 0.000
115.750000 115.763889  1437 0.000
115.833333 115.847222  1476 0.000
115.916667 115.930556  1510 0.000
116.000000 116.013889  1510 0.000
116.083333 116.097222  1569 0.000
116.166667 116.180556  1588 0.000
116.250000 116.263889  1550 0.000
116.333333 116.347222  1597 0.000
116.416667 116.430556  1764 0.000
116.500000 116.513889  1631 0.000
116.583333 116.597222  1549 0.000
116.666667 116.680556  1549 0.000
116.750000 116.763889  1566 0.000
116.833333 116.847222  1564 0.000
116.916667 116.930556  1571 0.000
117.000000 117.013889  1568 0.000
117.083333 117.097222  1548 0.000
117.166667 117.180556  1550 0.000
117.250000 117.263889  1550 0.000
117.333333 117.347222  1550 0.000
117.416667 117.430556  1703 0.000
117.500000 117.513889  1743 0.000
