data/obs/c2h6/WDCGG/event/CH0005R.20030101000000.20160915102628.online_gc.ethane.air.1y.2h.CH01L_Agilent_ADS-GC-FID_cn10450060_RIG.CH01L_ADS_GC_FID_VOCAIR_RIGI..nas
58 1001
Reimann, Stefan
CH01L, Swiss Federal Laboratories for Materials Science and Technology, EMPA, Section Air Pollution, Überlandstrasse 133, , 8600, Dübendorf, Switzerland
Reimann, Stefan
EMEP GAW-WDCRG
1 1
2003 01 01 2016 09 15
0.083333
days from file reference point
3
1 1 1
999.999999 99999 9.999
end_time of measurement, days from the file reference point
ethane, pmol/mol
numflag ethane, no unit
0
41
Data definition:              EBAS_1.1
Set type code:                TU
Timezone:                     UTC
File name:                    CH0005R.20030101000000.20160915102628.online_gc.ethane.air.1y.2h.CH01L_Agilent_ADS-GC-FID_cn10450060_RIG.CH01L_ADS_GC_FID_VOCAIR_RIGI..nas
File creation:                20190306184550
Startdate:                    20030101000000
Revision date:                20160915102628
Statistics:                   arithmetic mean
Data level:                   
Period code:                  1y
Resolution code:              2h
Sample duration:              40mn
Orig. time res.:              2h
Station code:                 CH0005R
Platform code:                CH0005S
Station name:                 Rigi
Station GAW-ID:               RIG
Station latitude:             47.0675
Station longitude:            8.463889
Station altitude:             1031.0m
Measurement height:           4.0m
Regime:                       IMG
Component:                    ethane
Unit:                         pmol/mol
Matrix:                       air
Instrument type:              online_gc
Laboratory code:              CH01L
Instrument name:              Agilent_ADS-GC-FID_cn10450060_RIG
Method ref:                   CH01L_ADS_GC_FID_VOCAIR_RIGI
Inlet description:            above the roof
Volume std. temperature:      273.15 K
Volume std. pressure:         1013.25 hPa
Detection limit:              9.0 pmol/mol
Detection limit expl.:        Determined by integration of a baseline signal multiplied by a factor of 3, detection     limit flag 147
Measurement uncertainty expl.: Includes reproducibility (precision) + systematic errors (accuracy)
Zero/negative values code:    Zero/negative impossible
Zero/negative values:         Neg. values don't appear because data was processed and neg data taken out
Originator:                   Reimann, Stefan, , , , , , , , , 
Submitter:                    Reimann, Stefan, , , , , , , , , 
Comment:                      "No SOP currently available, o3 removed with an ozone scrubber, nafion dryer, Calibration interval:1/month calibration interval"
starttime endtime C2H6 flag_C2H6
[from data line 4236]
353.000000 353.083333  2054 0.000
353.083333 353.166667  2060 0.000
353.166667 353.250000  1988 0.000
353.250000 353.333333  2062 0.000
353.333333 353.416667  2038 0.000
353.416667 353.500000  2029 0.000
353.500000 353.583333  2071 0.000
353.583333 353.666667  2155 0.000
353.666667 353.750000  2101 0.000
353.750000 353.833333  2099 0.000
353.833333 353.916667  2103 0.000
353.916667 354.000000  1772 0.000
354.000000 354.083333  1701 0.000
354.083333 354.166667  1665 0.000
354.166667 354.250000  1730 0.000
354.250000 354.333333  1691 0.000
354.333333 354.416667  1822 0.000
354.416667 354.500000  1944 0.000
354.500000 354.583333  1948 0.000
354.583333 354.666667  2016 0.000
354.666667 354.750000  2081 0.000
354.750000 354.833333  2088 0.000
354.833333 354.916667  2015 0.000
354.916667 355.000000  2068 0.000
355.000000 355.083333  2043 0.000
355.083333 355.166667  2079 0.000
355.166667 355.250000  2289 0.000
355.250000 355.333333  2345 0.000
355.333333 355.416667  2357 0.000
355.416667 355.500000  2347 0.000
355.500000 355.583333  2437 0.000
355.583333 355.666667  2780 0.000
355.666667 355.750000  2788 0.000
355.750000 355.833333  2695 0.000
355.833333 355.916667  2675 0.000
355.916667 356.000000  2641 0.000
356.000000 356.083333  2727 0.000
356.083333 356.166667  2654 0.000
356.166667 356.250000  2546 0.000
356.250000 356.333333  2543 0.000
356.333333 356.416667  2506 0.000
356.416667 356.500000  2446 0.000
356.500000 356.583333  2381 0.000
356.583333 356.666667  2376 0.000
356.666667 356.750000  2273 0.000
356.750000 356.833333  2295 0.000
356.833333 356.916667  2260 0.000
356.916667 357.000000  2255 0.000
357.000000 357.083333  2249 0.000
357.083333 357.166667  2309 0.000
357.166667 357.250000  2274 0.000
357.250000 357.333333  2256 0.000
357.333333 357.416667  2229 0.000
357.416667 357.500000  2256 0.000
357.500000 357.583333  2363 0.000
357.583333 357.666667  2425 0.000
357.666667 357.750000  2308 0.000
357.750000 357.833333  2248 0.000
357.833333 357.916667  2116 0.000
357.916667 358.000000  2038 0.000
358.000000 358.083333  2009 0.000
358.083333 358.166667  1893 0.000
358.166667 358.250000  1793 0.000
358.250000 358.333333  1740 0.000
358.333333 358.416667  1801 0.000
358.416667 358.500000  1825 0.000
358.500000 358.583333  1833 0.000
358.583333 358.666667  1978 0.000
358.666667 358.750000  2349 0.000
358.750000 358.833333  1956 0.000
358.833333 358.916667  1940 0.000
358.916667 359.000000  1632 0.000
359.000000 359.083333  1400 0.000
359.083333 359.166667  1360 0.000
359.166667 359.250000  1243 0.000
359.250000 359.333333  1238 0.000
359.333333 359.416667  1296 0.000
359.416667 359.500000  1220 0.000
359.500000 359.583333  1204 0.000
359.583333 359.666667  1301 0.000
359.666667 359.750000  1344 0.000
359.750000 359.833333  1364 0.000
359.833333 359.916667  1353 0.000
359.916667 360.000000  1353 0.000
360.000000 360.083333  1397 0.000
360.083333 360.166667  1557 0.000
360.166667 360.250000  1814 0.000
360.250000 360.333333  1949 0.000
360.333333 360.416667  2185 0.000
360.416667 360.500000  2105 0.000
360.500000 360.583333  1979 0.000
360.583333 360.666667  2148 0.000
360.666667 360.750000  2383 0.000
360.750000 360.833333  2418 0.000
360.833333 360.916667  2232 0.000
360.916667 361.000000  2092 0.000
361.000000 361.083333  2107 0.000
361.083333 361.166667  2056 0.000
361.166667 361.250000  2247 0.000
361.250000 361.333333  2210 0.000
361.333333 361.416667  2034 0.000
361.416667 361.500000  2219 0.000
361.500000 361.583333  2189 0.000
361.583333 361.666667  3062 0.000
361.666667 361.750000  2333 0.000
361.750000 361.833333  2213 0.000
361.833333 361.916667  2379 0.000
361.916667 362.000000  2493 0.000
362.000000 362.083333  2937 0.000
362.083333 362.166667  2515 0.000
362.166667 362.250000  2497 0.000
362.250000 362.333333  2461 0.000
362.333333 362.416667  2415 0.000
362.416667 362.500000  2473 0.000
362.500000 362.583333  2756 0.000
362.583333 362.666667  2678 0.000
362.666667 362.750000  2457 0.000
362.750000 362.833333  2466 0.000
362.833333 362.916667  2658 0.000
362.916667 363.000000  2737 0.000
363.000000 363.083333  2751 0.000
363.083333 363.166667  2751 0.000
363.166667 363.250000  2733 0.000
363.250000 363.333333  2801 0.000
363.333333 363.416667  2764 0.000
363.416667 363.500000  3005 0.000
363.500000 363.583333  3039 0.000
363.583333 363.666667  3018 0.000
363.666667 363.750000  2975 0.000
363.750000 363.833333  2963 0.000
363.833333 363.916667  3044 0.000
363.916667 364.000000  2935 0.000
364.000000 364.083333  3025 0.000
364.083333 364.166667  3028 0.000
364.166667 364.250000  3365 0.000
364.250000 364.333333  3663 0.000
364.333333 364.416667  3833 0.000
364.416667 364.500000  3840 0.000
364.500000 364.583333  3631 0.000
364.583333 364.666667  3486 0.000
364.666667 364.750000  3394 0.000
364.750000 364.833333  3292 0.000
364.833333 364.916667  3165 0.000
364.916667 365.000000 99999 0.999
