data/obs/c2h6/WDCGG/event/CH0005R.20160101002300.20180114182000.online_gc.ethane.air.1y.2h.CH01L_Agilent_ADS-GC-FID_cn10450060_RIG.CH01L_ADS_GC_FID_VOCAIR_RIGI.lev2.nas
68 1001
Hill, Matz; Reimann, Stefan
CH01L, Swiss Federal Laboratories for Materials Science and Technology, EMPA, Section Air Pollution, Überlandstrasse 133, , 8600, Dübendorf, Switzerland
Hill, Matz
ACTRIS EMEP GAW-WDCRG
1 1
2016 01 01 2018 01 14
0
days from file reference point
5
1 1 1 1 1
999.999999 99999 9999.99 999.99 9.999
end_time of measurement, days from the file reference point
ethane, pmol/mol, Statistics=arithmetic mean, Detection limit=13.0 pmol/mol
ethane, pmol/mol, Statistics=expanded uncertainty 2sigma
ethane, pmol/mol, Statistics=precision
numflag, no unit
0
49
Data definition:              EBAS_1.1
Set type code:                TI
Timezone:                     UTC
File name:                    CH0005R.20160101002300.20180114182000.online_gc.ethane.air.1y.2h.CH01L_Agilent_ADS-GC-FID_cn10450060_RIG.CH01L_ADS_GC_FID_VOCAIR_RIGI.lev2.nas
File creation:                20190306184554
Startdate:                    20160101002300
Revision date:                20180114182000
Version:                      2
Version description:          initial revision, manually inspected
Data level:                   2
Period code:                  1y
Resolution code:              2h
Sample duration:              40mn
Orig. time res.:              40mn
Station code:                 CH0005R
Platform code:                CH0005S
Station name:                 Rigi
Station GAW-ID:               RIG
Station latitude:             47.0675
Station longitude:            8.463889
Station altitude:             1031.0m
Measurement altitude:         1034.0m
Measurement height:           4.0m
Regime:                       IMG
Component:                    ethane
Unit:                         pmol/mol
Matrix:                       air
Instrument type:              online_gc
Laboratory code:              CH01L
Instrument name:              Agilent_ADS-GC-FID_cn10450060_RIG
Instrument manufacturer:      Agilent
Instrument model:             6890GC/FID
Instrument serial number:     cn10450060
Method ref:                   CH01L_ADS_GC_FID_VOCAIR_RIGI
Standard method:              SOP=ACTRIS_VOC_2014
Calibration scale:            NPL
Calibration standard ID:      D292408
Inlet type:                   Hat or hood
Inlet description:            ambient air is brought into the cabin through a main inlet line at a flow rate of 300 lpm. From the main inlet line short stainless steel tubes are used to bring the air samples to the instruments.
Detection limit expl.:        Determined by integration of a baseline signal multiplied by a factor of 3
Measurement uncertainty expl.: Includes reproducibility (precision) + systematic errors (accuracy)
Zero/negative values code:    Zero possible
Zero/negative values:         Zero values may appear due to statistical variations at very low concentrations
Originator:                   Hill, Matz, matthias.hill@empa.ch, Swiss Federal Laboratories for Materials Science and Technology, Empa, Air Pollution/Environmental Technology, Ueberlandstrasse 129, , CH-8600, Duebendorf, Switzerland
Originator:                   Reimann, Stefan, , , , , , , , , 
Submitter:                    Hill, Matz, matthias.hill@empa.ch, Swiss Federal Laboratories for Materials Science and Technology, Empa, Air Pollution/Environmental Technology, Ueberlandstrasse 129, , CH-8600, Duebendorf, Switzerland
Acknowledgement:              Request acknowledgement details from data originator
Comment:                      "No SOP currently available, o3 not removed, nafion dryer, Calibration interval:1/two weeks"
starttime endtime C2H6 C2H6 C2H6 flag
[from data line 3266]
325.740277 325.768056  1043   62.92  29.68 0.000
325.823611 325.851389  1004   60.87  28.73 0.000
325.907638 325.935416  1064   64.02  30.19 0.000
325.990972 326.018750  1122   67.07  31.60 0.000
326.074306 326.102083  1183   70.26  33.08 0.000
326.158333 326.186111  1341   78.56  36.92 0.000
326.241666 326.269444  1168   69.48  32.72 0.000
326.324999 326.352777  1236   73.05  34.37 0.000
326.408333 326.436111  1255   74.04  34.83 0.000
326.492361 326.520139  1074   64.54  30.43 0.000
326.575694 326.603472  1134   67.69  31.89 0.000
326.659027 326.686806  1162   69.16  32.57 0.000
326.743056 326.770833  1167   69.42  32.69 0.000
326.826388 326.854166  1188   70.52  33.20 0.000
326.909722 326.937500  1167   69.42  32.69 0.000
326.993749 327.021527  1175   69.85  32.89 0.000
327.077083 327.104861  1121   67.00  31.57 0.000
327.160416 327.188194  1101   65.96  31.09 0.000
327.244444 327.272222  1106   66.22  31.21 0.000
327.327777 327.355556  1060   63.80  30.09 0.000
327.411111 327.438889  1025   61.97  29.24 0.000
327.494444 327.522222  1095   65.64  30.94 0.000
327.578472 327.606250  1101   65.96  31.09 0.000
327.661806 327.689583  1175   69.85  32.89 0.000
327.745138 327.772916  1121   67.00  31.57 0.000
327.829166 327.856944   977   59.44  28.07 0.000
327.912499 327.940277  1127   67.33  31.72 0.000
327.995833 328.023611  1202   71.26  33.54 0.000
328.079861 328.107639  1205   71.41  33.61 0.000
328.163194 328.190972   984   59.81  28.24 0.000
332.353472 332.381250 99999 9999.99 999.99 0.999
332.436806 332.464583  1682   96.48  45.21 0.000
332.520833 332.548611  1684   96.56  45.25 0.000
332.604166 332.631944  1662   95.42  44.72 0.000
332.687499 332.715277  1638   94.16  44.14 0.000
332.771527 332.799306  1645   94.53  44.31 0.000
332.854861 332.882639  1638   94.16  44.14 0.000
332.938194 332.965972  1656   95.09  44.57 0.000
333.022222 333.050000  1638   94.16  44.14 0.000
333.105556 333.133333  1682   96.48  45.21 0.000
333.188888 333.216666  1702   97.51  45.69 0.000
333.272916 333.300694  1703   97.58  45.72 0.000
333.356249 333.384027  1706   97.73  45.79 0.000
333.439583 333.467361  1714   98.14  45.98 0.000
333.522916 333.550694  1807  103.03  48.24 0.000
333.606944 333.634722  1770  101.08  47.34 0.000
333.690277 333.718056  1754  100.26  46.96 0.000
333.773611 333.801389  1751  100.09  46.88 0.000
333.857638 333.885416  1683   96.52  45.23 0.000
333.940972 333.968750  1732   99.09  46.42 0.000
334.024306 334.052083  1570   90.58  42.48 0.000
334.108333 334.136111  1453   84.44  39.64 0.000
334.191666 334.219444  1387   80.98  38.04 0.000
335.622916 335.650694  1169   35.56  13.40 0.000
335.706249 335.734027  1211   36.62  13.73 0.000
335.789583 335.817361  1225   36.97  13.84 0.000
335.873611 335.901389  1194   36.20  13.60 0.000
335.956944 335.984722  1150   35.10  13.26 0.000
336.040277 336.068056  1230   37.09  13.88 0.000
336.124306 336.152083  1272   38.13  14.20 0.000
336.207638 336.235416  1652   47.62  17.15 0.000
336.290972 336.318750  1561   45.36  16.45 0.000
336.374999 336.402777  1643   47.40  17.08 0.000
336.458333 336.486111  1768   50.53  18.05 0.000
336.541666 336.569444  3080   83.56  28.23 0.000
336.624999 336.652777  2813   76.83  26.16 0.000
336.709027 336.736806  2024   56.97  20.04 0.000
336.792361 336.820139  1996   56.26  19.82 0.000
336.875694 336.903472  1857   52.76  18.74 0.000
336.959722 336.987500  1892   53.66  19.02 0.000
337.043056 337.070833  1807   51.52  18.36 0.000
337.126388 337.154166  1767   50.52  18.05 0.000
337.210416 337.238194  1783   50.91  18.17 0.000
337.293749 337.321527  1755   50.21  17.95 0.000
337.377083 337.404861  1775   50.72  18.11 0.000
337.461111 337.488889  2081   58.39  20.48 0.000
337.544444 337.572222  2030   57.12  20.09 0.000
337.627777 337.655556  2106   59.03  20.68 0.000
337.711806 337.739583  1875   53.22  18.88 0.000
337.795138 337.822916  1882   53.40  18.94 0.000
337.878472 337.906250  1919   54.32  19.22 0.000
337.961806 337.989583  1908   54.05  19.14 0.000
338.045833 338.073611  1898   53.80  19.06 0.000
338.129166 338.156944  1855   52.72  18.73 0.000
338.212499 338.240277  1542   44.88  16.30 0.000
338.296527 338.324306  1482   43.37  15.83 0.000
338.379861 338.407639  1509   44.04  16.04 0.000
338.463194 338.490972  1601   46.36  16.76 0.000
338.547222 338.575000  1602   46.37  16.76 0.000
338.630556 338.658333  1495   43.69  15.93 0.000
338.713888 338.741666  1476   43.23  15.79 0.000
338.797222 338.825000  1471   43.10  15.75 0.000
338.881249 338.909027  1450   42.58  15.59 0.000
338.964583 338.992361  1442   42.37  15.52 0.000
339.047916 339.075694  1407   41.50  15.25 0.000
339.131944 339.159722  1335   39.70  14.69 0.000
339.215277 339.243056  1321   39.35  14.58 0.000
339.298611 339.326389 99999 9999.99 999.99 0.999
339.382638 339.410416 99999 9999.99 999.99 0.999
339.465972 339.493750 99999 9999.99 999.99 0.999
339.549306 339.577083 99999 9999.99 999.99 0.999
339.633333 339.661111 99999 9999.99 999.99 0.999
339.716666 339.744444 99999 9999.99 999.99 0.999
339.799999 339.827777 99999 9999.99 999.99 0.999
339.883333 339.911111 99999 9999.99 999.99 0.999
339.967361 339.995139 99999 9999.99 999.99 0.999
340.050694 340.078472 99999 9999.99 999.99 0.999
340.134027 340.161806 99999 9999.99 999.99 0.999
340.218056 340.245833 99999 9999.99 999.99 0.999
340.301388 340.329166 99999 9999.99 999.99 0.999
342.491666 342.519444  1075   33.25  12.68 0.000
342.574999 342.602777  1064   32.97  12.59 0.000
342.659027 342.686806  1088   33.57  12.78 0.000
342.742361 342.770139  1107   34.03  12.92 0.000
342.825694 342.853472  1088   33.57  12.78 0.000
342.909027 342.936806  1069   33.09  12.63 0.000
342.993056 343.020833  1174   35.69  13.44 0.000
343.076388 343.104166  1173   35.68  13.44 0.000
343.159722 343.187500  1154   35.20  13.29 0.000
343.243749 343.271527  1140   34.85  13.18 0.000
343.327083 343.354861  1135   34.73  13.14 0.000
343.410416 343.438194  1121   34.38  13.03 0.000
343.494444 343.522222  1099   33.83  12.86 0.000
343.577777 343.605556  1167   35.52  13.39 0.000
343.661111 343.688889  1146   35.01  13.23 0.000
343.745138 343.772916  1125   34.47  13.06 0.000
343.828472 343.856250  1133   34.69  13.13 0.000
343.911806 343.939583  1157   35.27  13.31 0.000
343.995138 344.022916  1150   35.10  13.26 0.000
344.079166 344.106944  1133   34.69  13.13 0.000
344.162499 344.190277  1133   34.69  13.13 0.000
344.245833 344.273611  1117   34.28  13.00 0.000
344.329861 344.357639  1113   34.18  12.97 0.000
344.413194 344.440972  1125   34.47  13.06 0.000
344.496527 344.524306  1126   34.50  13.07 0.000
344.580556 344.608333  1112   34.15  12.96 0.000
344.663888 344.691666  1112   34.15  12.96 0.000
344.747222 344.775000  1118   34.31  13.01 0.000
344.831249 344.859027  1103   33.93  12.89 0.000
344.914583 344.942361  1087   33.54  12.77 0.000
344.997916 345.025694  1207   36.52  13.70 0.000
345.081249 345.109027  1183   35.91  13.51 0.000
345.165277 345.193056  1426   41.98  15.40 0.000
345.248611 345.276389  1347   40.01  14.79 0.000
345.331944 345.359722  1348   40.02  14.79 0.000
345.415972 345.443750  1289   38.56  14.34 0.000
345.499306 345.527083  1370   40.57  14.96 0.000
345.582638 345.610416  1452   42.62  15.60 0.000
345.666666 345.694444  1447   42.50  15.56 0.000
345.749999 345.777777  1688   48.53  17.43 0.000
345.833333 345.861111  1776   50.74  18.12 0.000
345.917361 345.945139  1820   51.85  18.46 0.000
346.000694 346.028472  1802   51.39  18.32 0.000
346.084027 346.111806  1877   53.27  18.90 0.000
346.167361 346.195139  1837   52.27  18.59 0.000
346.251388 346.279166  1772   50.63  18.08 0.000
346.334722 346.362500  1927   54.53  19.29 0.000
346.418056 346.445833  1712   49.13  17.62 0.000
346.502083 346.529861  2128   59.58  20.85 0.000
346.585416 346.613194  2281   63.42  22.03 0.000
346.668749 346.696527  1991   56.13  19.78 0.000
346.752777 346.780556  1765   50.46  18.03 0.000
346.836111 346.863889  1719   49.30  17.67 0.000
346.919444 346.947222  1595   46.20  16.71 0.000
347.003472 347.031250  1541   44.85  16.29 0.000
347.086806 347.114583  1541   44.85  16.29 0.000
347.170138 347.197916  1509   44.04  16.04 0.000
347.253472 347.281250  1510   44.07  16.05 0.000
347.337499 347.365277  1481   43.36  15.83 0.000
347.420833 347.448611  1468   43.03  15.73 0.000
347.504166 347.531944  1482   43.37  15.83 0.000
347.588194 347.615972  1496   43.72  15.94 0.000
347.671527 347.699306  1507   44.00  16.03 0.000
347.754861 347.782639  1481   43.36  15.83 0.000
347.838888 347.866666  1488   43.52  15.88 0.000
347.922222 347.950000  1500   43.82  15.97 0.000
348.005556 348.033333  1519   44.30  16.12 0.000
348.089583 348.117361  1520   44.33  16.13 0.000
348.172916 348.200694  1514   44.17  16.08 0.000
348.256249 348.284027  1541   44.85  16.29 0.000
348.339583 348.367361  1636   47.23  17.03 0.000
348.423611 348.451389  1489   43.55  15.89 0.000
348.506944 348.534722  1543   44.90  16.31 0.000
348.590277 348.618056  1574   45.68  16.55 0.000
348.674306 348.702083  1518   44.27  16.11 0.000
348.757638 348.785416  1563   45.40  16.46 0.000
348.840972 348.868750  1564   45.43  16.47 0.000
348.924999 348.952777  1574   45.68  16.55 0.000
349.008333 349.036111  1538   44.78  16.27 0.000
349.091666 349.119444  1659   47.81  17.21 0.000
349.175694 349.203472  1749   50.07  17.91 0.000
349.259027 349.286806  1907   54.02  19.13 0.000
349.342361 349.370139  2107   59.05  20.68 0.000
349.425694 349.453472  1515   44.20  16.09 0.000
349.509722 349.537500  1617   46.75  16.88 0.000
349.593056 349.620833  1608   46.52  16.81 0.000
349.676388 349.704166  1619   46.81  16.90 0.000
349.760416 349.788194  1648   47.53  17.12 0.000
349.843749 349.871527  1644   47.43  17.09 0.000
349.927083 349.954861  1627   47.00  16.96 0.000
350.011111 350.038889  1602   46.37  16.76 0.000
350.094444 350.122222  1584   45.93  16.63 0.000
350.177777 350.205556  1570   45.58  16.52 0.000
350.261806 350.289583  1516   44.23  16.10 0.000
350.345138 350.372916  1470   43.07  15.74 0.000
350.428472 350.456250  1377   40.75  15.02 0.000
350.511806 350.539583  1304   38.93  14.45 0.000
350.595833 350.623611  1373   40.66  14.99 0.000
350.679166 350.706944  1297   38.76  14.40 0.000
350.762499 350.790277  1305   38.96  14.46 0.000
350.846527 350.874306  1236   37.23  13.92 0.000
350.929861 350.957639  1286   38.48  14.31 0.000
351.013194 351.040972  1211   36.62  13.73 0.000
351.097222 351.125000  1216   36.74  13.77 0.000
351.180556 351.208333  1227   37.01  13.85 0.000
351.263888 351.291666  1277   38.25  14.24 0.000
351.347916 351.375694  1347   40.01  14.79 0.000
351.431249 351.459027  1453   42.65  15.61 0.000
351.514583 351.542361  1367   40.50  14.94 0.000
351.597916 351.625694  1541   44.85  16.29 0.000
351.681944 351.709722  1670   48.08  17.29 0.000
351.765277 351.793056  1551   45.10  16.37 0.000
351.848611 351.876389  1547   45.00  16.34 0.000
351.932638 351.960416  1527   44.50  16.18 0.000
352.015972 352.043750  1551   45.10  16.37 0.000
352.099306 352.127083  1513   44.14  16.07 0.000
352.183333 352.211111  1493   43.65  15.92 0.000
352.266666 352.294444  1491   43.59  15.90 0.000
352.349999 352.377777  1599   46.30  16.74 0.000
352.434027 352.461806  1534   44.68  16.24 0.000
352.517361 352.545139 99999 9999.99 999.99 0.999
354.519444 354.547222  2040   57.36  20.16 0.000
354.602777 354.630556  1837   52.27  18.59 0.000
354.686111 354.713889  1902   53.90  19.09 0.000
354.770138 354.797916  1817   51.76  18.43 0.000
354.853472 354.881250  1844   52.44  18.64 0.000
354.936806 354.964583  1776   50.74  18.12 0.000
355.020833 355.048611  1743   49.91  17.86 0.000
355.104166 355.131944  1711   49.11  17.61 0.000
355.187499 355.215277  1734   49.69  17.79 0.000
355.270833 355.298611  1792   51.14  18.24 0.000
355.354861 355.382639  1757   50.26  17.97 0.000
355.745833 355.773611  1738   49.78  17.82 0.000
355.829166 355.856944  1673   48.16  17.32 0.000
355.912499 355.940277  1745   49.95  17.87 0.000
355.996527 356.024306  1695   48.71  17.49 0.000
356.079861 356.107639  1684   48.43  17.40 0.000
356.163194 356.190972  1628   47.03  16.97 0.000
356.247222 356.275000  1657   47.75  17.19 0.000
356.330556 356.358333  1553   45.14  16.38 0.000
356.413888 356.441666  1684   48.43  17.40 0.000
356.497916 356.525694  1533   44.65  16.23 0.000
356.581249 356.609027  1601   46.36  16.76 0.000
356.664583 356.692361  1620   46.82  16.90 0.000
356.747916 356.775694  1667   48.01  17.27 0.000
356.831944 356.859722  1623   46.91  16.93 0.000
356.915277 356.943056  1814   51.69  18.41 0.000
356.998611 357.026389  1788   51.04  18.21 0.000
357.082638 357.110416  1750   50.08  17.91 0.000
357.165972 357.193750  1997   56.29  19.83 0.000
357.249306 357.277083  1888   53.54  18.98 0.000
357.333333 357.361111  1840   52.34  18.61 0.000
357.416666 357.444444  2045   57.49  20.20 0.000
357.499999 357.527777  2226   62.05  21.61 0.000
357.584027 357.611806  2277   63.32  22.00 0.000
357.667361 357.695139  2075   58.25  20.44 0.000
357.750694 357.778472  1905   53.98  19.12 0.000
357.834027 357.861806  1942   54.90  19.40 0.000
357.918056 357.945833  2438   67.38  23.25 0.000
358.001388 358.029166  2151   60.16  21.03 0.000
358.084722 358.112500  2407   66.60  23.01 0.000
358.168749 358.196527  1993   56.19  19.80 0.000
358.252083 358.279861  1962   55.41  19.56 0.000
358.335416 358.363194  2033   57.19  20.11 0.000
358.419444 358.447222  1967   55.54  19.60 0.000
358.502777 358.530556  1972   55.66  19.64 0.000
358.586111 358.613889  2153   60.21  21.04 0.000
358.670138 358.697916  2475   68.31  23.54 0.000
358.753472 358.781250  2509   69.16  23.80 0.000
358.836806 358.864583  2535   69.82  24.00 0.000
358.920138 358.947916  2427   67.11  23.17 0.000
359.004166 359.031944  2419   66.90  23.10 0.000
359.087499 359.115277  2379   65.89  22.79 0.000
359.170833 359.198611  2338   64.87  22.48 0.000
359.254861 359.282639  2289   63.64  22.10 0.000
359.338194 359.365972  2251   62.67  21.80 0.000
359.421527 359.449306  2191   61.17  21.34 0.000
359.505556 359.533333  2078   58.32  20.46 0.000
359.588888 359.616666  1714   49.18  17.63 0.000
359.672222 359.700000  1838   52.30  18.60 0.000
359.756249 359.784027  2004   56.46  19.88 0.000
359.839583 359.867361  1788   51.04  18.21 0.000
359.922916 359.950694  1572   45.62  16.53 0.000
360.006249 360.034027  1428   42.02  15.41 0.000
360.090277 360.118056  1417   41.75  15.33 0.000
360.173611 360.201389  1330   39.57  14.65 0.000
360.256944 360.284722  1245   37.46  13.99 0.000
360.340972 360.368750  1290   38.58  14.34 0.000
360.424306 360.452083  1365   40.46  14.93 0.000
360.507638 360.535416  1898   53.80  19.06 0.000
360.591666 360.619444  2314   64.26  22.29 0.000
360.674999 360.702777  1782   50.89  18.16 0.000
360.758333 360.786111  1855   52.72  18.73 0.000
360.842361 360.870139  1968   55.56  19.61 0.000
360.925694 360.953472  2147   60.05  20.99 0.000
361.009027 361.036806  2109   59.10  20.70 0.000
361.092361 361.120139  2153   60.21  21.04 0.000
361.176388 361.204166  2297   63.83  22.16 0.000
361.259722 361.287500  2289   63.64  22.10 0.000
361.343056 361.370833  2442   67.48  23.28 0.000
361.427083 361.454861  2328   64.61  22.40 0.000
361.510416 361.538194  2269   63.13  21.94 0.000
361.593749 361.621527  2306   64.06  22.23 0.000
361.677777 361.705556  2181   60.92  21.26 0.000
361.761111 361.788889  2246   62.54  21.76 0.000
361.844444 361.872222  2178   60.83  21.23 0.000
361.928472 361.956250  2072   58.17  20.41 0.000
362.011806 362.039583  1998   56.31  19.84 0.000
362.095138 362.122916  2035   57.23  20.12 0.000
362.178472 362.206250  1983   55.93  19.72 0.000
362.262499 362.290277  2072   58.17  20.41 0.000
362.345833 362.373611  2040   57.36  20.16 0.000
362.429166 362.456944  2136   59.78  20.91 0.000
362.513194 362.540972  2170   60.63  21.17 0.000
362.596527 362.624306  2364   65.52  22.68 0.000
