data/obs/c2h6/WDCGG/event/CH0001G.20170101004800.20180821000000.online_gc.ethane.air.1y.2h.CH01L_Agilent_GC-MS-MEDUSA_Medusa-12_JFJ.CH01L_VOC_AIR_Medusa-12.lev2.nas
70 1001
Hill, Matz; Reimann, Stefan; Vollmer, Martin K.
CH01L, Swiss Federal Laboratories for Materials Science and Technology, EMPA, Section Air Pollution, Überlandstrasse 133, , 8600, Dübendorf, Switzerland
Hill, Matz
ACTRIS EMEP GAW-WDCRG
1 1
2017 01 01 2018 08 21
0
days from file reference point
5
1 1 1 1 1
999.999999 99999.999 9999.999 999.999 9.999
end_time of measurement, days from the file reference point
ethane, pmol/mol, Statistics=arithmetic mean, Detection limit=1.1 pmol/mol
ethane, pmol/mol, Statistics=expanded uncertainty 2sigma
ethane, pmol/mol, Statistics=precision
numflag, no unit
0
51
Data definition:              EBAS_1.1
Set type code:                TI
Timezone:                     UTC
File name:                    CH0001G.20170101004800.20180821000000.online_gc.ethane.air.1y.2h.CH01L_Agilent_GC-MS-MEDUSA_Medusa-12_JFJ.CH01L_VOC_AIR_Medusa-12.lev2.nas
File creation:                20190306184545
Startdate:                    20170101004800
Revision date:                20180821000000
Version:                      3
Version description:          Third submission
Data level:                   2
Period code:                  1y
Resolution code:              2h
Sample duration:              20mn
Orig. time res.:              2h
Station code:                 CH0001G
Platform code:                CH0001S
Station name:                 Jungfraujoch
Station GAW-ID:               JFJ
Station latitude:             46.5475
Station longitude:            7.985
Station altitude:             3578.0m
Measurement altitude:         3580.0m
Measurement height:           2.0m
Regime:                       IMG
Component:                    ethane
Unit:                         pmol/mol
Matrix:                       air
Instrument type:              online_gc
Laboratory code:              CH01L
Instrument name:              Agilent_GC-MS-MEDUSA_Medusa-12_JFJ
Instrument manufacturer:      AGAGE+Agilent+Agilent
Instrument model:             MEDUSA+6890N+5975B
Instrument serial number:     Medusa-12
Method ref:                   CH01L_VOC_AIR_Medusa-12
Standard method:              None
Calibration scale:            SIO-p
Inlet type:                   Hat or hood
Inlet description:            above the roof
Volume std. temperature:      273.15 K
Volume std. pressure:         1013.25 hPa
Detection limit expl.:        Determined by instrument counting statistics, no detection limit flag used
Measurement uncertainty expl.: Includes reproducibility (precision) + systematic errors (accuracy)
Zero/negative values code:    Zero/negative impossible
Zero/negative values:         Zero and neg. values do not appear because data was processed and zero/neg data taken out
Originator:                   Hill, Matz, matthias.hill@empa.ch, Swiss Federal Laboratories for Materials Science and Technology, Empa, Air Pollution/Environmental Technology, Ueberlandstrasse 129, , CH-8600, Duebendorf, Switzerland
Originator:                   Reimann, Stefan, , , , , , , , , 
Originator:                   Vollmer, Martin K., martin.vollmer@empa.ch, Swiss Federal Laboratories for Materials Science and Technology, Empa, Air Pollution/Environmental Technology, Ueberlandstrasse 129, , CH-8600, Duebendorf, Switzerland
Submitter:                    Hill, Matz, matthias.hill@empa.ch, Swiss Federal Laboratories for Materials Science and Technology, Empa, Air Pollution/Environmental Technology, Ueberlandstrasse 129, , CH-8600, Duebendorf, Switzerland
Acknowledgement:              Request acknowledgement details from data originator
Comment:                      "No SOP currently available, MEDUSA. Sample volume: 2L, trap at -170degC, trap material Hayesep D, Nafion dryer, no O3 removal, 2-hourly calibration interval"
starttime endtime C2H6 C2H6 C2H6 flag
[from data line 2910]
234.102778 234.116667   485.502   31.481   3.470 0.000
234.193056 234.206944   475.872   30.856   3.402 0.000
234.238194 234.252083   494.086   32.037   3.533 0.000
234.328472 234.342361   457.372   29.657   3.270 0.000
234.373611 234.387500   481.434   31.061   3.068 0.000
234.463889 234.477778   521.575   33.651   3.324 0.000
234.509028 234.522917   528.545   34.103   3.375 0.000
234.599306 234.613194   522.371   33.705   3.336 0.000
234.644444 234.658333   558.731   36.240   4.019 0.000
234.734722 234.748611   603.018   39.112   4.337 0.000
234.779861 234.793750   673.584   43.998   5.499 0.000
234.870139 234.884028   614.480   40.116   4.973 0.000
234.915972 234.929861   624.441   40.767   5.055 0.000
235.006250 235.020139   619.780   40.383   4.855 0.000
235.051389 235.065278   614.772   40.107   4.919 0.000
235.141667 235.155556   593.912   38.670   4.595 0.000
235.186806 235.200694   568.753   37.097   4.535 0.000
235.277083 235.290972   589.997   38.410   4.553 0.000
235.322222 235.336111   586.301   38.134   4.449 0.000
235.412500 235.426389   574.428   37.306   4.239 0.000
235.457639 235.471528   578.277   37.600   4.362 0.000
235.547917 235.561806   607.799   39.448   4.430 0.000
235.593056 235.606944   611.743   39.597   4.212 0.000
235.909028 235.922917   577.350   37.311   3.833 0.000
235.954167 235.968056   606.818   39.222   4.045 0.000
236.044444 236.058333   620.665   40.125   4.157 0.000
236.089583 236.103472   638.496   41.223   4.142 0.000
236.179861 236.193750   604.616   39.035   3.921 0.000
236.225000 236.238889   750.968   48.489   4.882 0.000
236.315278 236.329167   555.016   35.832   3.598 0.000
236.360417 236.374306   576.195   37.200   3.736 0.000
236.450694 236.464583   576.569   37.203   3.687 0.000
236.495833 236.509722   573.683   36.998   3.619 0.000
236.586111 236.600000   643.556   41.539   4.149 0.000
236.631250 236.645139   616.576   39.798   3.975 0.000
236.721528 236.735417   616.597   39.821   4.029 0.000
236.766667 236.780556   558.191   36.049   3.647 0.000
236.856944 236.870833   580.859   37.316   3.273 0.000
236.902083 236.915972   554.176   35.583   3.070 0.000
236.992361 237.006250   488.388   31.335   2.636 0.000
237.037500 237.051389   487.023   31.272   2.700 0.000
237.624306 237.638194   621.555   39.912   3.451 0.000
237.669444 237.683333   590.515   37.919   3.279 0.000
237.759722 237.773611   576.124   36.994   3.197 0.000
237.804861 237.818750   582.515   37.405   3.233 0.000
237.895139 237.909028   604.190   38.835   3.463 0.000
237.940278 237.954167   602.973   38.757   3.456 0.000
238.030556 238.044444   593.692   38.094   3.212 0.000
238.075694 238.089583   611.640   39.246   3.309 0.000
238.218056 238.231944   534.236   34.266   2.853 0.000
238.308333 238.322222   560.318   35.928   2.957 0.000
238.353472 238.367361   519.332   33.305   2.757 0.000
238.443750 238.457639   547.487   35.125   2.949 0.000
238.488889 238.502778   562.486   36.057   2.940 0.000
238.579167 238.593056   502.118   32.193   2.642 0.000
238.624306 238.638194   482.032   30.875   2.441 0.000
238.715278 238.729167   503.686   32.078   1.885 0.000
238.760417 238.774306   528.134   33.619   1.905 0.000
238.850694 238.864583   542.941   34.481   1.564 0.000
238.895833 238.909722   533.028   33.904   1.805 0.000
238.986111 239.000000   534.004   33.971   1.828 0.000
239.031250 239.045139   544.548   34.659   1.944 0.000
239.121528 239.135417   546.894   34.825   2.026 0.000
239.166667 239.180556   545.945   34.748   1.949 0.000
239.256944 239.270833   540.117   34.377   1.928 0.000
239.302083 239.315972   551.016   35.159   2.327 0.000
239.392361 239.406250   570.140   36.379   2.408 0.000
239.437500 239.451389   560.749   35.856   2.640 0.000
239.527778 239.541667   589.630   37.703   2.776 0.000
239.572917 239.586806   579.584   37.117   2.915 0.000
239.663194 239.677083   604.981   38.743   3.043 0.000
239.708333 239.722222   630.074   40.339   3.134 0.000
239.798611 239.812500   631.462   40.428   3.141 0.000
239.843750 239.857639   616.008   39.384   2.882 0.000
239.934028 239.947917   555.684   35.527   2.600 0.000
239.979167 239.993056   584.725   37.436   2.910 0.000
240.069444 240.083333   645.147   41.305   3.210 0.000
240.114583 240.128472   647.288   41.420   3.149 0.000
240.204861 240.218750   561.062   35.902   2.730 0.000
240.250000 240.263889   563.627   36.068   2.747 0.000
240.340278 240.354167   532.506   34.076   2.596 0.000
240.385417 240.399306   548.900   35.148   2.749 0.000
240.475694 240.489583   538.745   34.498   2.698 0.000
240.520833 240.534722   550.377   35.255   2.794 0.000
240.611111 240.625000   570.984   36.575   2.899 0.000
240.656250 240.670139   586.811   37.607   3.037 0.000
240.746528 240.760417   602.840   38.634   3.120 0.000
240.791667 240.805556   611.982   39.259   3.285 0.000
240.881944 240.895833   680.547   43.657   3.654 0.000
240.927083 240.940972   640.109   41.015   3.290 0.000
241.017361 241.031250   625.222   40.062   3.214 0.000
241.062500 241.076389   608.824   39.023   3.167 0.000
241.152778 241.166667   617.698   39.592   3.214 0.000
241.197917 241.211806   659.401   42.320   3.598 0.000
241.288194 241.302083   634.964   40.752   3.465 0.000
241.333333 241.347222   696.860   44.540   3.215 0.000
241.423611 241.437500   732.443   46.814   3.379 0.000
241.468750 241.482639   889.500   56.773   3.820 0.000
241.559028 241.572917  1059.974   67.654   4.552 0.000
241.604167 241.618056  1084.164   69.065   4.131 0.000
241.694444 241.708333   877.513   55.900   3.344 0.000
241.739583 241.753472   889.834   56.746   3.638 0.000
241.829861 241.843750 99999.999 9999.999 999.999 0.999
242.168056 242.181944 99999.999 9999.999 999.999 0.999
249.556250 249.570139 99999.999 9999.999 999.999 0.999
250.334722 250.348611 99999.999 9999.999 999.999 0.999
250.379861 250.393750 99999.999 9999.999 999.999 0.999
250.470139 250.484028 99999.999 9999.999 999.999 0.999
250.515278 250.529167 99999.999 9999.999 999.999 0.999
250.605556 250.619444 99999.999 9999.999 999.999 0.999
250.650694 250.664583 99999.999 9999.999 999.999 0.999
250.740972 250.754861 99999.999 9999.999 999.999 0.999
250.786111 250.800000 99999.999 9999.999 999.999 0.999
250.876389 250.890278 99999.999 9999.999 999.999 0.999
250.921528 250.935417 99999.999 9999.999 999.999 0.999
251.011806 251.025694 99999.999 9999.999 999.999 0.999
251.056944 251.070833 99999.999 9999.999 999.999 0.999
251.643750 251.657639 99999.999 9999.999 999.999 0.999
251.688889 251.702778 99999.999 9999.999 999.999 0.999
251.779167 251.793056 99999.999 9999.999 999.999 0.999
251.824306 251.838194 99999.999 9999.999 999.999 0.999
251.914583 251.928472 99999.999 9999.999 999.999 0.999
251.959722 251.973611 99999.999 9999.999 999.999 0.999
252.050000 252.063889   893.955   56.860   3.018 0.000
252.095139 252.109028   901.860   57.398   3.206 0.000
252.237500 252.251389   928.665   59.088   3.227 0.000
252.327778 252.341667   961.510   61.172   3.318 0.000
252.372917 252.386806   962.521   61.243   3.350 0.000
252.463194 252.477083   968.723   61.656   3.454 0.000
252.508333 252.522222   968.281   61.609   3.370 0.000
252.598611 252.612500   977.456   62.155   3.225 0.000
252.643750 252.657639   962.929   61.212   3.083 0.000
252.734028 252.747917  1019.278   64.794   3.263 0.000
252.779167 252.793056  1034.935   65.824   3.478 0.000
252.869444 252.883333  1047.305   66.610   3.519 0.000
252.914583 252.928472  1047.583   66.639   3.571 0.000
253.004861 253.018750  1046.979   66.600   3.569 0.000
253.050000 253.063889  1048.099   66.669   3.561 0.000
253.140278 253.154167   957.749   60.922   3.254 0.000
253.185417 253.199306   927.525   58.937   2.844 0.000
253.275694 253.289583   857.384   54.480   2.629 0.000
253.320833 253.334722   613.407   38.960   1.789 0.000
253.411111 253.425000   683.178   43.391   1.992 0.000
253.456250 253.470139   904.777   57.484   2.738 0.000
253.546528 253.560417   891.964   56.670   2.699 0.000
253.591667 253.605556   858.625   54.545   2.559 0.000
253.681944 253.695833   949.875   60.342   2.831 0.000
253.727083 253.740972   979.028   62.207   2.989 0.000
253.817361 253.831250   946.423   60.231   3.350 0.000
253.862500 253.876389   944.701   60.155   3.491 0.000
253.952778 253.966667   925.974   59.014   3.640 0.000
253.997917 254.011806   874.673   55.759   3.495 0.000
254.088194 254.102083   869.877   55.491   3.625 0.000
254.133333 254.147222   870.692   55.493   3.430 0.000
254.223611 254.237500   879.644   56.071   3.494 0.000
254.268750 254.282639   893.408   56.982   3.681 0.000
254.359028 254.372917   876.304   55.885   3.586 0.000
254.404167 254.418056   873.502   55.735   3.688 0.000
254.494444 254.508333 99999.999 9999.999 999.999 0.999
254.573611 254.587500 99999.999 9999.999 999.999 0.999
254.618750 254.632639 99999.999 9999.999 999.999 0.999
254.709028 254.722917   881.891   56.232   3.573 0.000
254.754167 254.768056   927.593   59.106   3.598 0.000
254.844444 254.858333   930.795   59.334   3.706 0.000
254.889583 254.903472   867.382   55.264   3.342 0.000
254.979861 254.993750  1026.231   65.420   4.096 0.000
255.025000 255.038889   951.052   60.588   3.635 0.000
255.115278 255.129167   775.670   49.444   3.084 0.000
255.160417 255.174306   800.183   51.011   3.198 0.000
255.250694 255.264583   648.655   41.378   2.698 0.000
255.295833 255.309722   564.308   36.058   2.568 0.000
255.386111 255.400000   558.436   35.714   2.649 0.000
255.431250 255.445139   537.794   34.363   2.445 0.000
255.522222 255.536111   554.604   35.437   2.521 0.000
255.567361 255.581250   555.026   35.462   2.517 0.000
255.657639 255.671528   568.038   36.293   2.576 0.000
255.702778 255.716667   567.065   36.347   2.952 0.000
255.793056 255.806944   549.554   35.225   2.861 0.000
255.838194 255.852083   562.370   36.009   2.811 0.000
255.928472 255.942361   559.825   35.846   2.798 0.000
255.973611 255.987500   574.333   36.755   2.806 0.000
256.063889 256.077778   573.742   36.690   2.712 0.000
256.109028 256.122917   570.265   36.458   2.664 0.000
256.199306 256.213194 99999.999 9999.999 999.999 0.999
256.244444 256.258333 99999.999 9999.999 999.999 0.999
256.334722 256.348611   603.119   38.538   2.745 0.000
256.379861 256.393750   626.085   40.010   2.868 0.000
256.470139 256.484028   661.921   42.272   2.930 0.000
256.515278 256.529167   806.080   51.488   3.605 0.000
256.605556 256.619444   828.783   52.926   3.660 0.000
256.650694 256.664583   820.133   52.393   3.692 0.000
256.966667 256.980556   842.108   53.872   4.050 0.000
257.011806 257.025694   863.318   55.187   4.012 0.000
257.102083 257.115972   872.297   55.803   4.195 0.000
257.147222 257.161111   852.164   54.485   3.996 0.000
257.237500 257.251389   845.126   54.030   3.948 0.000
257.282639 257.296528   855.601   54.665   3.876 0.000
257.372917 257.386806   867.548   55.431   3.939 0.000
257.418056 257.431944   851.177   54.385   3.865 0.000
257.508333 257.522222   883.156   56.547   4.408 0.000
257.553472 257.567361   891.344   57.242   4.966 0.000
257.643750 257.657639   894.255   57.577   5.392 0.000
257.688889 257.702778   893.652   57.538   5.389 0.000
257.779167 257.793056   892.622   57.273   4.823 0.000
257.824306 257.838194   885.241   56.799   4.783 0.000
257.914583 257.928472   901.542   57.896   5.021 0.000
257.959722 257.973611   887.744   57.037   5.021 0.000
258.050000 258.063889   919.865   59.043   5.038 0.000
258.095139 258.109028   926.377   59.518   5.236 0.000
258.681944 258.695833   925.293   59.644   5.761 0.000
258.727083 258.740972   945.494   60.871   5.688 0.000
258.817361 258.831250   928.086   59.756   5.600 0.000
258.862500 258.876389   917.378   59.031   5.440 0.000
258.952778 258.966667   948.586   61.102   5.792 0.000
258.997917 259.011806   957.656   61.617   5.661 0.000
259.140278 259.154167   944.700   60.786   5.591 0.000
259.230556 259.244444   939.615   60.518   5.720 0.000
259.275694 259.289583   939.823   60.459   5.527 0.000
259.365972 259.379861   944.407   60.821   5.735 0.000
259.411111 259.425000   955.035   61.406   5.531 0.000
259.501389 259.515278   938.956   60.290   5.203 0.000
259.546528 259.560417   934.986   59.975   5.006 0.000
259.636806 259.650694   981.929   62.769   4.562 0.000
259.681944 259.695833   976.822   62.188   3.559 0.000
259.772222 259.786111   959.947   61.114   3.498 0.000
259.817361 259.831250   954.880   60.803   3.528 0.000
259.907639 259.921528   944.385   60.134   3.489 0.000
259.952778 259.966667   956.701   60.927   3.572 0.000
260.043056 260.056944   959.167   61.085   3.582 0.000
260.088194 260.102083   959.481   61.107   3.593 0.000
260.178472 260.192361   951.902   60.624   3.564 0.000
260.223611 260.237500   947.669   60.258   3.112 0.000
260.313889 260.327778   939.868   59.762   3.087 0.000
260.359028 260.372917   948.145   60.331   3.315 0.000
260.449306 260.463194   945.517   60.140   3.195 0.000
260.494444 260.508333  1070.085   68.012   3.365 0.000
260.584722 260.598611  1135.567   72.151   3.455 0.000
260.629861 260.643750   966.541   61.414   2.954 0.000
260.720139 260.734028   950.296   60.380   2.892 0.000
260.765278 260.779167   950.178   60.389   2.976 0.000
260.855556 260.869444   954.589   60.669   2.990 0.000
260.900694 260.914583   955.677   60.716   2.881 0.000
260.990972 261.004861   950.143   60.365   2.864 0.000
261.036111 261.050000   953.480   60.593   2.961 0.000
261.127083 261.140972   961.033   61.073   2.984 0.000
261.172222 261.186111   967.687   61.517   3.108 0.000
261.262500 261.276389  1017.226   64.704   3.449 0.000
261.307639 261.321528  1015.574   64.626   3.569 0.000
261.612500 261.626389  1050.579   67.445   5.788 0.000
261.657639 261.671528  1049.625   67.428   5.910 0.000
261.747917 261.761806   995.064   63.996   5.808 0.000
261.793056 261.806944  1013.525   65.107   5.701 0.000
261.883333 261.897222 99999.999 9999.999 999.999 0.999
261.928472 261.942361 99999.999 9999.999 999.999 0.999
262.018750 262.032639 99999.999 9999.999 999.999 0.999
262.063889 262.077778 99999.999 9999.999 999.999 0.999
262.154167 262.168056  1080.116   69.492   6.375 0.000
262.199306 262.213194  1083.068   69.682   6.392 0.000
262.289583 262.303472  1048.815   67.554   6.392 0.000
262.334722 262.348611  1028.776   66.263   6.270 0.000
262.425000 262.438889  1015.221   65.368   6.130 0.000
262.470139 262.484028  1017.255   65.627   6.475 0.000
262.560417 262.574306   980.146   63.611   7.134 0.000
262.605556 262.619444   951.835   61.841   7.078 0.000
262.695833 262.709722   947.532   61.562   7.046 0.000
262.740972 262.754861   954.744   62.000   7.033 0.000
262.831250 262.845139   969.367   62.782   6.762 0.000
262.876389 262.890278   930.224   60.247   6.489 0.000
262.966667 262.980556 99999.999 9999.999 999.999 0.999
263.011806 263.025694 99999.999 9999.999 999.999 0.999
263.369444 263.383333 99999.999 9999.999 999.999 0.999
263.414583 263.428472 99999.999 9999.999 999.999 0.999
263.504861 263.518750   675.956   43.136   2.875 0.000
263.550000 263.563889   681.464   43.283   1.988 0.000
263.865972 263.879861   854.894   54.230   2.095 0.000
263.911111 263.925000   813.760   51.650   2.172 0.000
264.001389 264.015278   718.517   45.605   1.918 0.000
264.046528 264.060417   733.058   46.520   1.911 0.000
264.136806 264.150694  1016.421   64.502   2.650 0.000
264.181944 264.195833  1111.617   70.540   2.879 0.000
264.272222 264.286111  1136.622   72.127   2.944 0.000
264.317361 264.331250  1164.090   73.883   3.095 0.000
264.407639 264.421528  1074.148   68.213   3.075 0.000
264.452778 264.466667   888.169   56.402   2.543 0.000
264.543056 264.556944   823.470   52.282   2.290 0.000
264.588194 264.602083   842.224   53.522   2.609 0.000
264.678472 264.692361   765.445   48.620   2.251 0.000
264.723611 264.737500   809.946   51.447   2.382 0.000
264.813889 264.827778   795.931   50.626   2.693 0.000
264.859028 264.872917   847.786   53.920   2.848 0.000
