data/obs/c2h6/WDCGG/event/CH0001G.20120101011900.20170425145159.online_gc.ethane.air.1y.2h.CH01L_Agilent_GC-MS-MEDUSA_Medusa-12_JFJ.CH01L_VOC_AIR_MEDUSA-12.lev2.nas
68 1001
Hill, Matz; Reimann, Stefan
CH01L, Swiss Federal Laboratories for Materials Science and Technology, EMPA, Section Air Pollution, Überlandstrasse 133, , 8600, Dübendorf, Switzerland
Hill, Matz
ACTRIS EMEP GAW-WDCGG-node GAW-WDCRG
1 1
2012 01 01 2017 04 25
0
days from file reference point
5
1 1 1 1 1
999.999999 99999.999 9999.999 999.999 9.999
end_time of measurement, days from the file reference point
ethane, pmol/mol, Statistics=arithmetic mean, Detection limit=1.1 pmol/mol
ethane, pmol/mol, Statistics=expanded uncertainty 2sigma
ethane, pmol/mol, Statistics=precision
numflag, no unit
0
49
Data definition:              EBAS_1.1
Set type code:                TI
Timezone:                     UTC
File name:                    CH0001G.20120101011900.20170425145159.online_gc.ethane.air.1y.2h.CH01L_Agilent_GC-MS-MEDUSA_Medusa-12_JFJ.CH01L_VOC_AIR_MEDUSA-12.lev2.nas
File creation:                20190306184543
Startdate:                    20120101011900
Revision date:                20170425145159
Version:                      3
Version description:          second revision, manually inspected
Data level:                   2
Period code:                  1y
Resolution code:              2h
Sample duration:              20mn
Orig. time res.:              2h
Station code:                 CH0001G
Platform code:                CH0001S
Station name:                 Jungfraujoch
Station GAW-ID:               JFJ
Station latitude:             46.5475
Station longitude:            7.985
Station altitude:             3578.0m
Measurement height:           4.0m
Regime:                       IMG
Component:                    ethane
Unit:                         pmol/mol
Matrix:                       air
Instrument type:              online_gc
Laboratory code:              CH01L
Instrument name:              Agilent_GC-MS-MEDUSA_Medusa-12_JFJ
Instrument manufacturer:      AGAGE+Agilent+Agilent
Instrument model:             MEDUSA+6890N+5975B
Instrument serial number:     Medusa-12
Method ref:                   CH01L_VOC_AIR_MEDUSA-12
Standard method:              None
Calibration scale:            SIO-p
Inlet type:                   Hat or hood
Inlet description:            above the roof
Volume std. temperature:      273.15 K
Volume std. pressure:         1013.25 hPa
Detection limit expl.:        Determined by instrument counting statistics, no detection limit flag used
Measurement uncertainty expl.: Includes reproducibility (precision) + systematic errors (accuracy)
Zero/negative values code:    Zero/negative impossible
Zero/negative values:         Zero and neg. values don't appear because data was processed and zero/neg data taken out
Originator:                   Hill, Matz, matthias.hill@empa.ch, Swiss Federal Laboratories for Materials Science and Technology, Empa, Air Pollution/Environmental Technology, Ueberlandstrasse 129, , CH-8600, Duebendorf, Switzerland
Originator:                   Reimann, Stefan, , , , , , , , , 
Submitter:                    Hill, Matz, matthias.hill@empa.ch, Swiss Federal Laboratories for Materials Science and Technology, Empa, Air Pollution/Environmental Technology, Ueberlandstrasse 129, , CH-8600, Duebendorf, Switzerland
Acknowledgement:              Request acknowledgement details from data originator
Comment:                      "No SOP currently available, MEDUSA. Sample volume: 2L, trap at -170degC, trap material Hayesep D, Nafion dryer, no O3 removal, 2-hourly calibration interval"
starttime endtime C2H6 C2H6 C2H6 flag
[from data line 2910]
234.104861 234.118750   616.088   39.271   2.446 0.000
234.188889 234.202778   607.142   38.680   2.326 0.000
234.230556 234.244444   625.349   39.840   2.396 0.000
234.313889 234.327778   665.589   42.377   2.436 0.000
234.355556 234.369444   655.384   41.727   2.399 0.000
234.438889 234.452778   668.489   42.561   2.447 0.000
234.480556 234.494444   680.846   43.348   2.493 0.000
234.563889 234.577778   670.423   42.672   2.397 0.000
234.605556 234.619444   564.082   35.903   2.017 0.000
234.855556 234.869444   616.924   39.245   2.109 0.000
234.897222 234.911111   643.884   40.973   2.261 0.000
234.980556 234.994444   637.134   40.530   2.175 0.000
235.022222 235.036111   599.667   38.156   2.089 0.000
235.105556 235.119444   614.279   39.071   2.074 0.000
235.147222 235.161111   619.308   39.391   2.091 0.000
235.230556 235.244444   580.329   36.912   1.960 0.000
235.272222 235.286111   633.720   40.308   2.140 0.000
235.355556 235.369444   564.371   35.903   1.935 0.000
235.397222 235.411111   557.323   35.455   1.910 0.000
235.480556 235.494444   595.130   37.876   2.115 0.000
235.522222 235.536111   601.363   38.273   2.137 0.000
235.605556 235.619444   663.458   42.255   2.491 0.000
235.647222 235.661111   640.579   40.798   2.405 0.000
235.730556 235.744444   583.404   37.172   2.252 0.000
235.772222 235.786111   596.126   37.921   2.033 0.000
235.855556 235.869444   617.564   39.169   1.470 0.000
235.897222 235.911111   620.571   39.359   1.477 0.000
235.980556 235.994444   660.608   41.908   1.636 0.000
236.022222 236.036111   651.378   41.323   1.613 0.000
236.105556 236.119444   677.530   42.984   1.689 0.000
236.147222 236.161111   665.683   42.232   1.660 0.000
236.230556 236.244444   658.010   41.744   1.632 0.000
236.272222 236.286111   659.412   41.833   1.636 0.000
236.355556 236.369444   688.576   43.683   1.708 0.000
236.397222 236.411111   682.767   43.316   1.700 0.000
236.480556 236.494444   679.092   43.067   1.587 0.000
236.522222 236.536111   675.368   42.831   1.578 0.000
236.605556 236.619444   679.075   43.091   1.749 0.000
236.647222 236.661111   674.537   42.797   1.699 0.000
236.730556 236.744444   726.616   46.109   1.882 0.000
236.772222 236.786111   736.878   46.753   1.862 0.000
236.855556 236.869444   752.863   47.774   1.944 0.000
236.897222 236.911111   721.672   45.787   1.818 0.000
236.980556 236.994444   720.936   45.747   1.860 0.000
237.022222 237.036111   744.734   47.258   1.923 0.000
237.105556 237.119444   825.848   52.415   2.196 0.000
237.147222 237.161111   777.500   49.347   2.067 0.000
237.688889 237.702778   853.092   54.088   1.899 0.000
237.730556 237.744444   855.994   54.241   1.669 0.000
237.813889 237.827778   840.346   53.249   1.639 0.000
237.855556 237.869444   871.692   55.239   1.725 0.000
237.938889 237.952778   868.246   55.020   1.719 0.000
237.980556 237.994444   867.376   54.952   1.613 0.000
238.063889 238.077778   886.193   56.145   1.648 0.000
238.105556 238.119444   895.569   56.742   1.698 0.000
238.272222 238.286111   905.166   57.355   1.752 0.000
238.313889 238.327778   915.130   57.986   1.771 0.000
238.397222 238.411111   899.861   57.020   1.755 0.000
238.438889 238.452778   908.780   57.579   1.716 0.000
238.522222 238.536111   921.205   58.366   1.739 0.000
238.563889 238.577778   911.160   57.729   1.720 0.000
238.647222 238.661111   817.862   51.777   1.151 0.000
238.688889 238.702778   807.539   51.125   1.152 0.000
238.772222 238.786111   799.905   50.639   1.112 0.000
238.813889 238.827778   803.430   50.864   1.135 0.000
238.897222 238.911111   806.289   51.063   1.330 0.000
238.938889 238.952778   852.405   53.986   1.427 0.000
239.022222 239.036111   977.434   61.904   1.623 0.000
239.063889 239.077778   980.978   62.118   1.526 0.000
239.147222 239.161111  1019.095   64.530   1.576 0.000
239.188889 239.202778  1039.555   65.826   1.607 0.000
239.272222 239.286111  1147.788   72.687   1.851 0.000
239.313889 239.327778  1094.859   69.335   1.766 0.000
239.397222 239.411111  1074.792   68.053   1.615 0.000
239.438889 239.452778  1134.404   71.827   1.705 0.000
239.522222 239.536111   979.094   61.989   1.426 0.000
239.563889 239.577778   876.327   55.483   1.277 0.000
239.647222 239.661111   713.487   45.176   1.074 0.000
239.688889 239.702778   629.185   39.838   0.948 0.000
239.772222 239.786111   624.560   39.571   1.178 0.000
239.813889 239.827778   618.352   39.178   1.167 0.000
239.897222 239.911111   666.315   42.214   1.240 0.000
239.938889 239.952778   685.072   43.403   1.275 0.000
240.022222 240.036111   651.601   41.284   1.230 0.000
240.063889 240.077778   589.916   37.376   1.114 0.000
240.147222 240.161111   681.568   43.177   1.238 0.000
240.188889 240.202778   642.197   40.683   1.166 0.000
240.272222 240.286111   727.505   46.085   1.300 0.000
240.313889 240.327778   866.772   54.907   1.549 0.000
240.397222 240.411111   905.522   57.363   1.629 0.000
240.438889 240.452778   902.640   57.180   1.624 0.000
240.522222 240.536111   921.938   58.404   1.667 0.000
240.563889 240.577778   925.443   58.626   1.674 0.000
240.647222 240.661111   912.609   57.816   1.676 0.000
240.688889 240.702778   893.490   56.605   1.641 0.000
240.772222 240.786111   908.820   57.641   2.160 0.000
240.813889 240.827778   910.790   57.810   2.441 0.000
240.897222 240.911111   874.638   55.507   2.293 0.000
240.938889 240.952778   874.732   55.501   2.224 0.000
241.022222 241.036111   870.799   55.260   2.267 0.000
241.063889 241.077778   875.428   55.547   2.237 0.000
241.147917 241.161806   702.500   44.587   1.867 0.000
241.189583 241.203472   668.093   42.403   1.776 0.000
241.272917 241.286806   692.147   43.922   1.794 0.000
241.314583 241.328472   695.134   44.112   1.801 0.000
241.397917 241.411806   770.044   48.869   2.018 0.000
241.439583 241.453472   799.829   50.759   2.096 0.000
241.522917 241.536806   811.954   51.530   2.134 0.000
241.564583 241.578472   800.141   50.780   2.103 0.000
241.814583 241.828472   885.981   56.192   2.104 0.000
241.856250 241.870139   902.812   57.270   2.211 0.000
241.939583 241.953472   820.310   52.032   1.983 0.000
241.981250 241.995139   774.608   49.140   1.916 0.000
242.064583 242.078472   726.652   46.091   1.752 0.000
242.106250 242.120139   758.469   48.118   1.889 0.000
242.189583 242.203472   797.134   50.562   1.925 0.000
242.231250 242.245139   806.549   51.168   2.006 0.000
242.314583 242.328472   792.581   50.273   1.910 0.000
242.356250 242.370139   797.432   50.587   1.964 0.000
242.439583 242.453472   898.337   56.992   2.241 0.000
242.481250 242.495139   895.808   56.843   2.302 0.000
242.564583 242.578472   934.199   59.281   2.416 0.000
242.606250 242.620139   848.092   53.825   2.242 0.000
242.689583 242.703472   921.628   58.492   2.434 0.000
242.731250 242.745139   938.332   59.495   2.107 0.000
242.814583 242.828472   908.625   57.557   1.613 0.000
242.856250 242.870139   902.142   57.146   1.601 0.000
242.939583 242.953472   923.783   58.518   1.644 0.000
242.981250 242.995139   927.894   58.778   1.651 0.000
243.064583 243.078472   953.374   60.387   1.653 0.000
243.106250 243.120139   948.222   60.061   1.644 0.000
243.189583 243.203472   950.544   60.190   1.479 0.000
243.231250 243.245139   935.458   59.235   1.456 0.000
243.314583 243.328472   936.360   59.302   1.548 0.000
243.356250 243.370139   936.192   59.329   1.879 0.000
243.439583 243.453472   927.072   58.777   2.057 0.000
243.481250 243.495139   957.873   60.730   2.125 0.000
243.564583 243.578472  1034.059   65.570   2.359 0.000
243.606250 243.620139   999.418   63.406   2.499 0.000
243.689583 243.703472  1029.388   65.319   2.649 0.000
243.731250 243.745139  1001.576   63.546   2.525 0.000
243.814583 243.828472  1022.824   64.906   2.649 0.000
243.856250 243.870139  1072.552   68.055   2.741 0.000
243.939583 243.953472  1095.874   69.541   2.839 0.000
243.981250 243.995139  1114.006   70.684   2.836 0.000
244.064583 244.078472  1119.872   71.069   2.929 0.000
244.106250 244.120139  1106.714   70.234   2.894 0.000
244.647917 244.661806   944.257   59.904   2.346 0.000
244.689583 244.703472   951.318   60.341   2.292 0.000
244.772917 244.786806   953.682   60.491   2.298 0.000
244.814583 244.828472   955.545   60.618   2.357 0.000
244.897917 244.911806   963.788   61.140   2.377 0.000
244.939583 244.953472   988.868   62.750   2.554 0.000
245.022917 245.036806   998.523   63.362   2.579 0.000
245.064583 245.078472   984.145   62.449   2.533 0.000
245.231250 245.245139   989.113   62.767   2.564 0.000
245.272917 245.286806   998.046   63.334   2.587 0.000
245.356250 245.370139   989.907   62.807   2.505 0.000
245.397917 245.411806   985.889   62.552   2.495 0.000
245.481250 245.495139   980.914   62.217   2.358 0.000
245.522917 245.536806   992.202   62.933   2.385 0.000
245.606250 245.620139   988.440   62.643   2.003 0.000
245.647917 245.661806   984.445   62.390   1.995 0.000
245.731250 245.745139   982.293   62.249   1.955 0.000
245.772917 245.786806   983.036   62.296   1.957 0.000
245.856250 245.870139  1029.639   65.283   2.302 0.000
245.897917 245.911806  1037.186   65.761   2.319 0.000
245.981250 245.995139  1017.613   64.545   2.448 0.000
246.022917 246.036806  1004.995   63.745   2.418 0.000
246.106250 246.120139   955.299   60.598   2.329 0.000
246.147917 246.161806   946.781   60.057   2.308 0.000
246.231250 246.245139   924.117   58.615   2.224 0.000
246.272917 246.286806   908.814   57.645   2.187 0.000
246.356250 246.370139   904.383   57.364   2.177 0.000
246.397917 246.411806   816.076   51.762   1.964 0.000
246.481250 246.495139   923.663   58.588   2.230 0.000
246.522917 246.536806  1098.713   69.691   2.652 0.000
246.606250 246.620139  1154.898   73.255   2.791 0.000
246.647917 246.661806  1191.148   75.554   2.879 0.000
246.731250 246.745139  1197.757   75.985   2.968 0.000
246.772917 246.786806  1307.737   82.962   3.241 0.000
246.856250 246.870139  1503.539   95.374   3.665 0.000
246.897917 246.911806  1501.295   95.232   3.659 0.000
246.981250 246.995139  1864.572  118.246   4.345 0.000
247.022917 247.036806  1733.641  109.942   4.040 0.000
247.106250 247.120139  1477.980   93.732   3.467 0.000
247.147917 247.161806  1299.159   82.392   3.047 0.000
247.231250 247.245139  1447.807   91.810   3.337 0.000
247.272917 247.286806  1475.369   93.558   3.400 0.000
247.356250 247.370139  1083.608   68.673   2.192 0.000
247.397917 247.411806  1065.729   67.540   2.155 0.000
247.481250 247.495139  1306.589   82.797   2.579 0.000
247.522917 247.536806  1310.606   83.051   2.587 0.000
247.606250 247.620139  1318.421   83.546   2.594 0.000
247.647917 247.661806  1318.301   83.536   2.575 0.000
247.731250 247.745139  1223.321   77.526   2.461 0.000
247.772917 247.786806  1101.157   69.784   2.215 0.000
247.856250 247.870139  1016.211   64.369   1.777 0.000
247.897917 247.911806  1038.949   65.809   1.817 0.000
247.981250 247.995139  1085.540   68.787   2.126 0.000
248.022917 248.036806  1113.936   70.587   2.182 0.000
248.106944 248.120833  1134.954   71.903   2.096 0.000
248.148611 248.162500  1132.696   71.760   2.092 0.000
248.231944 248.245833  1012.279   64.180   2.247 0.000
248.273611 248.287500  1106.522   70.155   2.456 0.000
248.356944 248.370833   992.084   62.952   2.553 0.000
248.398611 248.412500  1068.610   67.808   2.749 0.000
248.481944 248.495833  1086.251   68.939   2.867 0.000
248.523611 248.537500  1055.213   66.970   2.785 0.000
248.829167 248.843056  1108.000   70.337   3.029 0.000
248.870833 248.884722  1138.052   72.245   3.111 0.000
248.954167 248.968056  1127.153   71.564   3.142 0.000
248.995833 249.009722  1095.216   69.536   3.053 0.000
249.079167 249.093056  1096.490   69.614   3.042 0.000
249.120833 249.134722  1118.183   70.992   3.102 0.000
249.204167 249.218056   958.211   60.837   2.669 0.000
249.245833 249.259722   876.105   55.624   2.440 0.000
249.329167 249.343056   835.971   53.074   2.313 0.000
249.370833 249.384722   908.555   57.682   2.514 0.000
249.454167 249.468056   867.286   55.079   2.500 0.000
249.495833 249.509722   868.815   55.176   2.504 0.000
249.579167 249.593056   974.293   61.888   2.879 0.000
249.620833 249.634722   961.845   61.097   2.843 0.000
249.704167 249.718056 99999.999 9999.999 999.999 0.999
249.745833 249.759722 99999.999 9999.999 999.999 0.999
249.829167 249.843056   881.019   55.963   2.604 0.000
249.870833 249.884722   855.349   54.333   2.528 0.000
249.954167 249.968056   810.278   51.423   2.129 0.000
249.995833 250.009722   810.140   51.414   2.129 0.000
250.079861 250.093750   893.782   56.724   2.355 0.000
250.121528 250.135417   905.637   57.476   2.386 0.000
250.204861 250.218750   788.403   49.986   1.755 0.000
250.246528 250.260417   730.783   46.333   1.626 0.000
250.329861 250.343750   683.478   43.300   1.260 0.000
250.371528 250.385417   697.332   44.173   1.240 0.000
250.454861 250.468750   776.248   49.173   1.395 0.000
250.496528 250.510417   800.983   50.740   1.440 0.000
250.579861 250.593750   908.597   57.560   1.657 0.000
250.621528 250.635417   914.161   57.907   1.614 0.000
250.704861 250.718750   874.237   55.378   1.543 0.000
250.746528 250.760417   821.103   52.027   1.575 0.000
250.829861 250.843750   891.294   56.474   1.709 0.000
250.871528 250.885417   877.289   55.582   1.646 0.000
250.954861 250.968750   699.966   44.345   1.291 0.000
250.996528 251.010417   725.987   46.007   1.452 0.000
251.079861 251.093750   704.492   44.651   1.452 0.000
251.121528 251.135417   673.255   42.712   1.677 0.000
251.663194 251.677083   894.843   56.813   2.488 0.000
251.704861 251.718750   929.799   59.023   2.531 0.000
251.788194 251.802083  1007.335   63.956   2.805 0.000
251.829861 251.843750  1000.962   63.552   2.790 0.000
251.913194 251.927083   965.147   61.291   2.763 0.000
251.954861 251.968750   908.708   57.705   2.589 0.000
252.038194 252.052083  1005.750   63.882   2.947 0.000
252.079861 252.093750   943.484   59.917   2.709 0.000
252.246528 252.260417   941.961   59.821   2.708 0.000
252.288194 252.302083   944.138   59.970   2.776 0.000
252.371528 252.385417   954.850   60.644   2.773 0.000
252.413194 252.427083   935.347   59.421   2.800 0.000
252.496528 252.510417   883.884   56.143   2.600 0.000
252.538194 252.552083   904.593   57.471   2.730 0.000
252.621528 252.635417   920.736   58.481   2.692 0.000
252.663194 252.677083   938.642   59.635   2.834 0.000
252.746528 252.760417   978.085   62.146   2.982 0.000
252.788194 252.802083  1019.768   64.791   3.086 0.000
252.871528 252.885417  1055.821   67.088   3.231 0.000
252.913194 252.927083  1076.209   68.403   3.395 0.000
252.996528 253.010417  1035.259   65.806   3.291 0.000
253.038194 253.052083  1034.588   65.754   3.242 0.000
253.121528 253.135417  1040.652   66.141   3.273 0.000
253.163194 253.177083  1006.013   63.875   2.816 0.000
253.246528 253.260417  1017.703   64.579   2.628 0.000
253.288194 253.302083  1008.993   64.027   2.605 0.000
253.371528 253.385417   967.407   61.383   2.468 0.000
253.413194 253.427083   925.049   58.695   2.360 0.000
253.496528 253.510417   866.165   54.933   2.038 0.000
253.538194 253.552083   859.616   54.517   2.023 0.000
253.621528 253.635417   877.783   55.663   2.025 0.000
253.663194 253.677083   923.946   58.591   2.131 0.000
253.746528 253.760417  1001.892   63.529   2.281 0.000
253.788194 253.802083  1059.945   67.210   2.413 0.000
253.871528 253.885417  1093.567   69.323   2.353 0.000
253.913194 253.927083  1104.044   69.987   2.376 0.000
253.996528 254.010417  1054.240   66.816   2.165 0.000
254.038194 254.052083  1016.665   64.435   2.088 0.000
254.121528 254.135417   996.357   63.142   2.002 0.000
254.163194 254.177083  1014.369   64.284   2.039 0.000
254.246528 254.260417   987.624   62.599   2.063 0.000
254.288194 254.302083   984.346   62.391   2.057 0.000
254.371528 254.385417  1062.661   67.391   2.475 0.000
