data/obs/c2h6/WDCGG/event/CH0005R.20170101003200.20180718060000.online_gc.ethane.air.1y.2h.CH01L_Agilent_ADS-GC-FID_cn10450060_RIG.CH01L_ADS_GC_FID_VOCAIR_RIGI.lev2.nas
68 1001
Hill, Matz; Reimann, Stefan
CH01L, Swiss Federal Laboratories for Materials Science and Technology, EMPA, Section Air Pollution, Überlandstrasse 133, , 8600, Dübendorf, Switzerland
Hill, Matz
ACTRIS EMEP GAW-WDCRG
1 1
2017 01 01 2018 07 18
0
days from file reference point
5
1 1 1 1 1
999.999999 99999 999.99 999.99 9.999
end_time of measurement, days from the file reference point
ethane, pmol/mol, Statistics=arithmetic mean, Detection limit=13.0 pmol/mol
ethane, pmol/mol, Statistics=expanded uncertainty 2sigma
ethane, pmol/mol, Statistics=precision
numflag, no unit
0
49
Data definition:              EBAS_1.1
Set type code:                TI
Timezone:                     UTC
File name:                    CH0005R.20170101003200.20180718060000.online_gc.ethane.air.1y.2h.CH01L_Agilent_ADS-GC-FID_cn10450060_RIG.CH01L_ADS_GC_FID_VOCAIR_RIGI.lev2.nas
File creation:                20190306184554
Startdate:                    20170101003200
Revision date:                20180718060000
Version:                      1
Version description:          second revision, manually inspected
Data level:                   2
Period code:                  1y
Resolution code:              2h
Sample duration:              40mn
Orig. time res.:              40mn
Station code:                 CH0005R
Platform code:                CH0005S
Station name:                 Rigi
Station GAW-ID:               RIG
Station latitude:             47.0675
Station longitude:            8.463889
Station altitude:             1031.0m
Measurement altitude:         1034.0m
Measurement height:           4.0m
Regime:                       IMG
Component:                    ethane
Unit:                         pmol/mol
Matrix:                       air
Instrument type:              online_gc
Laboratory code:              CH01L
Instrument name:              Agilent_ADS-GC-FID_cn10450060_RIG
Instrument manufacturer:      Agilent
Instrument model:             6890GC/FID
Instrument serial number:     cn10450060
Method ref:                   CH01L_ADS_GC_FID_VOCAIR_RIGI
Standard method:              SOP=ACTRIS_VOC_2014
Calibration scale:            NPL
Calibration standard ID:      D292408
Inlet type:                   Hat or hood
Inlet description:            ambient air is brought into the cabin through a main inlet line at a flow rate of 300 lpm. From the main inlet line short stainless steel tubes are used to bring the air samples to the instruments.
Detection limit expl.:        Determined by integration of a baseline signal multiplied by a factor of 3
Measurement uncertainty expl.: Includes reproducibility (precision) + systematic errors (accuracy)
Zero/negative values code:    Zero possible
Zero/negative values:         Zero values may appear due to statistical variations at very low concentrations
Originator:                   Hill, Matz, matthias.hill@empa.ch, Swiss Federal Laboratories for Materials Science and Technology, Empa, Air Pollution/Environmental Technology, Ueberlandstrasse 129, , CH-8600, Duebendorf, Switzerland
Originator:                   Reimann, Stefan, , , , , , , , , 
Submitter:                    Hill, Matz, matthias.hill@empa.ch, Swiss Federal Laboratories for Materials Science and Technology, Empa, Air Pollution/Environmental Technology, Ueberlandstrasse 129, , CH-8600, Duebendorf, Switzerland
Acknowledgement:              Request acknowledgement details from data originator
Comment:                      "No SOP currently available, o3 not removed, nafion dryer, Calibration interval:1/two weeks"
starttime endtime C2H6 C2H6 C2H6 flag
[from data line 2334]
233.865972 233.893750   697  18.76   6.28 0.000
233.949306 233.977083   697  18.76   6.28 0.000
234.032638 234.060416   692  18.66   6.26 0.000
234.115972 234.143750   664  18.16   6.19 0.000
234.199306 234.227083   666  18.18   6.19 0.000
234.282638 234.310416   666  18.18   6.19 0.000
234.365972 234.393750   681  18.46   6.23 0.000
234.449306 234.477083   712  19.04   6.32 0.000
234.532638 234.560416   668  18.23   6.20 0.000
234.615972 234.643750   668  18.23   6.20 0.000
234.699306 234.727083   670  18.26   6.20 0.000
234.782638 234.810416   598  16.94   6.00 0.000
234.865972 234.893750   587  16.74   5.97 0.000
234.949306 234.977083   595  16.89   5.99 0.000
235.032638 235.060416   645  17.80   6.13 0.000
235.115972 235.143750   640  17.71   6.12 0.000
235.199306 235.227083   629  17.51   6.09 0.000
235.283333 235.311111   595  16.89   5.99 0.000
235.366666 235.394444   634  17.60   6.10 0.000
235.449999 235.477777   641  17.72   6.12 0.000
235.533333 235.561111   671  18.29   6.21 0.000
235.616666 235.644444   594  16.87   5.99 0.000
235.699999 235.727777   537  15.85   5.83 0.000
235.783333 235.811111   558  16.23   5.89 0.000
235.866666 235.894444   567  16.39   5.92 0.000
235.949999 235.977777   558  16.23   5.89 0.000
236.033333 236.061111   553  16.14   5.88 0.000
236.116666 236.144444   584  16.69   5.96 0.000
236.199999 236.227777   579  16.60   5.95 0.000
236.283333 236.311111   608  17.13   6.03 0.000
236.366666 236.394444   629  17.51   6.09 0.000
236.449999 236.477777   606  17.08   6.02 0.000
236.533333 236.561111   659  18.06   6.17 0.000
236.616666 236.644444   562  16.30   5.90 0.000
236.699999 236.727777   553  16.14   5.88 0.000
236.783333 236.811111   571  16.46   5.93 0.000
236.866666 236.894444   568  16.41   5.92 0.000
236.949999 236.977777   588  16.76   5.97 0.000
237.033333 237.061111   606  17.08   6.02 0.000
237.116666 237.144444   640  17.71   6.12 0.000
237.199999 237.227777   651  17.91   6.15 0.000
237.283333 237.311111   599  16.96   6.00 0.000
237.366666 237.394444   614  17.24   6.05 0.000
237.449999 237.477777   609  17.14   6.03 0.000
237.533333 237.561111   630  17.52   6.09 0.000
237.616666 237.644444   620  17.34   6.06 0.000
237.699999 237.727777   598  16.94   6.00 0.000
237.783333 237.811111   606  17.08   6.02 0.000
237.866666 237.894444   564  16.34   5.91 0.000
237.949999 237.977777   548  16.05   5.86 0.000
238.033333 238.061111   577  16.56   5.94 0.000
238.117361 238.145139   553  16.14   5.88 0.000
238.200694 238.228472   611  17.18   6.04 0.000
238.284027 238.311806   600  16.98   6.01 0.000
238.367361 238.395139   599  16.96   6.00 0.000
238.450694 238.478472   649  17.87   6.14 0.000
238.534027 238.561806   659  18.06   6.17 0.000
238.617361 238.645139   665  18.17   6.19 0.000
238.700694 238.728472   616  17.27   6.05 0.000
238.784027 238.811806   614  17.24   6.05 0.000
238.867361 238.895139   609  17.14   6.03 0.000
238.950694 238.978472   633  17.58   6.10 0.000
239.034027 239.061806   657  18.03   6.17 0.000
239.117361 239.145139   634  17.60   6.10 0.000
240.474999 240.502777 99999 999.99 999.99 0.999
240.558333 240.586111   734  20.90   7.44 0.000
240.641666 240.669444   762  21.47   7.56 0.000
240.724999 240.752777   732  20.86   7.43 0.000
240.808333 240.836111   699  20.20   7.29 0.000
240.891666 240.919444   610  18.43   6.91 0.000
240.974999 241.002777   610  18.43   6.91 0.000
241.058333 241.086111   643  19.08   7.05 0.000
241.141666 241.169444   603  18.30   6.88 0.000
241.224999 241.252777   619  18.61   6.95 0.000
241.308333 241.336111   662  19.46   7.13 0.000
241.391666 241.419444   671  19.64   7.17 0.000
241.474999 241.502777   689  20.00   7.25 0.000
241.558333 241.586111   617  18.57   6.94 0.000
241.641666 241.669444   783  21.89   7.65 0.000
241.724999 241.752777   775  21.72   7.61 0.000
241.808333 241.836111   869  23.64   8.01 0.000
241.891666 241.919444   890  24.07   8.10 0.000
241.974999 242.002777   891  24.08   8.10 0.000
242.058333 242.086111   886  23.98   8.08 0.000
242.141666 242.169444   863  23.51   7.98 0.000
242.224999 242.252777   880  23.87   8.06 0.000
242.308333 242.336111   864  23.54   7.99 0.000
242.391666 242.419444   774  21.71   7.61 0.000
242.474999 242.502777   746  21.14   7.49 0.000
242.558333 242.586111   947  25.24   8.34 0.000
242.641666 242.669444   914  24.56   8.20 0.000
243.385416 243.413194 99999 999.99 999.99 0.999
243.468749 243.496527  1087  28.14   8.93 0.000
243.552083 243.579861  1028  26.91   8.68 0.000
243.635416 243.663194   973  25.77   8.45 0.000
243.718749 243.746527   949  25.28   8.35 0.000
243.802083 243.829861   988  26.08   8.51 0.000
243.885416 243.913194  1000  26.33   8.56 0.000
243.968749 243.996527   906  24.40   8.17 0.000
244.052083 244.079861   865  23.55   7.99 0.000
244.135416 244.163194   848  23.21   7.92 0.000
244.218749 244.246527   860  23.45   7.97 0.000
244.302083 244.329861   861  23.48   7.98 0.000
244.385416 244.413194   872  23.69   8.02 0.000
244.468749 244.496527   878  23.82   8.05 0.000
244.552083 244.579861   879  23.84   8.05 0.000
244.635416 244.663194   720  20.62   7.38 0.000
244.718749 244.746527   682  19.86   7.22 0.000
244.802083 244.829861   611  18.46   6.92 0.000
244.885416 244.913194   900  24.27   8.14 0.000
244.968749 244.996527   924  24.76   8.24 0.000
245.052083 245.079861   893  24.13   8.11 0.000
245.135416 245.163194   903  24.33   8.15 0.000
245.218749 245.246527   898  24.23   8.13 0.000
245.302083 245.329861   900  24.27   8.14 0.000
245.385416 245.413194   906  24.40   8.17 0.000
245.468749 245.496527   899  24.26   8.14 0.000
245.552777 245.580556   784  21.91   7.65 0.000
245.636111 245.663889   868  23.61   8.00 0.000
245.719444 245.747222   865  23.55   7.99 0.000
245.802777 245.830556   863  23.51   7.98 0.000
245.886111 245.913889   862  23.49   7.98 0.000
245.969444 245.997222   856  23.36   7.95 0.000
246.052777 246.080556   867  23.59   8.00 0.000
246.136111 246.163889   864  23.54   7.99 0.000
246.219444 246.247222   885  23.97   8.08 0.000
246.302777 246.330556   900  24.27   8.14 0.000
246.386111 246.413889   912  24.52   8.19 0.000
246.469444 246.497222   910  24.47   8.18 0.000
246.552777 246.580556   963  25.57   8.41 0.000
246.636111 246.663889   995  26.22   8.54 0.000
246.719444 246.747222   926  24.80   8.25 0.000
246.802777 246.830556   912  24.52   8.19 0.000
246.886111 246.913889   907  24.41   8.17 0.000
246.969444 246.997222   915  24.57   8.20 0.000
247.052777 247.080556   920  24.67   8.22 0.000
247.136111 247.163889   845  23.15   7.91 0.000
247.219444 247.247222   670  19.63   7.17 0.000
247.302777 247.330556   768  21.58   7.58 0.000
247.386111 247.413889   799  22.21   7.71 0.000
247.469444 247.497222   712  20.47   7.35 0.000
247.552777 247.580556   765  21.52   7.57 0.000
247.636111 247.663889   731  20.85   7.43 0.000
247.719444 247.747222   704  20.30   7.31 0.000
247.802777 247.830556   744  21.10   7.48 0.000
247.886111 247.913889   662  19.46   7.13 0.000
247.969444 247.997222   624  18.71   6.97 0.000
248.052777 248.080556   747  21.16   7.49 0.000
248.136111 248.163889   799  22.21   7.71 0.000
248.220138 248.247916   806  22.35   7.74 0.000
248.358333 248.386111   801  22.25   7.72 0.000
248.441666 248.469444   831  22.86   7.85 0.000
248.524999 248.552777   824  22.72   7.82 0.000
248.608333 248.636111   811  22.45   7.76 0.000
248.691666 248.719444   888  24.03   8.09 0.000
248.774999 248.802777   875  23.75   8.03 0.000
248.858333 248.886111   855  23.35   7.95 0.000
248.941666 248.969444   866  23.58   8.00 0.000
249.024999 249.052777   863  23.51   7.98 0.000
249.108333 249.136111   866  23.58   8.00 0.000
249.191666 249.219444   870  23.65   8.01 0.000
249.274999 249.302777   872  23.69   8.02 0.000
249.358333 249.386111   870  23.65   8.01 0.000
249.441666 249.469444   875  23.75   8.03 0.000
249.524999 249.552777   878  23.82   8.05 0.000
249.608333 249.636111   866  23.58   8.00 0.000
249.692361 249.720139   866  23.58   8.00 0.000
249.775694 249.803472   863  23.51   7.98 0.000
249.859027 249.886806   868  23.61   8.00 0.000
249.942361 249.970139   885  47.93   8.08 0.000
250.025694 250.053472   898  48.45   8.13 0.000
250.109027 250.136806   904  48.71   8.16 0.000
250.192361 250.220139   907  48.83   8.17 0.000
250.275694 250.303472   843  46.21   7.90 0.000
250.359027 250.386806   858  46.82   7.96 0.000
250.442361 250.470139   783  43.79   7.65 0.000
250.525694 250.553472   829  45.64   7.84 0.000
250.609027 250.636806   773  43.36   7.60 0.000
250.692361 250.720139   799  44.41   7.71 0.000
250.775694 250.803472   904  48.71   8.16 0.000
250.859027 250.886806   908  48.86   8.17 0.000
250.942361 250.970139   902  48.63   8.15 0.000
251.025694 251.053472   899  48.51   8.14 0.000
251.109027 251.136806   913  49.09   8.20 0.000
251.192361 251.220139   906  48.80   8.17 0.000
251.275694 251.303472   937  50.07   8.30 0.000
251.359027 251.386806   923  49.49   8.24 0.000
251.442361 251.470139   901  48.57   8.14 0.000
251.525694 251.553472  1069  55.54   8.86 0.000
251.609027 251.636806  1082  56.07   8.91 0.000
251.692361 251.720139  1049  54.69   8.77 0.000
251.775694 251.803472   975  51.63   8.46 0.000
251.859027 251.886806   842  46.16   7.89 0.000
251.942361 251.970139  1007  52.94   8.59 0.000
252.025694 252.053472   979  51.78   8.47 0.000
252.109027 252.136806  1012  53.15   8.61 0.000
252.193056 252.220833   992  52.33   8.53 0.000
252.276388 252.304166  1012  53.15   8.61 0.000
252.359722 252.387500  1022  53.58   8.66 0.000
252.443056 252.470833   963  51.14   8.41 0.000
252.526388 252.554166   970  51.43   8.44 0.000
252.609722 252.637500   952  50.68   8.36 0.000
252.693056 252.720833   877  47.59   8.04 0.000
252.776388 252.804166   777  43.53   7.62 0.000
252.859722 252.887500   950  50.59   8.35 0.000
252.943056 252.970833   970  51.43   8.44 0.000
253.026388 253.054166   942  50.27   8.32 0.000
253.109722 253.137500   922  49.44   8.23 0.000
253.193056 253.220833   934  49.93   8.28 0.000
253.276388 253.304166   949  50.56   8.35 0.000
253.359722 253.387500  1003  52.80   8.58 0.000
253.443056 253.470833   974  51.58   8.45 0.000
253.526388 253.554166   947  50.48   8.34 0.000
253.609722 253.637500   883  47.85   8.07 0.000
253.693056 253.720833   796  44.30   7.70 0.000
253.776388 253.804166   742  42.12   7.47 0.000
253.859722 253.887500   867  47.19   8.00 0.000
253.943056 253.970833   893  48.25   8.11 0.000
254.026388 254.054166   893  48.25   8.11 0.000
254.109722 254.137500   873  47.45   8.03 0.000
254.193056 254.220833   863  47.02   7.98 0.000
254.276388 254.304166   786  43.90   7.66 0.000
254.359722 254.387500   906  48.80   8.17 0.000
254.443056 254.470833   881  47.76   8.06 0.000
254.527083 254.554861   874  47.48   8.03 0.000
254.610416 254.638194   870  47.30   8.01 0.000
254.693749 254.721527   853  46.61   7.94 0.000
254.777083 254.804861   771  43.28   7.59 0.000
254.860416 254.888194   889  48.08   8.09 0.000
254.943749 254.971527   884  47.88   8.07 0.000
255.027083 255.054861   898  48.45   8.13 0.000
255.110416 255.138194   875  47.50   8.03 0.000
255.193749 255.221527   872  47.39   8.02 0.000
255.277083 255.304861   881  47.76   8.06 0.000
255.360416 255.388194   854  46.67   7.95 0.000
255.443749 255.471527   613  37.01   6.93 0.000
255.527083 255.554861   579  35.66   6.78 0.000
255.610416 255.638194   645  38.25   7.06 0.000
255.693749 255.721527   669  39.20   7.16 0.000
255.777083 255.804861   553  34.66   6.67 0.000
255.860416 255.888194 99999 999.99 999.99 0.999
255.943749 255.971527 99999 999.99 999.99 0.999
256.027083 256.054861   580  35.72   6.79 0.000
256.110416 256.138194   579  35.66   6.78 0.000
256.193749 256.221527   550  34.55   6.66 0.000
256.277083 256.304861 99999 999.99 999.99 0.999
256.360416 256.388194   818  45.18   7.79 0.000
256.443749 256.471527   839  46.04   7.88 0.000
256.527083 256.554861   824  45.44   7.82 0.000
256.610416 256.638194   837  45.96   7.87 0.000
256.693749 256.721527   803  44.58   7.73 0.000
256.777083 256.804861   711  40.88   7.34 0.000
256.860416 256.888194   817  45.15   7.79 0.000
256.943749 256.971527   814  45.04   7.78 0.000
257.027083 257.054861   821  45.33   7.81 0.000
257.110416 257.138194   815  45.07   7.78 0.000
257.193749 257.221527   818  45.18   7.79 0.000
257.277777 257.305556   820  45.27   7.80 0.000
257.361111 257.388889   817  45.15   7.79 0.000
257.444444 257.472222   836  45.93   7.87 0.000
257.527777 257.555556   843  46.21   7.90 0.000
257.611111 257.638889   831  45.73   7.85 0.000
257.694444 257.722222   828  45.61   7.84 0.000
257.777777 257.805556   746  42.29   7.49 0.000
257.861111 257.888889   678  39.56   7.20 0.000
257.944444 257.972222   835  45.90   7.87 0.000
258.027777 258.055556   898  48.45   8.13 0.000
258.111111 258.138889   915  49.15   8.20 0.000
258.194444 258.222222   894  48.28   8.11 0.000
258.277777 258.305556   871  47.36   8.02 0.000
258.361111 258.388889   884  47.88   8.07 0.000
258.444444 258.472222   995  52.45   8.54 0.000
258.527777 258.555556   949  50.56   8.35 0.000
258.611111 258.638889   874  47.48   8.03 0.000
258.694444 258.722222   870  47.30   8.01 0.000
258.777777 258.805556   877  47.59   8.04 0.000
258.861111 258.888889   861  46.96   7.98 0.000
258.944444 258.972222   762  42.94   7.56 0.000
259.027777 259.055556   719  41.19   7.37 0.000
259.111111 259.138889   889  48.08   8.09 0.000
259.194444 259.222222   891  48.17   8.10 0.000
259.277777 259.305556   903  48.66   8.15 0.000
259.361111 259.388889   843  46.21   7.90 0.000
259.444444 259.472222   820  45.27   7.80 0.000
259.527777 259.555556   919  49.32   8.22 0.000
259.611111 259.638889   936  50.01   8.29 0.000
259.695138 259.722916   877  47.59   8.04 0.000
259.778472 259.806250   881  47.76   8.06 0.000
259.861806 259.889583   957  50.88   8.38 0.000
259.945138 259.972916   954  50.77   8.37 0.000
260.028472 260.056250   944  50.36   8.33 0.000
260.111806 260.139583   865  47.10   7.99 0.000
260.195138 260.222916   773  43.36   7.60 0.000
260.278472 260.306250   943  50.30   8.32 0.000
260.361806 260.389583   945  50.39   8.33 0.000
260.445138 260.472916   871  47.36   8.02 0.000
260.528472 260.556250   963  51.14   8.41 0.000
260.611806 260.639583   965  51.23   8.42 0.000
260.695138 260.722916   976  51.66   8.46 0.000
260.778472 260.806250   930  49.78   8.27 0.000
260.861806 260.889583   915  49.15   8.20 0.000
260.945138 260.972916   825  45.47   7.82 0.000
261.028472 261.056250   984  52.01   8.50 0.000
261.111806 261.139583   985  52.04   8.50 0.000
261.195138 261.222916   978  51.75   8.47 0.000
261.278472 261.306250   882  47.79   8.06 0.000
261.361806 261.389583   855  46.70   7.95 0.000
261.445138 261.472916  1042  54.40   8.74 0.000
261.528472 261.556250  1045  54.52   8.75 0.000
261.611806 261.639583  1035  54.11   8.71 0.000
261.695138 261.722916   891  48.17   8.10 0.000
261.778472 261.806250  1028  53.82   8.68 0.000
261.861806 261.889583  1046  54.57   8.76 0.000
261.945138 261.972916   978  51.75   8.47 0.000
262.029166 262.056944   923  49.49   8.24 0.000
262.440972 262.468750   889  48.08   8.09 0.000
262.524306 262.552083  1079  55.95   8.90 0.000
262.607638 262.635416  1060  55.16   8.82 0.000
262.690972 262.718750   947  50.48   8.34 0.000
262.774306 262.802083   856  46.73   7.95 0.000
262.857638 262.885416  1086  56.24   8.93 0.000
262.940972 262.968750  1061  55.19   8.82 0.000
263.024306 263.052083  1028  53.82   8.68 0.000
263.107638 263.135416   956  50.85   8.38 0.000
263.190972 263.218750   900  48.54   8.14 0.000
263.274306 263.302083  1051  54.78   8.78 0.000
263.357638 263.385416  1107  57.12   9.02 0.000
263.440972 263.468750  1185  60.38   9.35 0.000
263.524306 263.552083  1224  62.00   9.51 0.000
263.607638 263.635416  1226  62.09   9.52 0.000
263.690972 263.718750  1089  56.36   8.94 0.000
263.774306 263.802083   975  51.63   8.46 0.000
