data/obs/c2h6/WDCGG/event/CH0005R.20100101000000.20140501000000.online_gc.ethane.air.1y.2h.CH01L_Agilent_ADS-GC-FID_cn10450060_RIG.CH01L_ADS_GC_FID_VOCAIR_RIGI..nas
58 1001
Reimann, Stefan
CH01L, Swiss Federal Laboratories for Materials Science and Technology, EMPA, Section Air Pollution, Überlandstrasse 133, , 8600, Dübendorf, Switzerland
Reimann, Stefan
EMEP GAW-WDCRG
1 1
2010 01 01 2014 05 01
0.083333
days from file reference point
3
1 1 1
999.999999 99999 9.999
end_time of measurement, days from the file reference point
ethane, pmol/mol
numflag ethane, no unit
0
41
Data definition:              EBAS_1.1
Set type code:                TU
Timezone:                     UTC
File name:                    CH0005R.20100101000000.20140501000000.online_gc.ethane.air.1y.2h.CH01L_Agilent_ADS-GC-FID_cn10450060_RIG.CH01L_ADS_GC_FID_VOCAIR_RIGI..nas
File creation:                20190306184552
Startdate:                    20100101000000
Revision date:                20140501000000
Statistics:                   arithmetic mean
Data level:                   
Period code:                  1y
Resolution code:              2h
Sample duration:              40mn
Orig. time res.:              2h
Station code:                 CH0005R
Platform code:                CH0005S
Station name:                 Rigi
Station GAW-ID:               RIG
Station latitude:             47.0675
Station longitude:            8.463889
Station altitude:             1031.0m
Measurement height:           4.0m
Regime:                       IMG
Component:                    ethane
Unit:                         pmol/mol
Matrix:                       air
Instrument type:              online_gc
Laboratory code:              CH01L
Instrument name:              Agilent_ADS-GC-FID_cn10450060_RIG
Method ref:                   CH01L_ADS_GC_FID_VOCAIR_RIGI
Inlet description:            above the roof
Volume std. temperature:      273.15 K
Volume std. pressure:         1013.25 hPa
Detection limit:              9.0 pmol/mol
Detection limit expl.:        Determined by integration of a baseline signal multiplied by a factor of 3, detection     limit flag 147
Measurement uncertainty expl.: Includes reproducibility (precision) + systematic errors (accuracy)
Zero/negative values code:    Zero/negative impossible
Zero/negative values:         Neg. values don't appear because data was processed and neg data taken out
Originator:                   Reimann, Stefan, , , , , , , , , 
Submitter:                    Reimann, Stefan, , , , , , , , , 
Comment:                      "No SOP currently available, o3 removed with an ozone scrubber, nafion dryer, Calibration interval:1/month calibration interval"
starttime endtime C2H6 flag_C2H6
[from data line 1412]
117.666667 117.680556  1584 0.000
117.750000 117.763889  1512 0.000
117.833333 117.847222  1538 0.000
117.916667 117.930556  1536 0.000
118.000000 118.013889  1540 0.000
118.083333 118.097222  1541 0.000
118.166667 118.180556  1522 0.000
118.250000 118.263889  1538 0.000
118.333333 118.347222  1587 0.000
118.416667 118.430556  1576 0.000
118.500000 118.513889  1544 0.000
118.583333 118.597222  1580 0.000
118.666667 118.680556  1560 0.000
118.750000 118.763889  1552 0.000
118.833333 118.847222  1562 0.000
118.916667 118.930556  1565 0.000
119.000000 119.013889  1619 0.000
119.083333 119.097222  1630 0.000
119.166667 119.180556  1679 0.000
119.250000 119.263889  1651 0.000
119.333333 119.347222  1615 0.000
119.416667 119.430556  1695 0.000
119.500000 119.513889  1632 0.000
119.583333 119.597222  1549 0.000
119.666667 119.680556  1534 0.000
119.750000 119.763889  1634 0.000
119.833333 119.847222  1528 0.000
119.916667 119.930556  1526 0.000
120.000000 120.013889  1523 0.000
120.083333 120.097222  1554 0.000
120.166667 120.180556  1568 0.000
120.250000 120.263889  1560 0.000
120.333333 120.347222  1602 0.000
120.416667 120.430556  1659 0.000
120.500000 120.513889  1510 0.000
120.583333 120.597222  1474 0.000
120.666667 120.680556  1420 0.000
120.750000 120.763889  1465 0.000
120.833333 120.847222  1452 0.000
120.916667 120.930556  1467 0.000
121.000000 121.013889  1452 0.000
121.083333 121.097222  1449 0.000
121.166667 121.180556  1461 0.000
121.250000 121.263889  1463 0.000
121.333333 121.347222  1479 0.000
121.416667 121.430556  1400 0.000
121.500000 121.513889  1392 0.000
121.583333 121.597222  1404 0.000
121.666667 121.680556  1396 0.000
121.750000 121.763889  1413 0.000
121.833333 121.847222  1413 0.000
121.916667 121.930556  1396 0.000
122.000000 122.013889  1374 0.000
122.083333 122.097222  1364 0.000
122.166667 122.180556  1344 0.000
122.250000 122.263889  1372 0.000
122.333333 122.347222  1407 0.000
122.416667 122.430556  1399 0.000
122.500000 122.513889  1455 0.000
122.583333 122.597222  1432 0.000
122.666667 122.680556  1443 0.000
122.750000 122.763889  1378 0.000
122.833333 122.847222  1399 0.000
122.916667 122.930556  1433 0.000
123.000000 123.013889  1423 0.000
123.083333 123.097222  1445 0.000
123.166667 123.180556  1483 0.000
123.250000 123.263889  1566 0.000
123.333333 123.347222  1557 0.000
123.416667 123.430556  1599 0.000
123.500000 123.513889  1569 0.000
123.583333 123.597222  1569 0.000
123.666667 123.680556  1558 0.000
123.750000 123.763889  1591 0.000
123.833333 123.847222  1629 0.000
123.916667 123.930556  1695 0.000
124.000000 124.013889  1663 0.000
124.083333 124.097222  1669 0.000
124.166667 124.180556  1632 0.000
124.250000 124.263889  1637 0.000
124.333333 124.347222  1674 0.000
124.416667 124.430556  1645 0.000
124.500000 124.513889  1695 0.000
124.583333 124.597222  1739 0.000
124.666667 124.680556  1749 0.000
124.750000 124.763889  1749 0.000
124.833333 124.847222  1786 0.000
124.916667 124.930556  1835 0.000
125.000000 125.013889  1818 0.000
125.083333 125.097222  1758 0.000
125.166667 125.180556  1745 0.000
125.250000 125.263889  1818 0.000
125.333333 125.347222  1807 0.000
125.416667 125.430556  1851 0.000
125.500000 125.513889  1815 0.000
125.583333 125.597222  1801 0.000
125.666667 125.680556  1821 0.000
125.750000 125.763889  1909 0.000
125.833333 125.847222  1894 0.000
125.916667 125.930556  1888 0.000
126.000000 126.013889  1883 0.000
126.083333 126.097222  1917 0.000
126.166667 126.180556  1782 0.000
126.250000 126.263889  1773 0.000
126.333333 126.347222  1790 0.000
126.416667 126.430556  1759 0.000
126.500000 126.513889  1758 0.000
126.583333 126.597222  1767 0.000
126.666667 126.680556  1802 0.000
126.750000 126.763889  1816 0.000
126.833333 126.847222  1770 0.000
126.916667 126.930556  1761 0.000
127.000000 127.013889  1802 0.000
127.083333 127.097222  1792 0.000
127.166667 127.180556  1795 0.000
127.250000 127.263889  1770 0.000
127.333333 127.347222  1755 0.000
127.416667 127.430556  1839 0.000
127.500000 127.513889  1626 0.000
127.583333 127.597222  1524 0.000
127.666667 127.680556  1596 0.000
127.750000 127.763889  1674 0.000
127.833333 127.847222  1670 0.000
127.916667 127.930556  1684 0.000
128.000000 128.013889  1666 0.000
128.083333 128.097222  1551 0.000
128.166667 128.180556  1565 0.000
128.250000 128.263889  1607 0.000
128.333333 128.347222  1494 0.000
128.416667 128.430556  1455 0.000
128.500000 128.513889  1446 0.000
128.583333 128.597222  1443 0.000
128.666667 128.680556  1415 0.000
128.750000 128.763889  1419 0.000
128.833333 128.847222  1388 0.000
128.916667 128.930556  1414 0.000
129.000000 129.013889  1424 0.000
129.083333 129.097222  1491 0.000
129.166667 129.180556  1227 0.000
129.250000 129.263889  1284 0.000
129.333333 129.347222  1375 0.000
129.416667 129.430556  1442 0.000
129.500000 129.513889  1378 0.000
129.583333 129.597222  1399 0.000
129.666667 129.680556  1328 0.000
129.750000 129.763889  1288 0.000
129.833333 129.847222  1304 0.000
129.916667 129.930556  1263 0.000
130.000000 130.013889  1273 0.000
130.083333 130.097222  1265 0.000
130.166667 130.180556  1249 0.000
130.250000 130.263889  1312 0.000
130.333333 130.347222  1328 0.000
130.416667 130.430556  1384 0.000
130.500000 130.513889  1460 0.000
130.583333 130.597222  1398 0.000
130.666667 130.680556  1417 0.000
130.750000 130.763889  1347 0.000
130.833333 130.847222  1336 0.000
130.916667 130.930556  1309 0.000
131.000000 131.013889  1308 0.000
131.083333 131.097222  1322 0.000
131.166667 131.180556  1331 0.000
131.250000 131.263889  1338 0.000
131.333333 131.347222  1415 0.000
131.416667 131.430556  1413 0.000
131.500000 131.513889  1394 0.000
131.583333 131.597222  1389 0.000
131.666667 131.680556  1318 0.000
131.750000 131.763889  1359 0.000
131.833333 131.847222  1504 0.000
131.916667 131.930556  1485 0.000
132.000000 132.013889  1456 0.000
132.083333 132.097222  1565 0.000
132.166667 132.180556  1707 0.000
132.250000 132.263889  1750 0.000
132.333333 132.347222  1802 0.000
132.416667 132.430556  1801 0.000
132.500000 132.513889  1926 0.000
132.583333 132.597222  1917 0.000
132.666667 132.680556  1911 0.000
132.750000 132.763889  1878 0.000
132.833333 132.847222  1863 0.000
132.916667 132.930556  1869 0.000
133.000000 133.013889  1863 0.000
133.083333 133.097222  1794 0.000
133.166667 133.180556  1916 0.000
133.250000 133.263889  1864 0.000
133.333333 133.347222  1845 0.000
133.416667 133.430556  1879 0.000
133.500000 133.513889  1915 0.000
133.583333 133.597222  1885 0.000
133.666667 133.680556  1920 0.000
133.750000 133.763889  1960 0.000
133.833333 133.847222  1862 0.000
133.916667 133.930556  1773 0.000
134.000000 134.013889  1828 0.000
134.083333 134.097222  1905 0.000
134.166667 134.180556  1902 0.000
134.250000 134.263889  1868 0.000
134.333333 134.347222  1832 0.000
134.416667 134.430556  1777 0.000
134.500000 134.513889  1734 0.000
134.583333 134.597222  1625 0.000
134.666667 134.680556  1577 0.000
134.750000 134.763889  1552 0.000
134.833333 134.847222  1498 0.000
134.916667 134.930556  1472 0.000
135.000000 135.013889  1523 0.000
135.083333 135.097222  1603 0.000
135.166667 135.180556  1629 0.000
135.250000 135.263889  1720 0.000
135.333333 135.347222  1852 0.000
135.416667 135.430556  1775 0.000
135.500000 135.513889  1713 0.000
135.583333 135.597222  1533 0.000
135.666667 135.680556  1643 0.000
135.750000 135.763889  1593 0.000
135.833333 135.847222  1568 0.000
135.916667 135.930556  1540 0.000
136.000000 136.013889  1528 0.000
136.083333 136.097222  1582 0.000
136.166667 136.180556  1526 0.000
136.250000 136.263889 99999 0.999
136.333333 136.347222 99999 0.999
136.416667 136.430556  1508 0.000
136.500000 136.513889  1530 0.000
136.583333 136.597222  1500 0.000
136.666667 136.680556  1520 0.000
136.750000 136.763889  1462 0.000
136.833333 136.847222  1416 0.000
136.916667 136.930556  1382 0.000
137.000000 137.013889  1238 0.000
137.083333 137.097222  1165 0.000
137.166667 137.180556  1186 0.000
137.250000 137.263889  1197 0.000
137.333333 137.347222  1291 0.000
137.416667 137.430556  1336 0.000
137.500000 137.513889  1354 0.000
137.583333 137.597222  1364 0.000
137.666667 137.680556  1357 0.000
137.750000 137.763889  1357 0.000
137.833333 137.847222  1341 0.000
137.916667 137.930556  1377 0.000
138.000000 138.013889  1448 0.000
138.083333 138.097222  1478 0.000
138.166667 138.180556  1468 0.000
138.250000 138.263889  1485 0.000
138.333333 138.347222  1550 0.000
138.416667 138.430556  1552 0.000
138.500000 138.513889  1481 0.000
138.583333 138.597222  1462 0.000
138.666667 138.680556  1431 0.000
138.750000 138.763889  1469 0.000
138.833333 138.847222  1491 0.000
138.916667 138.930556  1582 0.000
139.000000 139.013889  1522 0.000
139.083333 139.097222  1519 0.000
139.166667 139.180556  1419 0.000
139.250000 139.263889  1470 0.000
139.333333 139.347222  1484 0.000
139.416667 139.430556  1595 0.000
139.500000 139.513889  1691 0.000
139.583333 139.597222  2621 0.000
139.666667 139.680556  2981 0.000
139.750000 139.763889  1861 0.000
139.833333 139.847222  1766 0.000
139.916667 139.930556  1796 0.000
140.000000 140.013889  1827 0.000
140.083333 140.097222  1911 0.000
140.166667 140.180556  1847 0.000
140.250000 140.263889  1928 0.000
140.333333 140.347222  2077 0.000
140.416667 140.430556  2085 0.000
140.500000 140.513889  1976 0.000
140.583333 140.597222  1894 0.000
140.666667 140.680556  1792 0.000
140.750000 140.763889  1711 0.000
140.833333 140.847222  1645 0.000
140.916667 140.930556  1610 0.000
141.000000 141.013889  1609 0.000
141.083333 141.097222  1602 0.000
141.166667 141.180556  1632 0.000
141.250000 141.263889  1669 0.000
141.333333 141.347222  1661 0.000
141.416667 141.430556  1657 0.000
141.500000 141.513889  1541 0.000
141.583333 141.597222  1497 0.000
141.666667 141.680556  1440 0.000
141.750000 141.763889  1466 0.000
141.833333 141.847222  1468 0.000
141.916667 141.930556  1446 0.000
142.000000 142.013889  1458 0.000
142.083333 142.097222  1457 0.000
142.166667 142.180556  1455 0.000
142.250000 142.263889  1512 0.000
142.333333 142.347222  1514 0.000
142.416667 142.430556  1566 0.000
142.500000 142.513889  1388 0.000
142.583333 142.597222  1310 0.000
142.666667 142.680556  1259 0.000
142.750000 142.763889  1281 0.000
142.833333 142.847222  1295 0.000
142.916667 142.930556  1313 0.000
143.000000 143.013889  1297 0.000
143.083333 143.097222  1315 0.000
143.166667 143.180556  1296 0.000
143.250000 143.263889  1288 0.000
143.333333 143.347222  1303 0.000
143.416667 143.430556  1291 0.000
143.500000 143.513889  1388 0.000
143.583333 143.597222  1371 0.000
143.666667 143.680556  1321 0.000
143.750000 143.763889  1290 0.000
143.833333 143.847222  1317 0.000
143.916667 143.930556  1357 0.000
144.000000 144.013889  1362 0.000
144.083333 144.097222  1346 0.000
144.166667 144.180556  1350 0.000
144.250000 144.263889  1359 0.000
144.333333 144.347222  1323 0.000
144.416667 144.430556  1365 0.000
144.500000 144.513889  1433 0.000
144.583333 144.597222  1397 0.000
144.666667 144.680556  1327 0.000
144.750000 144.763889  1359 0.000
144.833333 144.847222  1380 0.000
144.916667 144.930556  1359 0.000
145.000000 145.013889  1321 0.000
145.083333 145.097222  1382 0.000
145.166667 145.180556  1354 0.000
145.250000 145.263889  1410 0.000
145.333333 145.347222  1340 0.000
145.416667 145.430556  1363 0.000
145.500000 145.513889  1404 0.000
145.583333 145.597222  1348 0.000
145.666667 145.680556  1312 0.000
145.750000 145.763889  1309 0.000
145.833333 145.847222  1314 0.000
145.916667 145.930556  1210 0.000
146.000000 146.013889  1260 0.000
146.083333 146.097222  1208 0.000
146.166667 146.180556  1108 0.000
146.250000 146.263889  1138 0.000
146.333333 146.347222  1151 0.000
146.416667 146.430556  1073 0.000
146.500000 146.513889  1020 0.000
146.583333 146.597222   966 0.000
146.666667 146.680556   956 0.000
146.750000 146.763889   955 0.000
146.833333 146.847222   966 0.000
146.916667 146.930556   937 0.000
147.000000 147.013889   949 0.000
147.083333 147.097222   939 0.000
147.166667 147.180556   965 0.000
147.250000 147.263889   981 0.000
147.333333 147.347222  1017 0.000
147.416667 147.430556   976 0.000
147.500000 147.513889   945 0.000
147.583333 147.597222   950 0.000
147.666667 147.680556   990 0.000
147.750000 147.763889   961 0.000
147.833333 147.847222   983 0.000
147.916667 147.930556   987 0.000
148.000000 148.013889  1005 0.000
148.083333 148.097222   981 0.000
148.166667 148.180556   983 0.000
148.250000 148.263889   979 0.000
148.333333 148.347222   999 0.000
148.416667 148.430556  1016 0.000
148.500000 148.513889  1024 0.000
148.583333 148.597222  1003 0.000
148.666667 148.680556  1007 0.000
148.750000 148.763889  1020 0.000
148.833333 148.847222  1281 0.000
148.916667 148.930556  1233 0.000
149.000000 149.013889  1229 0.000
149.083333 149.097222  1180 0.000
149.166667 149.180556  1267 0.000
149.250000 149.263889  1204 0.000
149.333333 149.347222   996 0.000
149.416667 149.430556   926 0.000
149.500000 149.513889   918 0.000
149.583333 149.597222   922 0.000
149.666667 149.680556   980 0.000
149.750000 149.763889   954 0.000
149.833333 149.847222   986 0.000
149.916667 149.930556  1054 0.000
150.000000 150.013889  1046 0.000
150.083333 150.097222  1053 0.000
150.166667 150.180556  1134 0.000
150.250000 150.263889  1181 0.000
150.333333 150.347222  1196 0.000
150.416667 150.430556  1244 0.000
150.500000 150.513889  1186 0.000
150.583333 150.597222  1193 0.000
150.666667 150.680556  1230 0.000
150.750000 150.763889  1255 0.000
150.833333 150.847222  1258 0.000
150.916667 150.930556  1285 0.000
151.000000 151.013889  1303 0.000
151.083333 151.097222  1350 0.000
151.166667 151.180556  1285 0.000
151.250000 151.263889  1267 0.000
151.333333 151.347222  1335 0.000
151.416667 151.430556 99999 0.999
151.500000 151.513889 99999 0.999
151.583333 151.597222 99999 0.999
151.666667 151.680556  1318 0.000
151.750000 151.763889  1344 0.000
151.833333 151.847222  1354 0.000
151.916667 151.930556  1475 0.000
152.000000 152.013889  1408 0.000
152.083333 152.097222  1429 0.000
152.166667 152.180556  1378 0.000
152.250000 152.263889  1479 0.000
152.333333 152.347222  1419 0.000
152.416667 152.430556  1394 0.000
152.500000 152.513889  1363 0.000
152.583333 152.597222  1389 0.000
152.666667 152.680556  1392 0.000
152.750000 152.763889  1406 0.000
152.833333 152.847222  1377 0.000
152.916667 152.930556  1448 0.000
153.000000 153.013889  1511 0.000
153.083333 153.097222  1493 0.000
153.166667 153.180556  1496 0.000
153.250000 153.263889  1336 0.000
153.333333 153.347222  1364 0.000
153.416667 153.430556  1433 0.000
153.500000 153.513889  1352 0.000
153.583333 153.597222  1357 0.000
153.666667 153.680556  1313 0.000
153.750000 153.763889  1308 0.000
153.833333 153.847222  1351 0.000
153.916667 153.930556  1372 0.000
154.000000 154.013889  1393 0.000
154.083333 154.097222  1353 0.000
154.166667 154.180556  1325 0.000
154.250000 154.263889  1322 0.000
154.333333 154.347222  1385 0.000
154.416667 154.430556  1358 0.000
154.500000 154.513889  1421 0.000
154.583333 154.597222  1352 0.000
154.666667 154.680556  1262 0.000
154.750000 154.763889  1226 0.000
154.833333 154.847222  1215 0.000
154.916667 154.930556  1211 0.000
155.000000 155.013889  1222 0.000
155.083333 155.097222  1248 0.000
155.166667 155.180556  1240 0.000
155.250000 155.263889  1238 0.000
155.333333 155.347222  1294 0.000
155.416667 155.430556  1272 0.000
155.500000 155.513889  1241 0.000
155.583333 155.597222  1222 0.000
155.666667 155.680556  1166 0.000
155.750000 155.763889  1149 0.000
155.833333 155.847222  1146 0.000
155.916667 155.930556  1151 0.000
156.000000 156.013889  1149 0.000
156.083333 156.097222  1171 0.000
156.166667 156.180556  1165 0.000
156.250000 156.263889  1193 0.000
156.333333 156.347222  1153 0.000
156.416667 156.430556  1245 0.000
156.500000 156.513889  1200 0.000
156.583333 156.597222  1179 0.000
156.666667 156.680556  1078 0.000
156.750000 156.763889  1044 0.000
