data/obs/c2h6/WDCGG/event/CH0005R.20150101011100.20160915102628.online_gc.ethane.air.1y.2h.CH01L_Agilent_ADS-GC-FID_cn10450060_RIG.CH01L_ADS_GC_FID_VOCAIR_RIGI.lev2.nas
68 1001
Hill, Matz; Reimann, Stefan
CH01L, Swiss Federal Laboratories for Materials Science and Technology, EMPA, Section Air Pollution, Überlandstrasse 133, , 8600, Dübendorf, Switzerland
Hill, Matz
ACTRIS EMEP GAW-WDCRG
1 1
2015 01 01 2016 09 15
0
days from file reference point
5
1 1 1 1 1
999.999999 99999 999.99 99.99 9.999
end_time of measurement, days from the file reference point
ethane, pmol/mol, Statistics=arithmetic mean, Data level=, Standard method=, Calibration scale=, Inlet type=, Detection limit=9.0 pmol/mol
ethane, pmol/mol, Revision date=20160725000000, Statistics=expanded uncertainty 2sigma
ethane, pmol/mol, Revision date=20160725000000, Statistics=precision
numflag, no unit
0
49
Data definition:              EBAS_1.1
Set type code:                TI
Timezone:                     UTC
File name:                    CH0005R.20150101011100.20160915102628.online_gc.ethane.air.1y.2h.CH01L_Agilent_ADS-GC-FID_cn10450060_RIG.CH01L_ADS_GC_FID_VOCAIR_RIGI.lev2.nas
File creation:                20190306184553
Startdate:                    20150101011100
Revision date:                20160915102628
Version:                      2
Version description:          initial revision, manually inspected
Data level:                   2
Period code:                  1y
Resolution code:              2h
Sample duration:              40mn
Orig. time res.:              2h
Station code:                 CH0005R
Platform code:                CH0005S
Station name:                 Rigi
Station GAW-ID:               RIG
Station latitude:             47.0675
Station longitude:            8.463889
Station altitude:             1031.0m
Measurement height:           4.0m
Regime:                       IMG
Component:                    ethane
Unit:                         pmol/mol
Matrix:                       air
Instrument type:              online_gc
Laboratory code:              CH01L
Instrument name:              Agilent_ADS-GC-FID_cn10450060_RIG
Instrument manufacturer:      Agilent
Instrument model:             6890GC/FID
Instrument serial number:     cn10450060
Method ref:                   CH01L_ADS_GC_FID_VOCAIR_RIGI
Standard method:              None
Calibration scale:            NPL
Inlet type:                   Hat or hood
Inlet description:            above the roof
Volume std. temperature:      273.15 K
Volume std. pressure:         1013.25 hPa
Detection limit expl.:        Determined by integration of a baseline signal multiplied by a factor of 3, detection     limit flag 147
Measurement uncertainty expl.: Includes reproducibility (precision) + systematic errors (accuracy)
Zero/negative values code:    Zero/negative impossible
Zero/negative values:         Neg. values don't appear because data was processed and neg data taken out
Originator:                   Hill, Matz, matthias.hill@empa.ch, Swiss Federal Laboratories for Materials Science and Technology, Empa, Air Pollution/Environmental Technology, Ueberlandstrasse 129, , CH-8600, Duebendorf, Switzerland
Originator:                   Reimann, Stefan, , , , , , , , , 
Submitter:                    Hill, Matz, matthias.hill@empa.ch, Swiss Federal Laboratories for Materials Science and Technology, Empa, Air Pollution/Environmental Technology, Ueberlandstrasse 129, , CH-8600, Duebendorf, Switzerland
Acknowledgement:              Request acknowledgement details from data originator
Comment:                      "No SOP currently available, o3 removed with an ozone scrubber, nafion dryer, Calibration interval:1/month calibration interval"
starttime endtime C2H6 C2H6 C2H6 flag
[from data line 3745]
321.562499 321.590277  1253  28.02  6.27 0.000
321.645833 321.673611  1199  26.98  6.18 0.000
321.729166 321.756944  1317  29.26  6.37 0.000
321.812499 321.840277  1458  32.02  6.61 0.000
321.895833 321.923611  1607  34.94  6.85 0.000
321.979166 322.006944  1480  32.44  6.64 0.000
322.062499 322.090277  1168  26.38  6.13 0.000
322.145833 322.173611  1366  30.21  6.45 0.000
322.229166 322.256944  1354  29.98  6.43 0.000
322.312499 322.340277  1217  27.33  6.21 0.000
322.395833 322.423611  1196  26.92  6.17 0.000
322.479166 322.506944  1182  26.65  6.15 0.000
322.562499 322.590277  1192  26.84  6.17 0.000
322.645833 322.673611  1204  27.08  6.19 0.000
322.729166 322.756944  1234  27.66  6.24 0.000
322.812499 322.840277  1169  26.40  6.13 0.000
322.895833 322.923611  1012  23.40  5.87 0.000
322.979166 323.006944   967  22.55  5.80 0.000
323.062499 323.090277   999  23.15  5.85 0.000
323.145833 323.173611  1053  24.18  5.94 0.000
323.229166 323.256944  1066  24.43  5.96 0.000
323.312499 323.340277  1044  24.00  5.92 0.000
323.395833 323.423611   971  22.62  5.80 0.000
323.479166 323.506944   925  21.76  5.73 0.000
323.562499 323.590277   906  21.40  5.69 0.000
323.645833 323.673611   893  21.16  5.67 0.000
323.729166 323.756944   914  21.55  5.71 0.000
323.812499 323.840277  1124  25.53  6.05 0.000
323.895833 323.923611  1516  33.15  6.70 0.000
323.979166 324.006944  1614  35.07  6.86 0.000
324.062499 324.090277  1614  35.07  6.86 0.000
324.145833 324.173611  1625  35.29  6.88 0.000
324.229166 324.256944  1570  34.21  6.79 0.000
324.312499 324.340277  1546  33.74  6.75 0.000
324.395833 324.423611  1581  34.43  6.81 0.000
324.479166 324.506944  1553  33.87  6.76 0.000
324.562499 324.590277  1567  34.16  6.79 0.000
324.645833 324.673611  1512  33.07  6.69 0.000
324.729166 324.756944  1517  33.17  6.70 0.000
324.812499 324.840277  1544  33.70  6.75 0.000
324.895833 324.923611  1536  33.54  6.73 0.000
324.979166 325.006944  1532  33.47  6.73 0.000
325.062499 325.090277  1553  33.87  6.76 0.000
325.145833 325.173611  1578  34.37  6.80 0.000
325.229166 325.256944  1657  35.92  6.93 0.000
325.312499 325.340277  1748  37.72  7.08 0.000
325.395833 325.423611  1761  37.98  7.11 0.000
325.479166 325.506944  1712  37.01  7.02 0.000
325.562499 325.590277  1674  36.26  6.96 0.000
325.645833 325.673611  1708  36.93  7.02 0.000
325.729166 325.756944  1694  36.66  7.00 0.000
325.812499 325.840277  1606  34.92  6.85 0.000
325.895833 325.923611  1624  35.27  6.88 0.000
325.979166 326.006944  1595  34.70  6.83 0.000
326.062499 326.090277  1588  34.57  6.82 0.000
326.145833 326.173611  1576  34.33  6.80 0.000
326.229166 326.256944  1595  34.70  6.83 0.000
326.312499 326.340277  1587  34.55  6.82 0.000
326.395833 326.423611  1615  35.09  6.86 0.000
326.479166 326.506944  1633  35.45  6.89 0.000
326.562499 326.590277  1662  36.02  6.94 0.000
326.645833 326.673611  1614  35.07  6.86 0.000
326.729166 326.756944  1647  35.73  6.92 0.000
326.812499 326.840277  1606  34.92  6.85 0.000
326.895833 326.923611  1639  35.57  6.90 0.000
326.979166 327.006944  1616  35.12  6.87 0.000
327.062499 327.090277  1606  34.92  6.85 0.000
327.145833 327.173611  1603  34.86  6.84 0.000
327.229166 327.256944  1613  35.06  6.86 0.000
328.266666 328.294444  1716  37.09  7.03 0.000
328.349999 328.377777  1757  37.90  7.10 0.000
328.433333 328.461111  1747  37.70  7.08 0.000
328.516666 328.544444  1783  38.41  7.14 0.000
328.599999 328.627777  1835  39.45  7.23 0.000
328.683333 328.711111  1737  37.51  7.07 0.000
328.766666 328.794444  1646  35.71  6.92 0.000
328.849999 328.877777  1807  38.89  7.18 0.000
328.933333 328.961111  1714  37.05  7.03 0.000
329.016666 329.044444  1790  38.55  7.15 0.000
329.099999 329.127777  1956  41.85  7.43 0.000
329.183333 329.211111  1964  42.00  7.44 0.000
329.266666 329.294444  1966  42.04  7.44 0.000
329.349999 329.377777  1991  42.54  7.49 0.000
329.433333 329.461111  2016  43.04  7.53 0.000
329.516666 329.544444  2069  44.09  7.61 0.000
329.599999 329.627777  2077  44.25  7.63 0.000
329.683333 329.711111  2008  42.88  7.51 0.000
329.766666 329.794444  2016  43.04  7.53 0.000
329.849999 329.877777  2087  44.45  7.64 0.000
329.933333 329.961111  2060  43.91  7.60 0.000
330.016666 330.044444  1916  41.05  7.36 0.000
330.099999 330.127777  1940  41.53  7.40 0.000
330.183333 330.211111  1977  42.26  7.46 0.000
330.266666 330.294444  1943  41.59  7.41 0.000
330.349999 330.377777  1967  42.07  7.45 0.000
330.433333 330.461111  1933  41.39  7.39 0.000
330.516666 330.544444  1977  42.26  7.46 0.000
330.599999 330.627777  2023  43.18  7.54 0.000
330.683333 330.711111  1998  42.68  7.50 0.000
330.766666 330.794444  1956  41.85  7.43 0.000
330.849999 330.877777  2038  43.47  7.56 0.000
330.933333 330.961111  1922  41.17  7.37 0.000
331.016666 331.044444  1855  39.84  7.26 0.000
331.099999 331.127777  1735  37.46  7.06 0.000
331.183333 331.211111  1779  38.34  7.14 0.000
331.266666 331.294444  1699  36.75  7.00 0.000
331.349999 331.377777  1668  36.14  6.95 0.000
331.433333 331.461111  1617  35.14  6.87 0.000
331.516666 331.544444  1745  37.66  7.08 0.000
331.599999 331.627777  1948  41.68  7.41 0.000
331.683333 331.711111  1903  40.79  7.34 0.000
331.766666 331.794444  1795  38.65  7.16 0.000
331.849999 331.877777  1813  39.01  7.19 0.000
331.933333 331.961111  1770  38.16  7.12 0.000
332.016666 332.044444  1770  38.16  7.12 0.000
332.099999 332.127777  1778  38.31  7.13 0.000
332.183333 332.211111  1783  38.41  7.14 0.000
332.266666 332.294444  1778  38.31  7.13 0.000
332.349999 332.377777  1726  37.29  7.05 0.000
332.433333 332.461111  1646  35.71  6.92 0.000
332.516666 332.544444  1632  35.43  6.89 0.000
332.599999 332.627777  1593  34.66  6.83 0.000
332.683333 332.711111  1535  33.52  6.73 0.000
332.766666 332.794444  1592  34.65  6.83 0.000
332.849999 332.877777  1411  31.10  6.53 0.000
332.933333 332.961111  1338  29.67  6.41 0.000
333.016666 333.044444  1258  28.12  6.28 0.000
333.099999 333.127777  1276  28.47  6.31 0.000
333.183333 333.211111  1296  28.86  6.34 0.000
333.266666 333.294444  1355  30.01  6.44 0.000
333.349999 333.377777  1324  29.39  6.38 0.000
333.433333 333.461111  1315  29.22  6.37 0.000
333.516666 333.544444  1338  29.67  6.41 0.000
333.599999 333.627777  1321  29.34  6.38 0.000
333.683333 333.711111  1330  29.51  6.39 0.000
333.766666 333.794444  1354  29.98  6.43 0.000
333.849999 333.877777  1530  33.42  6.72 0.000
333.933333 333.961111  1531  33.45  6.73 0.000
334.016666 334.044444  1491  32.66  6.66 0.000
334.099999 334.127777  1452  31.90  6.60 0.000
334.183333 334.211111  1416  31.19  6.54 0.000
334.266666 334.294444  1440  31.66  6.58 0.000
334.349999 334.377777  1496  32.76  6.67 0.000
334.433333 334.461111  1623  35.26  6.88 0.000
334.516666 334.544444  1550  33.82  6.76 0.000
334.683333 334.711111  1572  34.25  6.79 0.000
334.766666 334.794444  1859  39.92  7.27 0.000
334.849999 334.877777  2031  43.34  7.55 0.000
334.933333 334.961111  2096  44.63  7.66 0.000
335.016666 335.044444  1991  42.54  7.49 0.000
335.099999 335.127777  1772  38.19  7.12 0.000
335.183333 335.211111  1731  37.39  7.06 0.000
335.266666 335.294444  2093  44.57  7.65 0.000
335.349999 335.377777  1620  35.19  6.87 0.000
335.433333 335.461111  1226  27.50  6.22 0.000
335.516666 335.544444  1163  26.28  6.12 0.000
335.599999 335.627777  1340  29.71  6.41 0.000
335.683333 335.711111   882  20.96  5.66 0.000
335.766666 335.794444   901  21.31  5.69 0.000
335.849999 335.877777   777  19.02  5.48 0.000
335.933333 335.961111   863  20.60  5.62 0.000
336.016666 336.044444   954  22.30  5.77 0.000
336.099999 336.127777   933  21.91  5.74 0.000
336.183333 336.211111  1012  23.40  5.87 0.000
336.266666 336.294444  1098  25.03  6.01 0.000
336.349999 336.377777  1260  28.16  6.28 0.000
336.433333 336.461111  1349  29.89  6.43 0.000
336.516666 336.544444  1371  30.31  6.46 0.000
336.599999 336.627777  1586  34.53  6.82 0.000
336.683333 336.711111  1224  27.46  6.22 0.000
336.766666 336.794444  1533  33.48  6.73 0.000
336.849999 336.877777  1533  33.48  6.73 0.000
336.933333 336.961111  1591  34.63  6.83 0.000
337.016666 337.044444  1533  33.48  6.73 0.000
337.099999 337.127777  1699  36.75  7.00 0.000
337.183333 337.211111  1640  35.59  6.91 0.000
337.266666 337.294444  1710  36.97  7.02 0.000
337.349999 337.377777  1672  36.22  6.96 0.000
337.433333 337.461111  1637  35.53  6.90 0.000
337.516666 337.544444  1657  35.92  6.93 0.000
337.599999 337.627777  1421  31.29  6.54 0.000
337.683333 337.711111  1369  30.28  6.46 0.000
337.766666 337.794444  1483  32.51  6.65 0.000
337.849999 337.877777  1377  30.43  6.47 0.000
337.933333 337.961111  1338  29.67  6.41 0.000
338.016666 338.044444  1349  29.89  6.43 0.000
338.099999 338.127777  1387  30.63  6.49 0.000
338.183333 338.211111  1415  31.17  6.53 0.000
338.266666 338.294444  1462  32.09  6.61 0.000
338.349999 338.377777  1313  29.19  6.37 0.000
338.433333 338.461111  1351  29.92  6.43 0.000
338.516666 338.544444  1487  32.58  6.65 0.000
338.599999 338.627777  1393  30.74  6.50 0.000
338.683333 338.711111  1299  28.91  6.34 0.000
338.766666 338.794444  1374  30.37  6.47 0.000
338.849999 338.877777  1291  28.76  6.33 0.000
338.933333 338.961111  1288  28.70  6.33 0.000
339.016666 339.044444  1276  28.47  6.31 0.000
339.099999 339.127777  1275  28.44  6.30 0.000
339.183333 339.211111  1257  28.09  6.27 0.000
339.266666 339.294444  1313  29.19  6.37 0.000
339.349999 339.377777  1383  30.55  6.48 0.000
339.433333 339.461111  1475  32.34  6.63 0.000
339.516666 339.544444  1430  31.47  6.56 0.000
339.599999 339.627777  1587  34.55  6.82 0.000
339.683333 339.711111  1379  30.47  6.48 0.000
339.766666 339.794444  1327  29.46  6.39 0.000
339.849999 339.877777  1317  29.26  6.37 0.000
339.933333 339.961111  1316  29.24  6.37 0.000
340.015972 340.043750  1317  29.26  6.37 0.000
340.099306 340.127083  1350  29.91  6.43 0.000
340.182638 340.210416  1320  29.32  6.38 0.000
340.265972 340.293750  1267  28.29  6.29 0.000
340.349306 340.377083  1334  29.59  6.40 0.000
340.432638 340.460416  1267  28.29  6.29 0.000
340.515972 340.543750  1264  28.24  6.29 0.000
340.599306 340.627083  1437  31.60  6.57 0.000
340.682638 340.710416  1367  30.24  6.46 0.000
340.765972 340.793750  1321  29.34  6.38 0.000
340.849306 340.877083  1274  28.43  6.30 0.000
340.932638 340.960416  1294  28.82  6.34 0.000
341.015972 341.043750  1479  32.42  6.64 0.000
341.099306 341.127083  1488  32.60  6.66 0.000
341.182638 341.210416  1226  27.50  6.22 0.000
341.265972 341.293750  1293  28.79  6.33 0.000
341.349306 341.377083  1195  26.90  6.17 0.000
341.432638 341.460416  1361  30.12  6.45 0.000
341.515972 341.543750  1325  29.42  6.39 0.000
341.599306 341.627083  1367  30.24  6.46 0.000
341.682638 341.710416  1324  29.39  6.38 0.000
341.765972 341.793750  1301  28.95  6.35 0.000
341.849306 341.877083  1289  28.72  6.33 0.000
341.932638 341.960416  1275  28.44  6.30 0.000
342.015972 342.043750  1290  28.74  6.33 0.000
342.099306 342.127083  1287  28.68  6.32 0.000
342.182638 342.210416  1400  30.88  6.51 0.000
342.265972 342.293750  1228  27.54  6.23 0.000
342.349306 342.377083  1582  34.45  6.81 0.000
342.432638 342.460416  1855  39.84  7.26 0.000
342.515972 342.543750  1817  39.09  7.20 0.000
342.599306 342.627083  1818  39.11  7.20 0.000
342.682638 342.710416  1874  40.22  7.29 0.000
342.765972 342.793750  1863  40.00  7.27 0.000
342.849306 342.877083  1859  39.92  7.27 0.000
342.932638 342.960416  1868  40.10  7.28 0.000
343.015972 343.043750  1878  40.30  7.30 0.000
343.099306 343.127083  1933  41.39  7.39 0.000
343.182638 343.210416  2166  46.02  7.77 0.000
343.265972 343.293750  2200  46.70  7.83 0.000
343.349306 343.377083  2123  45.17  7.70 0.000
343.432638 343.460416  2086  44.43  7.64 0.000
343.515972 343.543750  2033  43.37  7.55 0.000
343.599306 343.627083  1905  40.83  7.34 0.000
343.682638 343.710416  1786  38.48  7.15 0.000
343.765972 343.793750  1666  36.10  6.95 0.000
343.849306 343.877083  1680  36.38  6.97 0.000
343.932638 343.960416  1625  35.29  6.88 0.000
344.015972 344.043750  1620  35.19  6.87 0.000
344.099306 344.127083  1613  35.06  6.86 0.000
344.182638 344.210416  1628  35.36  6.89 0.000
344.265972 344.293750  1591  34.63  6.83 0.000
344.349306 344.377083  1538  33.58  6.74 0.000
344.432638 344.460416  1538  33.58  6.74 0.000
344.515972 344.543750  1634  35.47  6.90 0.000
344.599306 344.627083  1594  34.68  6.83 0.000
344.682638 344.710416  1729  37.34  7.05 0.000
344.765972 344.793750  1812  38.99  7.19 0.000
344.849306 344.877083  1619  35.17  6.87 0.000
344.932638 344.960416  1493  32.70  6.66 0.000
345.015972 345.043750  1460  32.05  6.61 0.000
345.099306 345.127083  1457  31.99  6.60 0.000
345.182638 345.210416  1451  31.87  6.59 0.000
345.265972 345.293750  1450  31.85  6.59 0.000
345.349306 345.377083  1437  31.60  6.57 0.000
345.432638 345.460416  1463  32.11  6.61 0.000
345.515972 345.543750  1451  31.87  6.59 0.000
345.599306 345.627083  1455  31.95  6.60 0.000
345.682638 345.710416  1434  31.55  6.57 0.000
345.765972 345.793750  1445  31.76  6.58 0.000
345.849306 345.877083  1402  30.92  6.51 0.000
345.932638 345.960416  1350  29.91  6.43 0.000
346.015972 346.043750  1471  32.27  6.63 0.000
346.099306 346.127083  1469  32.23  6.62 0.000
346.182638 346.210416  1509  33.01  6.69 0.000
346.265972 346.293750  1601  34.82  6.84 0.000
346.349306 346.377083  1346  29.83  6.42 0.000
346.432638 346.460416  1288  28.70  6.33 0.000
346.515972 346.543750  1287  28.68  6.32 0.000
346.599306 346.627083  1309  29.11  6.36 0.000
346.682638 346.710416  1264  28.24  6.29 0.000
346.765972 346.793750  1291  28.76  6.33 0.000
346.849306 346.877083  1258  28.12  6.28 0.000
346.932638 346.960416  1276  28.47  6.31 0.000
347.015972 347.043750  1267  28.29  6.29 0.000
347.099306 347.127083  1225  27.48  6.22 0.000
347.182638 347.210416  1207  27.13  6.19 0.000
347.265972 347.293750  1199  26.98  6.18 0.000
347.349306 347.377083  1203  27.05  6.18 0.000
347.432638 347.460416  1172  26.45  6.13 0.000
347.515972 347.543750  1232  27.61  6.23 0.000
347.599306 347.627083  1417  31.21  6.54 0.000
347.682638 347.710416  1430  31.47  6.56 0.000
347.765972 347.793750  1379  30.47  6.48 0.000
347.849306 347.877083  1358  30.06  6.44 0.000
347.932638 347.960416  1296  28.86  6.34 0.000
348.015972 348.043750  1342  29.74  6.41 0.000
348.099306 348.127083  1311  29.14  6.36 0.000
348.182638 348.210416  1300  28.94  6.35 0.000
348.265972 348.293750  1418  31.23  6.54 0.000
348.349306 348.377083  1378  30.45  6.47 0.000
348.432638 348.460416  1326  29.44  6.39 0.000
348.515972 348.543750  1360  30.10  6.44 0.000
348.599306 348.627083  1284  28.62  6.32 0.000
348.682638 348.710416  1278  28.51  6.31 0.000
348.765972 348.793750  1308  29.09  6.36 0.000
348.849306 348.877083  1306  29.04  6.35 0.000
348.932638 348.960416  1265  28.26  6.29 0.000
349.015972 349.043750  1278  28.51  6.31 0.000
349.099306 349.127083  1071  24.52  5.97 0.000
349.182638 349.210416  1049  24.10  5.93 0.000
349.265972 349.293750  1105  25.17  6.02 0.000
349.349306 349.377083  1224  27.46  6.22 0.000
349.432638 349.460416  1295  28.84  6.34 0.000
349.515972 349.543750  1309  29.11  6.36 0.000
349.599306 349.627083  1374  30.37  6.47 0.000
349.682638 349.710416  1565  34.11  6.78 0.000
349.765972 349.793750  1438  31.62  6.57 0.000
349.849306 349.877083  1469  32.23  6.62 0.000
349.932638 349.960416  1457  31.99  6.60 0.000
350.015972 350.043750  1471  32.27  6.63 0.000
350.099306 350.127083  1506  32.95  6.68 0.000
350.182638 350.210416  1515  33.13  6.70 0.000
350.265972 350.293750  1457  31.99  6.60 0.000
350.349306 350.377083  1467  32.19  6.62 0.000
350.432638 350.460416  1563  34.07  6.78 0.000
350.515972 350.543750  1600  34.80  6.84 0.000
350.599306 350.627083  1677  36.32  6.97 0.000
350.682638 350.710416  1640  35.59  6.91 0.000
350.765972 350.793750  1645  35.68  6.91 0.000
350.849306 350.877083  1629  35.37  6.89 0.000
