data/obs/c2h6/WDCGG/event/CH0005R.20030101000000.20160915102628.online_gc.ethane.air.1y.2h.CH01L_Agilent_ADS-GC-FID_cn10450060_RIG.CH01L_ADS_GC_FID_VOCAIR_RIGI..nas
58 1001
Reimann, Stefan
CH01L, Swiss Federal Laboratories for Materials Science and Technology, EMPA, Section Air Pollution, Überlandstrasse 133, , 8600, Dübendorf, Switzerland
Reimann, Stefan
EMEP GAW-WDCRG
1 1
2003 01 01 2016 09 15
0.083333
days from file reference point
3
1 1 1
999.999999 99999 9.999
end_time of measurement, days from the file reference point
ethane, pmol/mol
numflag ethane, no unit
0
41
Data definition:              EBAS_1.1
Set type code:                TU
Timezone:                     UTC
File name:                    CH0005R.20030101000000.20160915102628.online_gc.ethane.air.1y.2h.CH01L_Agilent_ADS-GC-FID_cn10450060_RIG.CH01L_ADS_GC_FID_VOCAIR_RIGI..nas
File creation:                20190306184550
Startdate:                    20030101000000
Revision date:                20160915102628
Statistics:                   arithmetic mean
Data level:                   
Period code:                  1y
Resolution code:              2h
Sample duration:              40mn
Orig. time res.:              2h
Station code:                 CH0005R
Platform code:                CH0005S
Station name:                 Rigi
Station GAW-ID:               RIG
Station latitude:             47.0675
Station longitude:            8.463889
Station altitude:             1031.0m
Measurement height:           4.0m
Regime:                       IMG
Component:                    ethane
Unit:                         pmol/mol
Matrix:                       air
Instrument type:              online_gc
Laboratory code:              CH01L
Instrument name:              Agilent_ADS-GC-FID_cn10450060_RIG
Method ref:                   CH01L_ADS_GC_FID_VOCAIR_RIGI
Inlet description:            above the roof
Volume std. temperature:      273.15 K
Volume std. pressure:         1013.25 hPa
Detection limit:              9.0 pmol/mol
Detection limit expl.:        Determined by integration of a baseline signal multiplied by a factor of 3, detection     limit flag 147
Measurement uncertainty expl.: Includes reproducibility (precision) + systematic errors (accuracy)
Zero/negative values code:    Zero/negative impossible
Zero/negative values:         Neg. values don't appear because data was processed and neg data taken out
Originator:                   Reimann, Stefan, , , , , , , , , 
Submitter:                    Reimann, Stefan, , , , , , , , , 
Comment:                      "No SOP currently available, o3 removed with an ozone scrubber, nafion dryer, Calibration interval:1/month calibration interval"
starttime endtime C2H6 flag_C2H6
[from data line 471]
 39.250000  39.333333  1348 0.000
 39.333333  39.416667  1347 0.000
 39.416667  39.500000  1711 0.000
 39.500000  39.583333  2448 0.000
 39.583333  39.666667  2577 0.000
 39.666667  39.750000  2580 0.000
 39.750000  39.833333  2271 0.000
 39.833333  39.916667  2148 0.000
 39.916667  40.000000  2175 0.000
 40.000000  40.083333  2059 0.000
 40.083333  40.166667  1947 0.000
 40.166667  40.250000  1864 0.000
 40.250000  40.333333  1968 0.000
 40.333333  40.416667  1994 0.000
 40.416667  40.500000  2042 0.000
 40.500000  40.583333  1929 0.000
 40.583333  40.666667  1985 0.000
 40.666667  40.750000  2102 0.000
 40.750000  40.833333  2170 0.000
 40.833333  40.916667  2396 0.000
 40.916667  41.000000  2327 0.000
 41.000000  41.083333  2286 0.000
 41.083333  41.166667  2328 0.000
 41.166667  41.250000  2319 0.000
 41.250000  41.333333  2240 0.000
 41.333333  41.416667  2268 0.000
 41.416667  41.500000  2238 0.000
 41.500000  41.583333  2281 0.000
 41.583333  41.666667  2338 0.000
 41.666667  41.750000  2540 0.000
 41.750000  41.833333  2706 0.000
 41.833333  41.916667  2662 0.000
 41.916667  42.000000  2642 0.000
 42.000000  42.083333  2509 0.000
 42.083333  42.166667  2632 0.000
 42.166667  42.250000  2652 0.000
 42.250000  42.333333  2881 0.000
 42.333333  42.416667  2967 0.000
 42.416667  42.500000  2990 0.000
 42.500000  42.583333  3168 0.000
 42.583333  42.666667  2989 0.000
 42.666667  42.750000  3082 0.000
 42.750000  42.833333  3200 0.000
 42.833333  42.916667  3587 0.000
 42.916667  43.000000  3410 0.000
 43.000000  43.083333  3456 0.000
 43.083333  43.166667  3498 0.000
 43.166667  43.250000  3445 0.000
 43.250000  43.333333  3365 0.000
 43.333333  43.416667  3243 0.000
 43.416667  43.500000  3384 0.000
 43.500000  43.583333  3383 0.000
 43.583333  43.666667  3263 0.000
 43.666667  43.750000  3078 0.000
 43.750000  43.833333  3122 0.000
 43.833333  43.916667  3399 0.000
 43.916667  44.000000  3238 0.000
 44.000000  44.083333  3033 0.000
 44.083333  44.166667  3193 0.000
 44.166667  44.250000  3346 0.000
 44.250000  44.333333  3108 0.000
 44.333333  44.416667  2969 0.000
 44.416667  44.500000  3928 0.000
 44.500000  44.583333  3870 0.000
 44.583333  44.666667  3590 0.000
 44.666667  44.750000 99999 0.999
 44.750000  44.833333  3499 0.000
 44.833333  44.916667  3329 0.000
 44.916667  45.000000  3430 0.000
 45.000000  45.083333  3461 0.000
 45.083333  45.166667  3524 0.000
 45.166667  45.250000  3478 0.000
 45.250000  45.333333  3571 0.000
 45.333333  45.416667  3721 0.000
 45.416667  45.500000  3684 0.000
 45.500000  45.583333  3763 0.000
 45.583333  45.666667  3528 0.000
 45.666667  45.750000  3435 0.000
 45.750000  45.833333  3576 0.000
 45.833333  45.916667  3467 0.000
 45.916667  46.000000  3509 0.000
 46.000000  46.083333  4150 0.000
 46.083333  46.166667  3918 0.000
 46.166667  46.250000  3851 0.000
 46.250000  46.333333  3575 0.000
 46.333333  46.416667  3696 0.000
 46.416667  46.500000  4016 0.000
 46.500000  46.583333  3614 0.000
 46.583333  46.666667  3430 0.000
 46.666667  46.750000  3305 0.000
 46.750000  46.833333  3187 0.000
 46.833333  46.916667  3153 0.000
 46.916667  47.000000  3265 0.000
 47.000000  47.083333  3216 0.000
 47.083333  47.166667  2999 0.000
 47.166667  47.250000  3031 0.000
 47.250000  47.333333  3220 0.000
 47.333333  47.416667  3252 0.000
 47.416667  47.500000  3306 0.000
 47.500000  47.583333  3362 0.000
 47.583333  47.666667  3474 0.000
 47.666667  47.750000  3306 0.000
 47.750000  47.833333  3464 0.000
 47.833333  47.916667  3295 0.000
 47.916667  48.000000  3316 0.000
 48.000000  48.083333  3290 0.000
 48.083333  48.166667  3336 0.000
 48.166667  48.250000  3353 0.000
 48.250000  48.333333  3386 0.000
 48.333333  48.416667  3307 0.000
 48.416667  48.500000  3377 0.000
 48.500000  48.583333  3318 0.000
 48.583333  48.666667  3363 0.000
 48.666667  48.750000  3372 0.000
 48.750000  48.833333  3726 0.000
 48.833333  48.916667  3459 0.000
 48.916667  49.000000  3439 0.000
 49.000000  49.083333  3450 0.000
 49.083333  49.166667  3414 0.000
 49.166667  49.250000  3652 0.000
 49.250000  49.333333  3553 0.000
 49.333333  49.416667  3464 0.000
 49.416667  49.500000  3597 0.000
 49.500000  49.583333  3805 0.000
 49.583333  49.666667  3689 0.000
 49.666667  49.750000  3340 0.000
 49.750000  49.833333  2724 0.000
 49.833333  49.916667  2593 0.000
 49.916667  50.000000  2635 0.000
 50.000000  50.083333  2626 0.000
 50.083333  50.166667  2493 0.000
 50.166667  50.250000  2496 0.000
 50.250000  50.333333  2208 0.000
 50.333333  50.416667  2167 0.000
 50.416667  50.500000  2182 0.000
 50.500000  50.583333  2209 0.000
 50.583333  50.666667  2450 0.000
 50.666667  50.750000  2640 0.000
 50.750000  50.833333  2388 0.000
 50.833333  50.916667  2376 0.000
 50.916667  51.000000  2354 0.000
 51.000000  51.083333  2318 0.000
 51.083333  51.166667  2206 0.000
 51.166667  51.250000  2171 0.000
 51.250000  51.333333  2264 0.000
 51.333333  51.416667  2225 0.000
 51.416667  51.500000  2149 0.000
 51.500000  51.583333  2165 0.000
 51.583333  51.666667  2317 0.000
 51.666667  51.750000  2223 0.000
 51.750000  51.833333  2178 0.000
 51.833333  51.916667  2341 0.000
 51.916667  52.000000  2155 0.000
 52.000000  52.083333  2108 0.000
 52.083333  52.166667  1965 0.000
 52.166667  52.250000  1970 0.000
 52.250000  52.333333  2091 0.000
 52.333333  52.416667  1981 0.000
 52.416667  52.500000  2060 0.000
 52.500000  52.583333  2277 0.000
 52.583333  52.666667  2639 0.000
 52.666667  52.750000  2616 0.000
 52.750000  52.833333  2784 0.000
 52.833333  52.916667  2496 0.000
 52.916667  53.000000  2339 0.000
 53.000000  53.083333  2301 0.000
 53.083333  53.166667  2365 0.000
 53.166667  53.250000  2665 0.000
 53.250000  53.333333  2265 0.000
 53.333333  53.416667  2656 0.000
 53.416667  53.500000  2694 0.000
 53.500000  53.583333  2664 0.000
 53.583333  53.666667  2499 0.000
 53.666667  53.750000  2670 0.000
 53.750000  53.833333  2831 0.000
 53.833333  53.916667  2456 0.000
 53.916667  54.000000  2319 0.000
 54.000000  54.083333  2263 0.000
 54.083333  54.166667  2123 0.000
 54.166667  54.250000  1970 0.000
 54.250000  54.333333  1975 0.000
 54.333333  54.416667  1921 0.000
 54.416667  54.500000  1948 0.000
 54.500000  54.583333  1965 0.000
 54.583333  54.666667  2607 0.000
 54.666667  54.750000  3414 0.000
 54.750000  54.833333  2487 0.000
 54.833333  54.916667  2119 0.000
 54.916667  55.000000  2064 0.000
 55.000000  55.083333  1864 0.000
 55.083333  55.166667  1914 0.000
 55.166667  55.250000  1951 0.000
 55.250000  55.333333  2151 0.000
 55.333333  55.416667  2167 0.000
 55.416667  55.500000  1873 0.000
 55.500000  55.583333  1766 0.000
 55.583333  55.666667  1814 0.000
 55.666667  55.750000  1958 0.000
 55.750000  55.833333  2141 0.000
 55.833333  55.916667  1748 0.000
 55.916667  56.000000  1800 0.000
 56.000000  56.083333  1792 0.000
 56.083333  56.166667  2022 0.000
 56.166667  56.250000  1922 0.000
 56.250000  56.333333  1917 0.000
 56.333333  56.416667  2184 0.000
 56.416667  56.500000  2239 0.000
 56.500000  56.583333  2584 0.000
 56.583333  56.666667 99999 0.999
 56.666667  56.750000  2694 0.000
 56.750000  56.833333  2290 0.000
 56.833333  56.916667  2305 0.000
 56.916667  57.000000  2084 0.000
 57.000000  57.083333  2053 0.000
 57.083333  57.166667  1991 0.000
 57.166667  57.250000  2034 0.000
 57.250000  57.333333  1943 0.000
 57.333333  57.416667  1908 0.000
 57.416667  57.500000  1831 0.000
 57.500000  57.583333  1905 0.000
 57.583333  57.666667  2243 0.000
 57.666667  57.750000  2604 0.000
 57.750000  57.833333  2556 0.000
 57.833333  57.916667  2423 0.000
 57.916667  58.000000  2335 0.000
 58.000000  58.083333  2323 0.000
 58.083333  58.166667  2275 0.000
 58.166667  58.250000  2620 0.000
 58.250000  58.333333  2648 0.000
 58.333333  58.416667  2591 0.000
 58.416667  58.500000  2485 0.000
 58.500000  58.583333  2611 0.000
 58.583333  58.666667  2638 0.000
 58.666667  58.750000  2734 0.000
 58.750000  58.833333  2776 0.000
 58.833333  58.916667  2653 0.000
 58.916667  59.000000  2361 0.000
 59.000000  59.083333  2513 0.000
 59.083333  59.166667  2618 0.000
 59.166667  59.250000  2533 0.000
 59.250000  59.333333  2466 0.000
 59.333333  59.416667  2443 0.000
 59.416667  59.500000  2421 0.000
 59.500000  59.583333  2347 0.000
 59.583333  59.666667  2423 0.000
 59.666667  59.750000  2397 0.000
 59.750000  59.833333  2415 0.000
 59.833333  59.916667  2314 0.000
 59.916667  60.000000  2574 0.000
 60.000000  60.083333  2783 0.000
 60.083333  60.166667  2455 0.000
 60.166667  60.250000  2432 0.000
 60.250000  60.333333  2125 0.000
 60.333333  60.416667  2097 0.000
 60.416667  60.500000  2033 0.000
 60.500000  60.583333  2173 0.000
 60.583333  60.666667  2260 0.000
 60.666667  60.750000  2001 0.000
 60.750000  60.833333  2025 0.000
 60.833333  60.916667  2073 0.000
 60.916667  61.000000  2142 0.000
 61.000000  61.083333  2157 0.000
 61.083333  61.166667  2157 0.000
 61.166667  61.250000  2197 0.000
 61.250000  61.333333  2225 0.000
 61.333333  61.416667  2251 0.000
 61.416667  61.500000  2280 0.000
 61.500000  61.583333  2244 0.000
 61.583333  61.666667  2286 0.000
 61.666667  61.750000  2336 0.000
 61.750000  61.833333  2129 0.000
 61.833333  61.916667  2175 0.000
 61.916667  62.000000  2253 0.000
 62.000000  62.083333  2182 0.000
 62.083333  62.166667  2193 0.000
 62.166667  62.250000  2077 0.000
 62.250000  62.333333  2065 0.000
 62.333333  62.416667  2102 0.000
 62.416667  62.500000  2153 0.000
 62.500000  62.583333  2608 0.000
 62.583333  62.666667  2314 0.000
 62.666667  62.750000  2216 0.000
 62.750000  62.833333  2462 0.000
 62.833333  62.916667  2349 0.000
 62.916667  63.000000  2359 0.000
 63.000000  63.083333  2376 0.000
 63.083333  63.166667  2403 0.000
 63.166667  63.250000  2339 0.000
 63.250000  63.333333  2196 0.000
 63.333333  63.416667  2156 0.000
 63.416667  63.500000  1985 0.000
 63.500000  63.583333  2336 0.000
 63.583333  63.666667  2912 0.000
 63.666667  63.750000  2238 0.000
 63.750000  63.833333  2330 0.000
 63.833333  63.916667  2176 0.000
 63.916667  64.000000  2004 0.000
 64.000000  64.083333  1722 0.000
 64.083333  64.166667  1663 0.000
 64.166667  64.250000  1786 0.000
 64.250000  64.333333  1951 0.000
 64.333333  64.416667  2184 0.000
 64.416667  64.500000  1938 0.000
 64.500000  64.583333  1891 0.000
 64.583333  64.666667  2006 0.000
 64.666667  64.750000  1968 0.000
 64.750000  64.833333  1877 0.000
 64.833333  64.916667  2173 0.000
 64.916667  65.000000  2287 0.000
 65.000000  65.083333  2451 0.000
 65.083333  65.166667  2406 0.000
 65.166667  65.250000  2330 0.000
 65.250000  65.333333  2327 0.000
 65.333333  65.416667  2903 0.000
 65.416667  65.500000  2440 0.000
 65.500000  65.583333  2446 0.000
 65.583333  65.666667  2397 0.000
 65.666667  65.750000  2374 0.000
 65.750000  65.833333  2330 0.000
 65.833333  65.916667  2168 0.000
 65.916667  66.000000  2126 0.000
 66.000000  66.083333  2376 0.000
 66.083333  66.166667  2283 0.000
 66.166667  66.250000  2261 0.000
 66.250000  66.333333  2374 0.000
 66.333333  66.416667  2296 0.000
 66.416667  66.500000  2281 0.000
 66.500000  66.583333  2598 0.000
 66.583333  66.666667  2644 0.000
 66.666667  66.750000  2660 0.000
 66.750000  66.833333  2604 0.000
 66.833333  66.916667  2543 0.000
 66.916667  67.000000  2576 0.000
 67.000000  67.083333  2406 0.000
 67.083333  67.166667  2493 0.000
 67.166667  67.250000  2510 0.000
 67.250000  67.333333  2515 0.000
 67.333333  67.416667  2289 0.000
 67.416667  67.500000  2423 0.000
 67.500000  67.583333  2488 0.000
 67.583333  67.666667  2585 0.000
 67.666667  67.750000  2611 0.000
 67.750000  67.833333  2585 0.000
 67.833333  67.916667  2512 0.000
 67.916667  68.000000  2462 0.000
 68.000000  68.083333  2381 0.000
 68.083333  68.166667  2366 0.000
 68.166667  68.250000  2414 0.000
 68.250000  68.333333  2431 0.000
 68.333333  68.416667  2447 0.000
 68.416667  68.500000  2582 0.000
 68.500000  68.583333  2437 0.000
 68.583333  68.666667  2682 0.000
 68.666667  68.750000  2588 0.000
 68.750000  68.833333  2744 0.000
 68.833333  68.916667  2719 0.000
 68.916667  69.000000  2764 0.000
 69.000000  69.083333  2692 0.000
 69.083333  69.166667  2643 0.000
 69.166667  69.250000  2624 0.000
 69.250000  69.333333  2621 0.000
 69.333333  69.416667  2509 0.000
 69.416667  69.500000  2451 0.000
 69.500000  69.583333  2639 0.000
 69.583333  69.666667  2604 0.000
 69.666667  69.750000  2651 0.000
 69.750000  69.833333  2541 0.000
 69.833333  69.916667  2585 0.000
 69.916667  70.000000  2086 0.000
 70.000000  70.083333  1987 0.000
 70.083333  70.166667  2040 0.000
 70.166667  70.250000  2165 0.000
 70.250000  70.333333  2352 0.000
 70.333333  70.416667  2392 0.000
 70.416667  70.500000  2566 0.000
 70.500000  70.583333  2327 0.000
 70.583333  70.666667  2203 0.000
 70.666667  70.750000  2737 0.000
 70.750000  70.833333  2319 0.000
 70.833333  70.916667  2239 0.000
 70.916667  71.000000  2200 0.000
 71.000000  71.083333  2457 0.000
 71.083333  71.166667  2449 0.000
 71.166667  71.250000  2300 0.000
 71.250000  71.333333  2557 0.000
 71.333333  71.416667  2618 0.000
 71.416667  71.500000  2759 0.000
 71.500000  71.583333  2604 0.000
 71.583333  71.666667  2633 0.000
 71.666667  71.750000  2399 0.000
 71.750000  71.833333  2342 0.000
 71.833333  71.916667  2140 0.000
 71.916667  72.000000  2130 0.000
 72.000000  72.083333  2399 0.000
 72.083333  72.166667  2474 0.000
 72.166667  72.250000  2417 0.000
 72.250000  72.333333  2510 0.000
 72.333333  72.416667  2670 0.000
 72.416667  72.500000  2675 0.000
 72.500000  72.583333  2609 0.000
 72.583333  72.666667  2499 0.000
 72.666667  72.750000  2530 0.000
 72.750000  72.833333  2520 0.000
 72.833333  72.916667  2462 0.000
 72.916667  73.000000  2585 0.000
 73.000000  73.083333  2753 0.000
 73.083333  73.166667  2865 0.000
 73.166667  73.250000  2935 0.000
 73.250000  73.333333  2860 0.000
 73.333333  73.416667  3028 0.000
 73.416667  73.500000  3413 0.000
 73.500000  73.583333  3245 0.000
 73.583333  73.666667  3526 0.000
 73.666667  73.750000  3882 0.000
 73.750000  73.833333  4161 0.000
 73.833333  73.916667  4547 0.000
 73.916667  74.000000  4082 0.000
 74.000000  74.083333  4383 0.000
 74.083333  74.166667  4166 0.000
 74.166667  74.250000  4340 0.000
 74.250000  74.333333  4362 0.000
 74.333333  74.416667  4432 0.000
 74.416667  74.500000  4556 0.000
 74.500000  74.583333  4480 0.000
 74.583333  74.666667  4391 0.000
 74.666667  74.750000  4069 0.000
 74.750000  74.833333  3610 0.000
 74.833333  74.916667  3313 0.000
 74.916667  75.000000  3399 0.000
 75.000000  75.083333  3642 0.000
 75.083333  75.166667  3710 0.000
 75.166667  75.250000  3614 0.000
 75.250000  75.333333  3754 0.000
 75.333333  75.416667  3690 0.000
 75.416667  75.500000  3630 0.000
 75.500000  75.583333  3804 0.000
 75.583333  75.666667  3640 0.000
 75.666667  75.750000  3685 0.000
 75.750000  75.833333  3508 0.000
 75.833333  75.916667  2689 0.000
 75.916667  76.000000  2966 0.000
 76.000000  76.083333  3094 0.000
 76.083333  76.166667  3063 0.000
 76.166667  76.250000  2870 0.000
 76.250000  76.333333  2885 0.000
 76.333333  76.416667  3039 0.000
 76.416667  76.500000  3529 0.000
 76.500000  76.583333  3396 0.000
 76.583333  76.666667  3125 0.000
 76.666667  76.750000  2900 0.000
 76.750000  76.833333  2874 0.000
 76.833333  76.916667  2757 0.000
 76.916667  77.000000  2903 0.000
 77.000000  77.083333  2955 0.000
 77.083333  77.166667  2958 0.000
 77.166667  77.250000  2839 0.000
 77.250000  77.333333  2568 0.000
 77.333333  77.416667  2656 0.000
 77.416667  77.500000  2949 0.000
 77.500000  77.583333 99999 0.999
 77.583333  77.666667 99999 0.999
 77.666667  77.750000 99999 0.999
 77.750000  77.833333 99999 0.999
 77.833333  77.916667 99999 0.999
 77.916667  78.000000 99999 0.999
 78.000000  78.083333 99999 0.999
 78.083333  78.166667 99999 0.999
 78.166667  78.250000 99999 0.999
 78.250000  78.333333 99999 0.999
 78.333333  78.416667 99999 0.999
