data/obs/c2h6/WDCGG/event/CH0005R.20090101000000.20160915102628.online_gc.ethane.air.1y.2h.CH01L_Agilent_ADS-GC-FID_cn10450060_RIG.CH01L_ADS_GC_FID_VOCAIR_RIGI..nas
58 1001
Reimann, Stefan
CH01L, Swiss Federal Laboratories for Materials Science and Technology, EMPA, Section Air Pollution, Überlandstrasse 133, , 8600, Dübendorf, Switzerland
Reimann, Stefan
EMEP GAW-WDCRG
1 1
2009 01 01 2016 09 15
0.083333
days from file reference point
3
1 1 1
999.999999 99999 9.999
end_time of measurement, days from the file reference point
ethane, pmol/mol
numflag ethane, no unit
0
41
Data definition:              EBAS_1.1
Set type code:                TU
Timezone:                     UTC
File name:                    CH0005R.20090101000000.20160915102628.online_gc.ethane.air.1y.2h.CH01L_Agilent_ADS-GC-FID_cn10450060_RIG.CH01L_ADS_GC_FID_VOCAIR_RIGI..nas
File creation:                20190306184551
Startdate:                    20090101000000
Revision date:                20160915102628
Statistics:                   arithmetic mean
Data level:                   
Period code:                  1y
Resolution code:              2h
Sample duration:              40mn
Orig. time res.:              2h
Station code:                 CH0005R
Platform code:                CH0005S
Station name:                 Rigi
Station GAW-ID:               RIG
Station latitude:             47.0675
Station longitude:            8.463889
Station altitude:             1031.0m
Measurement height:           4.0m
Regime:                       IMG
Component:                    ethane
Unit:                         pmol/mol
Matrix:                       air
Instrument type:              online_gc
Laboratory code:              CH01L
Instrument name:              Agilent_ADS-GC-FID_cn10450060_RIG
Method ref:                   CH01L_ADS_GC_FID_VOCAIR_RIGI
Inlet description:            above the roof
Volume std. temperature:      273.15 K
Volume std. pressure:         1013.25 hPa
Detection limit:              9.0 pmol/mol
Detection limit expl.:        Determined by integration of a baseline signal multiplied by a factor of 3, detection     limit flag 147
Measurement uncertainty expl.: Includes reproducibility (precision) + systematic errors (accuracy)
Zero/negative values code:    Zero/negative impossible
Zero/negative values:         Neg. values don't appear because data was processed and neg data taken out
Originator:                   Reimann, Stefan, , , , , , , , , 
Submitter:                    Reimann, Stefan, , , , , , , , , 
Comment:                      "No SOP currently available, o3 removed with an ozone scrubber, nafion dryer, Calibration interval:1/month calibration interval"
starttime endtime C2H6 flag_C2H6
[from data line 4236]
353.000000 353.013889  3278 0.000
353.083333 353.097222  3200 0.000
353.166667 353.180556  3123 0.000
353.250000 353.263889  3067 0.000
353.333333 353.347222  3049 0.000
353.416667 353.430556  2454 0.000
353.500000 353.513889  2189 0.000
353.583333 353.597222  2424 0.000
353.666667 353.680556  2100 0.000
353.750000 353.763889  2052 0.000
353.833333 353.847222  1817 0.000
353.916667 353.930556  1744 0.000
354.000000 354.013889  1687 0.000
354.083333 354.097222  1731 0.000
354.166667 354.180556  1703 0.000
354.250000 354.263889  1815 0.000
354.333333 354.347222  1689 0.000
354.416667 354.430556  1682 0.000
354.500000 354.513889  1756 0.000
354.583333 354.597222  1916 0.000
354.666667 354.680556  1828 0.000
354.750000 354.763889  1767 0.000
354.833333 354.847222  1947 0.000
354.916667 354.930556  1968 0.000
355.000000 355.013889  2015 0.000
355.083333 355.097222  1997 0.000
355.166667 355.180556  2016 0.000
355.250000 355.263889  1941 0.000
355.333333 355.347222  1801 0.000
355.416667 355.430556  1784 0.000
355.500000 355.513889  1714 0.000
355.583333 355.597222  1703 0.000
355.666667 355.680556  1855 0.000
355.750000 355.763889  1885 0.000
355.833333 355.847222  1866 0.000
355.916667 355.930556  1853 0.000
356.000000 356.013889  1885 0.000
356.083333 356.097222  1826 0.000
356.166667 356.180556  1983 0.000
356.250000 356.263889  1800 0.000
356.333333 356.347222  1920 0.000
356.416667 356.430556  1561 0.000
356.500000 356.513889  1623 0.000
356.583333 356.597222  1659 0.000
356.666667 356.680556  1702 0.000
356.750000 356.763889  1596 0.000
356.833333 356.847222  1983 0.000
356.916667 356.930556  1979 0.000
357.000000 357.013889  2052 0.000
357.083333 357.097222  2021 0.000
357.166667 357.180556  1827 0.000
357.250000 357.263889  1887 0.000
357.333333 357.347222  1743 0.000
357.416667 357.430556  1760 0.000
357.500000 357.513889  1809 0.000
357.583333 357.597222  1985 0.000
357.666667 357.680556  1796 0.000
357.750000 357.763889  1681 0.000
357.833333 357.847222  2038 0.000
357.916667 357.930556  2170 0.000
358.000000 358.013889  2261 0.000
358.083333 358.097222  1494 0.000
358.166667 358.180556  1527 0.000
358.250000 358.263889  1571 0.000
358.333333 358.347222  1516 0.000
358.416667 358.430556  1667 0.000
358.500000 358.513889  1575 0.000
358.583333 358.597222  1602 0.000
358.666667 358.680556  1646 0.000
358.750000 358.763889  1728 0.000
358.833333 358.847222  1775 0.000
358.916667 358.930556  1790 0.000
359.000000 359.013889  1815 0.000
359.083333 359.097222  1761 0.000
359.166667 359.180556  1777 0.000
359.250000 359.263889  1712 0.000
359.333333 359.347222  1705 0.000
359.416667 359.430556  1686 0.000
359.500000 359.513889  1689 0.000
359.583333 359.597222  1793 0.000
359.666667 359.680556  1750 0.000
359.750000 359.763889  1731 0.000
359.833333 359.847222  1721 0.000
359.916667 359.930556  1688 0.000
360.000000 360.013889  1754 0.000
360.083333 360.097222  1635 0.000
360.166667 360.180556  1680 0.000
360.250000 360.263889  1748 0.000
360.333333 360.347222  1756 0.000
360.416667 360.430556  1697 0.000
360.500000 360.513889  1762 0.000
360.583333 360.597222  1810 0.000
360.666667 360.680556  1715 0.000
360.750000 360.763889  1837 0.000
360.833333 360.847222  1684 0.000
360.916667 360.930556  1712 0.000
361.000000 361.013889  1692 0.000
361.083333 361.097222  1731 0.000
361.166667 361.180556  1753 0.000
361.250000 361.263889  1736 0.000
361.333333 361.347222  1721 0.000
361.416667 361.430556  1695 0.000
361.500000 361.513889  1704 0.000
361.583333 361.597222  1731 0.000
361.666667 361.680556  1653 0.000
361.750000 361.763889  1595 0.000
361.833333 361.847222  1613 0.000
361.916667 361.930556  1645 0.000
362.000000 362.013889  1675 0.000
362.083333 362.097222  1653 0.000
362.166667 362.180556  1402 0.000
362.250000 362.263889  1483 0.000
362.333333 362.347222  1383 0.000
362.416667 362.430556  1383 0.000
362.500000 362.513889  1407 0.000
362.583333 362.597222  1575 0.000
362.666667 362.680556  1374 0.000
362.750000 362.763889  1386 0.000
362.833333 362.847222  1353 0.000
362.916667 362.930556  1566 0.000
363.000000 363.013889  1436 0.000
363.083333 363.097222  1370 0.000
363.166667 363.180556  1391 0.000
363.250000 363.263889  1452 0.000
363.333333 363.347222  1391 0.000
363.416667 363.430556  1420 0.000
363.500000 363.513889  1407 0.000
363.583333 363.597222  1368 0.000
363.666667 363.680556  1355 0.000
363.750000 363.763889  1556 0.000
363.833333 363.847222  1585 0.000
363.916667 363.930556  1692 0.000
364.000000 364.013889  1686 0.000
364.083333 364.097222  1630 0.000
364.166667 364.180556  1609 0.000
364.250000 364.263889  1704 0.000
364.333333 364.347222  1700 0.000
364.416667 364.430556  1639 0.000
364.500000 364.513889  1656 0.000
364.583333 364.597222  1756 0.000
364.666667 364.680556  1802 0.000
364.750000 364.763889  1708 0.000
364.833333 364.847222  1850 0.000
364.916667 364.930556  1741 0.000
