data/obs/c2h6/WDCGG/event/CH0001G.20170101004800.20180821000000.online_gc.ethane.air.1y.2h.CH01L_Agilent_GC-MS-MEDUSA_Medusa-12_JFJ.CH01L_VOC_AIR_Medusa-12.lev2.nas
70 1001
Hill, Matz; Reimann, Stefan; Vollmer, Martin K.
CH01L, Swiss Federal Laboratories for Materials Science and Technology, EMPA, Section Air Pollution, Überlandstrasse 133, , 8600, Dübendorf, Switzerland
Hill, Matz
ACTRIS EMEP GAW-WDCRG
1 1
2017 01 01 2018 08 21
0
days from file reference point
5
1 1 1 1 1
999.999999 99999.999 9999.999 999.999 9.999
end_time of measurement, days from the file reference point
ethane, pmol/mol, Statistics=arithmetic mean, Detection limit=1.1 pmol/mol
ethane, pmol/mol, Statistics=expanded uncertainty 2sigma
ethane, pmol/mol, Statistics=precision
numflag, no unit
0
51
Data definition:              EBAS_1.1
Set type code:                TI
Timezone:                     UTC
File name:                    CH0001G.20170101004800.20180821000000.online_gc.ethane.air.1y.2h.CH01L_Agilent_GC-MS-MEDUSA_Medusa-12_JFJ.CH01L_VOC_AIR_Medusa-12.lev2.nas
File creation:                20190306184545
Startdate:                    20170101004800
Revision date:                20180821000000
Version:                      3
Version description:          Third submission
Data level:                   2
Period code:                  1y
Resolution code:              2h
Sample duration:              20mn
Orig. time res.:              2h
Station code:                 CH0001G
Platform code:                CH0001S
Station name:                 Jungfraujoch
Station GAW-ID:               JFJ
Station latitude:             46.5475
Station longitude:            7.985
Station altitude:             3578.0m
Measurement altitude:         3580.0m
Measurement height:           2.0m
Regime:                       IMG
Component:                    ethane
Unit:                         pmol/mol
Matrix:                       air
Instrument type:              online_gc
Laboratory code:              CH01L
Instrument name:              Agilent_GC-MS-MEDUSA_Medusa-12_JFJ
Instrument manufacturer:      AGAGE+Agilent+Agilent
Instrument model:             MEDUSA+6890N+5975B
Instrument serial number:     Medusa-12
Method ref:                   CH01L_VOC_AIR_Medusa-12
Standard method:              None
Calibration scale:            SIO-p
Inlet type:                   Hat or hood
Inlet description:            above the roof
Volume std. temperature:      273.15 K
Volume std. pressure:         1013.25 hPa
Detection limit expl.:        Determined by instrument counting statistics, no detection limit flag used
Measurement uncertainty expl.: Includes reproducibility (precision) + systematic errors (accuracy)
Zero/negative values code:    Zero/negative impossible
Zero/negative values:         Zero and neg. values do not appear because data was processed and zero/neg data taken out
Originator:                   Hill, Matz, matthias.hill@empa.ch, Swiss Federal Laboratories for Materials Science and Technology, Empa, Air Pollution/Environmental Technology, Ueberlandstrasse 129, , CH-8600, Duebendorf, Switzerland
Originator:                   Reimann, Stefan, , , , , , , , , 
Originator:                   Vollmer, Martin K., martin.vollmer@empa.ch, Swiss Federal Laboratories for Materials Science and Technology, Empa, Air Pollution/Environmental Technology, Ueberlandstrasse 129, , CH-8600, Duebendorf, Switzerland
Submitter:                    Hill, Matz, matthias.hill@empa.ch, Swiss Federal Laboratories for Materials Science and Technology, Empa, Air Pollution/Environmental Technology, Ueberlandstrasse 129, , CH-8600, Duebendorf, Switzerland
Acknowledgement:              Request acknowledgement details from data originator
Comment:                      "No SOP currently available, MEDUSA. Sample volume: 2L, trap at -170degC, trap material Hayesep D, Nafion dryer, no O3 removal, 2-hourly calibration interval"
starttime endtime C2H6 C2H6 C2H6 flag
[from data line 2619]
212.006944 212.020833   622.993   39.543   1.671 0.000
212.097222 212.111111   658.997   41.828   1.768 0.000
212.142361 212.156250   670.127   42.534   1.792 0.000
212.232639 212.246528   663.376   42.105   1.774 0.000
212.277778 212.291667   647.719   41.112   1.734 0.000
212.368056 212.381944   680.634   43.201   1.822 0.000
212.413194 212.427083   674.111   42.791   1.830 0.000
212.503472 212.517361   723.087   45.900   1.963 0.000
212.548611 212.562500   722.265   45.868   2.073 0.000
212.638889 212.652778   742.989   47.184   2.133 0.000
212.684028 212.697917   713.931   45.333   2.021 0.000
212.774306 212.788194   617.809   39.230   1.748 0.000
212.819444 212.833333   639.179   40.614   1.955 0.000
212.909722 212.923611   684.110   43.469   2.092 0.000
212.954861 212.968750   647.746   41.130   1.829 0.000
213.045139 213.059028   631.974   40.129   1.785 0.000
213.090278 213.104167   602.085   38.227   1.678 0.000
213.180556 213.194444   585.129   37.150   1.631 0.000
213.225694 213.239583   572.808   36.381   1.671 0.000
213.315972 213.329861   579.073   36.779   1.689 0.000
213.361111 213.375000   594.478   37.748   1.681 0.000
213.451389 213.465278   547.739   34.780   1.549 0.000
213.496528 213.510417   584.212   37.097   1.657 0.000
213.586806 213.600694   595.945   37.842   1.690 0.000
213.631944 213.645833   571.837   36.282   1.447 0.000
213.722222 213.736111   583.791   37.040   1.477 0.000
213.767361 213.781250   584.952   37.147   1.674 0.000
213.857639 213.871528   609.704   38.710   1.694 0.000
213.902778 213.916667   638.162   40.525   1.821 0.000
213.993056 214.006944   666.117   42.289   1.837 0.000
214.038194 214.052083   673.199   42.749   1.917 0.000
214.128472 214.142361   674.303   42.828   1.967 0.000
214.173611 214.187500   703.995   44.727   2.126 0.000
214.263889 214.277778   742.378   47.153   2.171 0.000
214.309028 214.322917   924.635   58.746   2.799 0.000
214.399306 214.413194   986.102   62.641   2.929 0.000
214.444444 214.458333  1053.957   66.952   3.134 0.000
214.534722 214.548611  1126.094   71.535   3.352 0.000
214.579861 214.593750  1194.800   75.871   3.402 0.000
214.895833 214.909722   914.161   58.079   2.759 0.000
214.940972 214.954861   872.786   55.470   2.733 0.000
215.031250 215.045139   866.112   55.065   2.808 0.000
215.076389 215.090278   733.217   46.619   2.395 0.000
215.166667 215.180556   669.851   42.599   2.231 0.000
215.211806 215.225694   638.500   40.611   2.154 0.000
215.302083 215.315972   555.122   35.306   1.863 0.000
215.347222 215.361111   512.371   32.577   1.669 0.000
215.437500 215.451389   624.002   39.673   2.028 0.000
215.482639 215.496528   657.854   41.825   2.137 0.000
215.572917 215.586806   566.613   36.016   1.800 0.000
215.618056 215.631944   591.653   37.597   1.825 0.000
215.708333 215.722222   585.255   37.183   1.768 0.000
215.753472 215.767361   531.011   33.737   1.604 0.000
215.843750 215.857639   561.075   35.630   1.605 0.000
215.888889 215.902778   565.589   35.925   1.662 0.000
215.979167 215.993056   529.904   33.649   1.507 0.000
216.024306 216.038194   535.427   34.009   1.573 0.000
216.114583 216.128472   657.923   41.823   2.106 0.000
216.159722 216.173611   627.764   39.902   1.986 0.000
216.746528 216.760417   516.587   32.856   1.738 0.000
216.791667 216.805556   505.835   32.162   1.651 0.000
216.881944 216.895833   496.340   31.569   1.672 0.000
216.927083 216.940972   497.186   31.612   1.622 0.000
217.017361 217.031250   495.878   31.518   1.568 0.000
217.062500 217.076389   486.547   30.943   1.622 0.000
217.204861 217.218750   509.834   32.427   1.715 0.000
217.295139 217.309028   490.768   31.210   1.633 0.000
217.340278 217.354167   499.238   31.760   1.713 0.000
217.430556 217.444444   530.683   33.772   1.875 0.000
217.475694 217.489583   569.212   36.248   2.115 0.000
217.565972 217.579861   613.812   39.106   2.355 0.000
217.611111 217.625000   643.535   41.001   2.475 0.000
217.701389 217.715278   623.719   39.758   2.478 0.000
217.746528 217.760417   679.010   43.340   2.923 0.000
217.836806 217.850694   689.518   44.011   2.968 0.000
217.881944 217.895833   678.221   43.289   2.914 0.000
217.972222 217.986111   732.775   46.771   3.148 0.000
218.017361 218.031250   721.146   46.028   3.098 0.000
218.107639 218.121528   693.623   44.272   2.980 0.000
218.152778 218.166667   745.305   47.514   2.987 0.000
218.243056 218.256944   742.013   47.305   2.974 0.000
218.288194 218.302083   745.097   47.461   2.822 0.000
218.378472 218.392361   724.562   46.153   2.744 0.000
218.423611 218.437500   712.226   45.371   2.716 0.000
218.513889 218.527778   697.650   44.443   2.660 0.000
218.559028 218.572917   687.042   43.769   2.627 0.000
218.649306 218.663194   703.608   44.824   2.690 0.000
218.694444 218.708333   731.805   46.598   2.701 0.000
218.784722 218.798611   726.942   46.288   2.683 0.000
218.829861 218.843750   703.903   44.831   2.641 0.000
218.920139 218.934028   723.576   46.084   2.714 0.000
218.965278 218.979167   730.390   46.568   2.944 0.000
219.055556 219.069444   712.869   45.451   2.874 0.000
219.100694 219.114583   693.304   44.190   2.741 0.000
219.190972 219.204861   690.924   44.038   2.731 0.000
219.236111 219.250000   704.130   44.872   2.751 0.000
219.326389 219.340278   697.648   44.459   2.726 0.000
219.372222 219.386111   714.889   45.607   2.988 0.000
219.462500 219.476389   684.023   43.638   2.859 0.000
219.507639 219.521528   736.381   47.002   3.170 0.000
219.597917 219.611806   699.464   44.646   3.011 0.000
219.643056 219.656944   714.919   45.701   3.322 0.000
219.733333 219.747222   653.429   41.770   3.036 0.000
219.778472 219.792361   645.987   41.269   2.911 0.000
219.868750 219.882639   679.028   43.379   3.060 0.000
219.913889 219.927778   671.546   42.887   2.976 0.000
220.004167 220.018056   649.954   41.508   2.880 0.000
220.049306 220.063194   665.449   42.504   2.971 0.000
220.139583 220.153472   695.884   44.448   3.107 0.000
220.184722 220.198611   667.927   42.714   3.162 0.000
220.275000 220.288889   694.655   44.423   3.289 0.000
220.320139 220.334028   682.397   43.686   3.383 0.000
220.410417 220.424306   662.769   42.429   3.285 0.000
220.455556 220.469444   664.066   42.504   3.266 0.000
220.545833 220.559722   638.885   40.893   3.143 0.000
220.590972 220.604861   646.748   41.401   3.198 0.000
220.681250 220.695139   669.177   42.837   3.309 0.000
220.726389 220.740278   690.508   44.226   3.491 0.000
220.816667 220.830556   714.540   45.761   3.597 0.000
220.861806 220.875694   721.119   46.209   3.716 0.000
220.952083 220.965972   677.361   43.375   3.395 0.000
220.997222 221.011111   690.098   44.182   3.432 0.000
221.087500 221.101389   693.252   44.349   3.333 0.000
221.132639 221.146528   690.203   44.163   3.347 0.000
221.222917 221.236806   712.246   45.539   3.341 0.000
221.268056 221.281944   789.435   50.488   3.749 0.000
221.358333 221.372222   712.585   45.588   3.435 0.000
221.403472 221.417361   707.008   45.177   3.223 0.000
221.493750 221.507639   766.846   49.128   3.916 0.000
221.538889 221.552778   711.022   45.534   3.575 0.000
221.854861 221.868750   730.301   46.738   3.575 0.000
221.900000 221.913889   727.548   46.602   3.688 0.000
221.990278 222.004167   720.576   46.194   3.775 0.000
222.035417 222.049306   718.446   46.023   3.656 0.000
222.125694 222.139583   717.032   45.967   3.756 0.000
222.170833 222.184722   722.736   46.321   3.750 0.000
222.261111 222.275000   701.911   44.965   3.574 0.000
222.306250 222.320139   694.078   44.440   3.462 0.000
222.396528 222.410417   676.006   43.214   3.142 0.000
222.441667 222.455556   670.280   42.848   3.115 0.000
222.531944 222.545833   655.417   41.902   3.060 0.000
222.577083 222.590972   649.261   41.504   3.019 0.000
222.667361 222.681250   635.467   40.632   2.988 0.000
222.712500 222.726389   634.630   40.579   2.984 0.000
222.802778 222.816667   641.453   40.993   2.939 0.000
222.847917 222.861806   655.027   41.862   3.008 0.000
222.938194 222.952083   731.994   46.758   3.282 0.000
222.983333 222.997222   729.511   46.624   3.355 0.000
223.074306 223.088194   720.920   46.047   3.218 0.000
223.119444 223.133333   736.787   47.091   3.396 0.000
223.706250 223.720139   587.644   37.450   2.302 0.000
223.751389 223.765278   607.809   38.758   2.474 0.000
223.841667 223.855556   598.257   38.094   2.207 0.000
223.886806 223.900694   588.817   37.477   2.106 0.000
223.977083 223.990972   572.260   36.385   1.867 0.000
224.022222 224.036111   580.375   36.977   2.235 0.000
224.164583 224.178472   576.449   36.830   2.612 0.000
224.254861 224.268750   675.420   43.147   3.039 0.000
224.300000 224.313889   692.158   44.280   3.331 0.000
224.390278 224.404167   614.812   39.346   3.006 0.000
224.435417 224.449306   603.185   38.606   2.962 0.000
224.525694 224.539583   611.647   39.174   3.090 0.000
224.570833 224.584722   631.330   40.424   3.154 0.000
224.661111 224.675000   642.859   41.164   3.219 0.000
224.706250 224.720139   646.538   41.397   3.228 0.000
224.796528 224.810417   659.282   42.213   3.291 0.000
224.841667 224.855556   648.461   41.555   3.348 0.000
224.931944 224.945833   654.419   41.937   3.378 0.000
224.977083 224.990972   658.280   42.221   3.511 0.000
225.067361 225.081250   650.742   41.738   3.471 0.000
225.112500 225.126389   656.798   42.176   3.650 0.000
225.202778 225.216667   653.384   41.957   3.631 0.000
225.247917 225.261806   612.261   39.374   3.567 0.000
225.338194 225.352083   658.672   42.359   3.837 0.000
225.383333 225.397222   647.669   41.720   3.957 0.000
225.473611 225.487500   638.049   41.100   3.898 0.000
225.518750 225.532639   640.485   41.206   3.776 0.000
225.609028 225.622917   645.720   41.543   3.807 0.000
225.654167 225.668056   659.816   42.433   3.846 0.000
225.744444 225.758333   701.875   45.138   4.091 0.000
225.789583 225.803472   740.615   47.586   4.195 0.000
225.879861 225.893750 99999.999 9999.999 999.999 0.999
225.925000 225.938889 99999.999 9999.999 999.999 0.999
226.015278 226.029167 99999.999 9999.999 999.999 0.999
226.060417 226.074306   693.369   44.441   3.605 0.000
226.150694 226.164583   667.126   42.759   3.469 0.000
226.195833 226.209722 99999.999 9999.999 999.999 0.999
226.286111 226.300000 99999.999 9999.999 999.999 0.999
226.331250 226.345139 99999.999 9999.999 999.999 0.999
226.421528 226.435417   581.192   36.981   2.029 0.000
226.466667 226.480556   538.392   34.256   1.870 0.000
226.556944 226.570833   555.333   35.334   1.929 0.000
226.602083 226.615972   569.817   36.261   2.004 0.000
226.692361 226.706250   585.854   37.281   2.061 0.000
226.737500 226.751389   581.294   36.978   1.985 0.000
226.827778 226.841667   606.795   38.600   2.072 0.000
226.872917 226.886806   589.328   37.469   1.918 0.000
226.963194 226.977083   639.191   40.640   2.081 0.000
227.008333 227.022222   630.083   40.085   2.169 0.000
227.098611 227.112500   626.975   39.888   2.158 0.000
227.143750 227.157639   706.128   44.907   2.356 0.000
227.234028 227.247917   700.248   44.533   2.336 0.000
227.279167 227.293056   703.815   44.743   2.265 0.000
227.369444 227.383333   598.684   38.060   1.926 0.000
227.414583 227.428472   618.717   39.319   1.919 0.000
227.504861 227.518750   609.672   38.744   1.891 0.000
227.550000 227.563889   665.249   42.282   2.097 0.000
227.640278 227.654167   681.202   43.296   2.147 0.000
227.685417 227.699306   739.010   46.958   2.266 0.000
227.775694 227.789583   705.928   44.856   2.164 0.000
227.820833 227.834722   727.290   46.192   2.114 0.000
227.911111 227.925000   654.838   41.580   1.845 0.000
227.956250 227.970139   646.044   41.008   1.741 0.000
228.046528 228.060417   628.074   39.876   1.747 0.000
228.091667 228.105556   642.545   40.777   1.683 0.000
228.182639 228.196528   641.768   40.724   1.656 0.000
228.227778 228.241667   653.779   41.496   1.745 0.000
228.318056 228.331944   691.483   43.889   1.846 0.000
228.363194 228.377083   672.180   42.639   1.641 0.000
228.453472 228.467361   623.979   39.626   1.788 0.000
228.498611 228.512500   622.657   39.550   1.831 0.000
228.588889 228.602778   656.487   41.761   2.243 0.000
228.634028 228.647917   685.995   43.630   2.304 0.000
228.950000 228.963889   678.576   43.273   2.769 0.000
228.995139 229.009028   672.572   42.938   2.925 0.000
229.085417 229.099306   663.589   42.357   2.860 0.000
229.130556 229.144444   713.102   45.786   3.945 0.000
229.220833 229.234722   697.657   44.841   3.993 0.000
229.265972 229.279861   696.944   44.845   4.128 0.000
229.356250 229.370139   695.449   44.746   4.110 0.000
229.401389 229.415278   708.775   45.603   4.189 0.000
229.491667 229.505556   753.379   48.516   4.569 0.000
229.536806 229.550694   753.583   48.586   4.719 0.000
229.627083 229.640972   739.354   47.716   4.751 0.000
229.672222 229.686111   721.016   46.533   4.633 0.000
229.762500 229.776389   733.659   47.384   4.803 0.000
229.807639 229.821528   712.279   46.004   4.663 0.000
229.897917 229.911806   658.149   42.512   4.319 0.000
229.943056 229.956944   637.618   41.240   4.316 0.000
230.033333 230.047222   618.068   39.974   4.179 0.000
230.078472 230.092361   604.093   39.110   4.180 0.000
230.665278 230.679167   746.590   48.645   5.847 0.000
230.710417 230.724306   751.695   49.149   6.234 0.000
230.800694 230.814583   772.293   50.531   6.473 0.000
230.845833 230.859722   811.043   53.028   6.722 0.000
230.936111 230.950000   792.538   51.868   6.667 0.000
230.981250 230.995139   760.991   49.703   6.203 0.000
231.071528 231.085417   728.504   47.625   6.026 0.000
231.116667 231.130556   720.550   47.122   5.993 0.000
231.259028 231.272917   810.482   52.733   6.189 0.000
231.349306 231.363194   735.886   47.881   5.624 0.000
231.394444 231.408333   752.732   49.016   5.835 0.000
231.484722 231.498611   737.977   48.112   5.837 0.000
231.529861 231.543750   752.407   48.958   5.754 0.000
231.620139 231.634028   755.787   49.137   5.692 0.000
231.665278 231.679167   743.808   48.311   5.499 0.000
231.755556 231.769444   742.574   48.231   5.490 0.000
231.800694 231.814583   845.906   54.887   6.132 0.000
231.890972 231.904861  1065.600   69.142   7.724 0.000
231.936111 231.950000  1002.010   65.020   7.271 0.000
232.026389 232.040278  1122.347   72.828   8.144 0.000
232.071528 232.085417  1092.979   71.103   8.326 0.000
232.161806 232.175694   763.909   49.696   5.819 0.000
232.206944 232.220833   769.928   49.788   5.189 0.000
232.297222 232.311111   719.719   46.541   4.850 0.000
232.342361 232.356250   837.253   54.331   6.081 0.000
232.432639 232.446528   556.297   36.100   4.041 0.000
232.477778 232.491667   524.018   33.993   3.780 0.000
232.568056 232.581944   624.012   40.480   4.502 0.000
232.613194 232.627083   901.682   58.432   6.368 0.000
232.703472 232.717361   858.072   55.606   6.060 0.000
232.748611 232.762500   827.317   53.345   5.192 0.000
232.838889 232.852778   874.422   56.382   5.488 0.000
232.884028 232.897917   915.248   59.057   5.854 0.000
232.974306 232.988194   920.792   59.415   5.889 0.000
233.019444 233.033333  1072.131   69.238   7.000 0.000
233.109722 233.123611  1139.737   73.604   7.441 0.000
233.154861 233.168750  1089.340   70.140   6.577 0.000
233.245139 233.259028   939.970   60.523   5.675 0.000
233.290278 233.304167   922.005   59.468   5.833 0.000
233.380556 233.394444   969.320   62.520   6.133 0.000
233.425694 233.439583  1024.402   66.091   6.528 0.000
233.515972 233.529861   866.682   55.916   5.523 0.000
233.561111 233.575000   712.810   46.188   5.024 0.000
233.651389 233.665278   674.118   43.681   4.752 0.000
233.696528 233.710417   723.405   46.963   5.297 0.000
233.786806 233.800694   701.962   45.571   5.140 0.000
233.831944 233.845833   496.195   32.226   3.662 0.000
233.922222 233.936111   419.772   27.262   3.098 0.000
233.967361 233.981250   449.202   29.201   3.375 0.000
