data/obs/c2h6/WDCGG/event/CH0001G.20140101014600.20170425145159.online_gc.ethane.air.50w.2h.CH01L_Agilent_GC-MS-MEDUSA_Medusa-12_JFJ.CH01L_VOC_AIR_MEDUSA-12.lev2.nas
68 1001
Hill, Matz; Reimann, Stefan
CH01L, Swiss Federal Laboratories for Materials Science and Technology, EMPA, Section Air Pollution, Überlandstrasse 133, , 8600, Dübendorf, Switzerland
Hill, Matz
ACTRIS EMEP GAW-WDCGG-node GAW-WDCRG
1 1
2014 01 01 2017 04 25
0
days from file reference point
5
1 1 1 1 1
999.999999 99999.999 9999.999 999.999 9.999
end_time of measurement, days from the file reference point
ethane, pmol/mol, Statistics=arithmetic mean, Detection limit=1.1 pmol/mol
ethane, pmol/mol, Statistics=expanded uncertainty 2sigma
ethane, pmol/mol, Statistics=precision
numflag, no unit
0
49
Data definition:              EBAS_1.1
Set type code:                TI
Timezone:                     UTC
File name:                    CH0001G.20140101014600.20170425145159.online_gc.ethane.air.50w.2h.CH01L_Agilent_GC-MS-MEDUSA_Medusa-12_JFJ.CH01L_VOC_AIR_MEDUSA-12.lev2.nas
File creation:                20190306184544
Startdate:                    20140101014600
Revision date:                20170425145159
Version:                      3
Version description:          second revision, manually inspected
Data level:                   2
Period code:                  50w
Resolution code:              2h
Sample duration:              20mn
Orig. time res.:              2h
Station code:                 CH0001G
Platform code:                CH0001S
Station name:                 Jungfraujoch
Station GAW-ID:               JFJ
Station latitude:             46.5475
Station longitude:            7.985
Station altitude:             3578.0m
Measurement height:           4.0m
Regime:                       IMG
Component:                    ethane
Unit:                         pmol/mol
Matrix:                       air
Instrument type:              online_gc
Laboratory code:              CH01L
Instrument name:              Agilent_GC-MS-MEDUSA_Medusa-12_JFJ
Instrument manufacturer:      AGAGE+Agilent+Agilent
Instrument model:             MEDUSA+6890N+5975B
Instrument serial number:     Medusa-12
Method ref:                   CH01L_VOC_AIR_MEDUSA-12
Standard method:              None
Calibration scale:            SIO-p
Inlet type:                   Hat or hood
Inlet description:            above the roof
Volume std. temperature:      273.15 K
Volume std. pressure:         1013.25 hPa
Detection limit expl.:        Determined by instrument counting statistics, no detection limit flag used
Measurement uncertainty expl.: Includes reproducibility (precision) + systematic errors (accuracy)
Zero/negative values code:    Zero/negative impossible
Zero/negative values:         Zero and neg. values do not appear because data was processed and zero/neg data taken out
Originator:                   Hill, Matz, matthias.hill@empa.ch, Swiss Federal Laboratories for Materials Science and Technology, Empa, Air Pollution/Environmental Technology, Ueberlandstrasse 129, , CH-8600, Duebendorf, Switzerland
Originator:                   Reimann, Stefan, , , , , , , , , 
Submitter:                    Hill, Matz, matthias.hill@empa.ch, Swiss Federal Laboratories for Materials Science and Technology, Empa, Air Pollution/Environmental Technology, Ueberlandstrasse 129, , CH-8600, Duebendorf, Switzerland
Acknowledgement:              Request acknowledgement details from data originator
Comment:                      "No SOP currently available, MEDUSA. Sample volume: 2L, trap at -170degC, trap material Hayesep D, Nafion dryer, no O3 removal, 2-hourly calibration interval"
starttime endtime C2H6 C2H6 C2H6 flag
[from data line 873]
 64.354167  64.368056  1662.797  105.788   5.733 0.000
 64.437500  64.451389  1624.626  103.364   5.623 0.000
 64.479167  64.493056  1677.555  106.652   5.427 0.000
 64.562500  64.576389  1793.403  113.997   5.703 0.000
 64.604167  64.618056  1867.904  118.680   5.672 0.000
 64.687500  64.701389  1967.676  124.992   5.833 0.000
 64.729167  64.743056  1965.965  124.920   6.017 0.000
 64.812500  64.826389  1909.007  121.277   5.721 0.000
 64.854167  64.868056  1796.978  114.179   5.482 0.000
 64.937500  64.951389  1929.444  122.569   5.748 0.000
 64.979167  64.993056  1938.496  123.144   5.775 0.000
 65.062500  65.076389  2020.446  128.350   6.019 0.000
 65.104167  65.118056  2028.172  128.841   6.042 0.000
 65.187500  65.201389  1995.993  126.752   5.706 0.000
 65.229167  65.243056  1908.374  121.188   5.455 0.000
 65.312500  65.326389  1813.078  115.036   4.590 0.000
 65.354167  65.368056  1818.101  115.333   4.462 0.000
 65.437500  65.451389  1561.548   99.042   3.727 0.000
 65.479167  65.493056  1732.584  109.890   4.136 0.000
 65.562500  65.576389  1821.660  115.580   4.610 0.000
 65.604167  65.618056  1779.280  112.909   4.614 0.000
 65.687500  65.701389  1657.051  105.167   4.385 0.000
 65.729167  65.743056  1624.836  103.126   4.321 0.000
 65.812500  65.826389  1587.217  100.731   4.177 0.000
 65.854167  65.868056  1476.374   93.697   3.885 0.000
 65.937500  65.951389  1652.088  104.873   4.493 0.000
 65.979167  65.993056  1751.167  111.162   4.763 0.000
 66.062500  66.076389  1793.815  113.824   4.605 0.000
 66.104167  66.118056  1414.936   89.783   3.632 0.000
 66.645833  66.659722  1901.219  120.691   5.192 0.000
 66.687500  66.701389  1858.157  117.959   5.081 0.000
 66.770833  66.784722  1805.990  114.647   4.938 0.000
 66.854167  66.868056  1790.237  113.639   4.846 0.000
 66.895833  66.909722  1815.391  115.235   4.914 0.000
 66.979167  66.993056  1801.493  114.339   4.792 0.000
 67.020833  67.034722  1777.302  112.803   4.728 0.000
 67.145833  67.159722 99999.999 9999.999 999.999 0.999
 67.229167  67.243056  1803.746  114.477   4.771 0.000
 67.270833  67.284722  1810.462  114.904   4.789 0.000
 67.354167  67.368056  1871.023  118.709   4.712 0.000
 67.395833  67.409722  1862.153  118.165   4.810 0.000
 67.479167  67.493056  1745.723  110.780   4.530 0.000
 67.520833  67.534722  1812.021  114.987   4.702 0.000
 67.604167  67.618056  1770.610  112.351   4.542 0.000
 67.645833  67.659722  1629.367  103.361   4.004 0.000
 67.729167  67.743056  1520.350   96.457   3.811 0.000
 67.770833  67.784722  1470.713   93.308   3.686 0.000
 67.854167  67.868056  1325.406   84.063   3.155 0.000
 67.895833  67.909722  1343.405   85.205   3.198 0.000
 67.979167  67.993056  1414.669   89.700   3.196 0.000
 68.020833  68.034722  1486.082   94.228   3.358 0.000
 68.104167  68.118056  1371.476   86.960   3.094 0.000
 68.145833  68.159722  1429.614   90.647   3.226 0.000
 68.229167  68.243056  1422.750   90.231   3.346 0.000
 68.270833  68.284722  1397.220   88.612   3.286 0.000
 68.354167  68.368056  1384.919   87.779   2.875 0.000
 68.395833  68.409722  1404.746   89.035   2.917 0.000
 68.479167  68.493056  1162.572   73.682   2.383 0.000
 68.520833  68.534722  1044.611   66.206   2.141 0.000
 68.604167  68.618056  1465.990   92.940   3.211 0.000
 68.645833  68.659722  1505.732   95.459   3.298 0.000
 68.729167  68.743056  1747.724  110.793   3.772 0.000
 68.770833  68.784722  1739.161  110.250   3.754 0.000
 68.854167  68.868056  1696.370  107.556   3.793 0.000
 68.895833  68.909722  1735.834  110.058   3.881 0.000
 68.979167  68.993056  1567.575   99.394   3.539 0.000
 69.020833  69.034722  1523.485   96.599   3.439 0.000
 69.104167  69.118056  1501.710   95.227   3.454 0.000
 69.145833  69.159722  1540.120   97.663   3.542 0.000
 69.229167  69.243056  1476.693   93.642   3.407 0.000
 69.270833  69.284722  1392.927   88.331   3.213 0.000
 69.354167  69.368056  1384.540   87.795   3.171 0.000
 69.395833  69.409722  1306.565   82.851   2.992 0.000
 69.479167  69.493056  1369.434   86.826   3.058 0.000
 69.520833  69.534722  1373.912   87.110   3.068 0.000
 69.604167  69.618056  1463.040   92.747   3.168 0.000
 69.645833  69.659722  1504.987   95.407   3.259 0.000
 69.729167  69.743056  1450.965   91.965   3.012 0.000
 69.770833  69.784722  1440.843   91.323   2.991 0.000
 69.854167  69.868056  1383.453   87.695   2.947 0.000
 69.895833  69.909722  1375.898   87.217   2.930 0.000
 69.979167  69.993056  1364.608   86.516   3.015 0.000
 70.020833  70.034722  1342.240   85.098   2.966 0.000
 70.104167  70.118056  1320.803   83.755   3.035 0.000
 70.145833  70.159722  1103.740   70.014   2.691 0.000
 70.229167  70.243056   779.650   49.445   1.832 0.000
 70.270833  70.284722   753.597   47.785   1.713 0.000
 70.354167  70.368056   697.046   44.202   1.606 0.000
 70.395833  70.409722   700.459   44.438   1.741 0.000
 70.479167  70.493056   696.383   44.182   1.749 0.000
 70.520833  70.534722   692.826   43.963   1.782 0.000
 70.604167  70.618056   661.781   41.986   1.661 0.000
 70.645833  70.659722   673.564   42.724   1.625 0.000
 70.937500  70.951389 99999.999 9999.999 999.999 0.999
 70.979167  70.993056 99999.999 9999.999 999.999 0.999
 71.062500  71.076389  1341.880   85.228   3.912 0.000
 71.104167  71.118056  1439.401   91.415   4.158 0.000
 71.187500  71.201389  1528.063   97.102   4.714 0.000
 71.229167  71.243056  1586.341  100.839   5.063 0.000
 71.312500  71.326389  1511.763   96.063   4.648 0.000
 71.354167  71.368056  1429.113   90.828   4.477 0.000
 71.437500  71.451389  1379.771   87.662   4.168 0.000
 71.479167  71.493056  1354.790   86.092   4.183 0.000
 71.562500  71.576389  1287.854   81.810   3.829 0.000
 71.604167  71.618056  1299.193   82.553   3.982 0.000
 71.687500  71.701389  1137.953   72.283   3.358 0.000
 71.729167  71.743056  1146.881   72.864   3.458 0.000
 71.812500  71.826389  1133.014   71.964   3.314 0.000
 71.854167  71.868056  1144.897   72.719   3.349 0.000
 71.937500  71.951389  1291.226   81.996   3.683 0.000
 71.979167  71.993056  2194.404  139.350   6.259 0.000
 72.062500  72.076389  2057.286  130.618   5.730 0.000
 72.104167  72.118056  2116.311  134.365   5.894 0.000
 72.187500  72.201389  1275.013   80.911   3.313 0.000
 72.229167  72.243056  1063.864   67.511   2.765 0.000
 72.312500  72.326389  1039.964   65.994   2.695 0.000
 72.354167  72.368056  1021.214   64.791   2.566 0.000
 72.437500  72.451389  1011.697   64.181   2.503 0.000
 72.479167  72.493056  1395.423   88.524   3.452 0.000
 72.562500  72.576389  2103.454  133.605   6.167 0.000
 72.604167  72.618056  1819.453  115.566   5.334 0.000
 72.687500  72.701389  1771.252  112.618   5.775 0.000
 72.729167  72.743056  1519.397   96.604   4.954 0.000
 72.812500  72.826389   975.544   62.027   3.184 0.000
 72.854167  72.868056  1004.698   63.880   3.279 0.000
 72.937500  72.951389  1047.157   66.500   3.005 0.000
 72.979167  72.993056   998.838   63.432   2.866 0.000
 73.062500  73.076389  1092.829   69.404   3.157 0.000
 73.104167  73.118056  1140.941   72.460   3.295 0.000
 73.646528  73.660417  2629.784  167.312   9.084 0.000
 73.688194  73.702083  2121.437  134.970   7.328 0.000
 73.771528  73.785417  2126.089  135.272   7.375 0.000
 73.813194  73.827083  2243.017  142.712   7.780 0.000
 73.896528  73.910417  2313.625  147.192   7.967 0.000
 73.938194  73.952083  2329.582  148.207   8.022 0.000
 74.021528  74.035417  2085.769  132.689   7.154 0.000
 74.063194  74.077083  1911.794  121.622   6.557 0.000
 74.188194  74.202083 99999.999 9999.999 999.999 0.999
 74.271528  74.285417  1382.751   87.966   4.743 0.000
 74.313194  74.327083  1350.845   85.936   4.634 0.000
 74.396528  74.410417  1365.606   86.875   4.682 0.000
 74.438194  74.452083  1331.894   84.724   4.539 0.000
 74.521528  74.535417  1230.054   78.225   4.093 0.000
 74.563194  74.577083  1284.709   81.600   3.761 0.000
 74.646528  74.660417  1279.572   81.224   3.469 0.000
 74.688194  74.702083  1500.053   95.220   4.067 0.000
 74.771528  74.785417  1194.368   75.875   3.571 0.000
 74.813194  74.827083  1631.263  103.630   4.877 0.000
 74.896528  74.910417  2550.214  162.061   7.895 0.000
 74.938194  74.952083  4355.234  276.766  13.483 0.000
 75.021528  75.035417  3386.924  215.249  10.573 0.000
 75.063194  75.077083  2500.283  158.900   7.805 0.000
 75.146528  75.160417  4695.671  298.671  15.869 0.000
 75.188194  75.202083  1961.823  124.783   6.630 0.000
 75.271528  75.285417  3663.918  233.034  12.326 0.000
 75.313194  75.327083  2557.704  162.676   8.604 0.000
 75.396528  75.410417  2652.972  168.607   8.297 0.000
 75.438194  75.452083  3947.502  250.880  12.345 0.000
 75.521528  75.535417  4767.801  302.901  14.328 0.000
 75.563194  75.577083  4626.981  293.954  13.905 0.000
 75.646528  75.660417  4985.947  316.617  14.209 0.000
 75.688194  75.702083  4351.587  276.334  12.402 0.000
 75.771528  75.785417  3764.867  239.058  10.626 0.000
 75.813194  75.827083  3590.555  227.989  10.134 0.000
 75.896528  75.910417  3036.644  192.817   8.567 0.000
 75.938194  75.952083  3102.768  197.016   8.753 0.000
 76.021528  76.035417  3990.489  253.590  12.370 0.000
 76.063194  76.077083  3737.287  237.500  11.585 0.000
 76.146528  76.160417  2808.036  178.497   8.957 0.000
 76.188194  76.202083  3363.074  213.779  10.727 0.000
 76.271528  76.285417  3494.428  222.136  11.181 0.000
 76.313194  76.327083  3923.766  249.428  12.555 0.000
 76.396528  76.410417  3869.979  246.011  12.392 0.000
 76.438194  76.452083  3208.833  203.982  10.275 0.000
 76.521528  76.535417  2260.872  143.753   7.395 0.000
 76.563194  76.577083  1723.280  109.571   5.637 0.000
 76.646528  76.660417  1772.812  112.709   5.743 0.000
 76.688194  76.702083  2128.560  135.326   6.895 0.000
 76.771528  76.785417  2097.393  133.248   6.299 0.000
 76.813194  76.827083  2072.603  131.673   6.225 0.000
 76.896528  76.910417  2389.258  151.781   7.127 0.000
 76.938194  76.952083  2633.022  167.266   7.855 0.000
 77.021528  77.035417  2339.246  148.629   7.109 0.000
 77.063194  77.077083  2043.174  129.817   6.210 0.000
 77.146528  77.160417  2030.900  128.747   4.404 0.000
 77.188194  77.202083  2000.305  126.807   4.337 0.000
 77.271528  77.285417  1747.201  110.765   3.806 0.000
 77.313194  77.327083  1787.610  113.326   3.894 0.000
 77.396528  77.410417  1762.187  111.750   4.088 0.000
 77.438194  77.452083  1822.434  115.571   4.228 0.000
 77.521528  77.535417 99999.999 9999.999 999.999 0.999
 77.563194  77.577083 99999.999 9999.999 999.999 0.999
 77.854861  77.868750 99999.999 9999.999 999.999 0.999
 77.896528  77.910417 99999.999 9999.999 999.999 0.999
 77.979861  77.993750 99999.999 9999.999 999.999 0.999
 78.021528  78.035417 99999.999 9999.999 999.999 0.999
 78.104861  78.118750 99999.999 9999.999 999.999 0.999
 78.146528  78.160417 99999.999 9999.999 999.999 0.999
 78.229861  78.243750 99999.999 9999.999 999.999 0.999
 78.271528  78.285417 99999.999 9999.999 999.999 0.999
 78.354861  78.368750 99999.999 9999.999 999.999 0.999
 78.396528  78.410417 99999.999 9999.999 999.999 0.999
 78.479861  78.493750 99999.999 9999.999 999.999 0.999
 78.521528  78.535417 99999.999 9999.999 999.999 0.999
 78.604861  78.618750 99999.999 9999.999 999.999 0.999
 78.646528  78.660417 99999.999 9999.999 999.999 0.999
 78.729861  78.743750 99999.999 9999.999 999.999 0.999
 81.581250  81.595139 99999.999 9999.999 999.999 0.999
 81.664583  81.678472 99999.999 9999.999 999.999 0.999
 81.706250  81.720139 99999.999 9999.999 999.999 0.999
 81.789583  81.803472 99999.999 9999.999 999.999 0.999
 81.831250  81.845139 99999.999 9999.999 999.999 0.999
 81.914583  81.928472 99999.999 9999.999 999.999 0.999
 81.956250  81.970139 99999.999 9999.999 999.999 0.999
 82.039583  82.053472  2352.014  149.048   4.675 0.000
 82.081250  82.095139  2364.672  149.850   4.700 0.000
 82.164583  82.178472  2371.181  150.227   4.418 0.000
 82.206250  82.220139  2374.087  150.411   4.424 0.000
 82.289583  82.303472  2370.605  150.162   4.166 0.000
 82.331250  82.345139  2384.408  151.036   4.190 0.000
 82.414583  82.428472  2364.688  149.767   3.974 0.000
 82.456250  82.470139  2384.080  150.995   4.007 0.000
 82.539583  82.553472  2375.035  150.408   3.851 0.000
 82.581250  82.595139  2376.909  150.526   3.854 0.000
 82.664583  82.678472  2368.645  149.987   3.677 0.000
 82.706250  82.720139  2386.506  151.118   3.705 0.000
 82.789583  82.803472  2378.423  150.597   3.602 0.000
 82.831250  82.845139  2377.380  150.531   3.600 0.000
 82.914583  82.928472  2255.822  142.824   3.310 0.000
 82.956250  82.970139  2322.564  147.050   3.408 0.000
 83.039583  83.053472  2337.845  148.018   3.435 0.000
 83.081250  83.095139  2245.393  142.164   3.299 0.000
 83.164583  83.178472  2207.895  139.802   3.372 0.000
 83.206250  83.220139  1935.283  122.541   2.955 0.000
 83.289583  83.303472  1896.895  120.173   3.488 0.000
 83.331250  83.345139  1981.876  125.557   3.645 0.000
 83.414583  83.428472  2174.018  137.731   4.015 0.000
 83.456250  83.470139  2120.255  134.325   3.916 0.000
 83.539583  83.553472  2126.777  134.683   3.420 0.000
 83.581250  83.595139  1953.878  123.734   3.142 0.000
 83.664583  83.678472  1961.258  124.209   3.226 0.000
 83.706250  83.720139  1960.366  124.152   3.225 0.000
 83.789583  83.803472  1966.658  124.541   3.145 0.000
 83.831250  83.845139  1998.067  126.530   3.195 0.000
 83.914583  83.928472  2108.919  133.541   3.282 0.000
 83.956250  83.970139  2190.730  138.722   3.409 0.000
 84.039583  84.053472  2173.439  137.635   3.469 0.000
 84.081250  84.095139  2380.754  150.756   3.718 0.000
 84.164583  84.178472  2532.657  160.388   4.090 0.000
 84.206250  84.220139  2586.044  163.765   4.139 0.000
 84.289583  84.303472  2567.139  162.585   4.274 0.000
 84.331250  84.345139  2587.455  163.855   4.149 0.000
 84.414583  84.428472  2444.577  154.817   4.011 0.000
 84.456250  84.470139  2400.977  152.042   3.804 0.000
 84.539583  84.553472  2332.405  147.715   3.854 0.000
 84.581250  84.595139  2339.447  148.157   3.825 0.000
 84.872917  84.886806 99999.999 9999.999 999.999 0.999
 84.914583  84.928472 99999.999 9999.999 999.999 0.999
 84.997917  85.011806  2349.522  148.797   3.861 0.000
 85.039583  85.053472  2364.654  149.763   3.959 0.000
 85.122917  85.136806  2299.310  145.613   3.739 0.000
 85.164583  85.178472  2322.284  147.054   3.631 0.000
 85.247917  85.261806  2217.299  140.394   3.348 0.000
 85.289583  85.303472  2244.595  142.039   2.353 0.000
 85.372917  85.386806  2198.125  139.092   2.206 0.000
 85.414583  85.428472  2226.519  140.887   2.211 0.000
 85.497917  85.511806  2223.871  140.716   2.153 0.000
 85.539583  85.553472  2257.385  142.829   2.059 0.000
 85.622917  85.636806  2317.579  146.662   2.503 0.000
 85.664583  85.678472  2343.950  148.331   2.531 0.000
 85.747917  85.761806  2310.078  146.186   2.473 0.000
 85.789583  85.803472  2336.594  147.864   2.501 0.000
 85.872917  85.886806  2310.798  146.226   2.386 0.000
 85.914583  85.928472  2304.293  145.814   2.380 0.000
 85.997917  86.011806  2306.540  145.974   2.635 0.000
 86.039583  86.053472  2302.400  145.712   2.630 0.000
 86.122917  86.136806  2315.164  146.531   2.796 0.000
 86.164583  86.178472  2328.432  147.370   2.812 0.000
 86.247917  86.261806  2302.280  145.730   2.963 0.000
 86.289583  86.303472  2305.645  145.943   2.968 0.000
 86.372917  86.386806  2275.569  144.053   3.094 0.000
 86.414583  86.428472  2314.407  146.503   3.049 0.000
 86.497917  86.511806  2296.099  145.349   3.085 0.000
 86.539583  86.553472  2299.560  145.568   3.090 0.000
 86.622917  86.636806  2297.436  145.434   3.087 0.000
 86.664583  86.678472  2300.502  145.622   3.026 0.000
 86.747917  86.761806  2295.524  145.313   3.092 0.000
 86.789583  86.803472  2113.979  133.820   2.832 0.000
 86.872917  86.886806  1925.281  121.878   2.613 0.000
 86.914583  86.928472  1896.112  120.025   2.502 0.000
