data/obs/c2h6/WDCGG/event/CH0005R.20110101001000.20160915102628.online_gc.ethane.air.1y.2h.CH01L_Agilent_ADS-GC-FID_cn10450060_RIG.CH01L_ADS_GC_FID_VOCAIR_RIGI.lev2.nas
67 1001
Hill, Matz; Reimann, Stefan
CH01L, Swiss Federal Laboratories for Materials Science and Technology, EMPA, Section Air Pollution, Überlandstrasse 133, , 8600, Dübendorf, Switzerland
Hill, Matz
ACTRIS EMEP GAW-WDCRG
1 1
2011 01 01 2016 09 15
0
days from file reference point
5
1 1 1 1 1
999.999999 99999 9999 999 9.999
end_time of measurement, days from the file reference point
ethane, pmol/mol, Statistics=arithmetic mean, Data level=, Standard method=, Calibration scale=, Inlet type=, Detection limit=9.0 pmol/mol
ethane, pmol/mol, Revision date=20150330000000, Statistics=expanded uncertainty 2sigma
ethane, pmol/mol, Revision date=20150330000000, Statistics=precision
numflag, no unit
0
48
Data definition:              EBAS_1.1
Set type code:                TI
Timezone:                     UTC
File name:                    CH0005R.20110101001000.20160915102628.online_gc.ethane.air.1y.2h.CH01L_Agilent_ADS-GC-FID_cn10450060_RIG.CH01L_ADS_GC_FID_VOCAIR_RIGI.lev2.nas
File creation:                20190306184552
Startdate:                    20110101001000
Revision date:                20160915102628
Version:                      2
Version description:          initial revision, manually inspected, removed all data for butenes and pentenes
Data level:                   2
Period code:                  1y
Resolution code:              2h
Sample duration:              40mn
Station code:                 CH0005R
Platform code:                CH0005S
Station name:                 Rigi
Station GAW-ID:               RIG
Station latitude:             47.0675
Station longitude:            8.463889
Station altitude:             1031.0m
Measurement height:           3.0m
Regime:                       IMG
Component:                    ethane
Unit:                         pmol/mol
Matrix:                       air
Instrument type:              online_gc
Laboratory code:              CH01L
Instrument name:              Agilent_ADS-GC-FID_cn10450060_RIG
Instrument manufacturer:      Agilent
Instrument model:             6890GC/FID
Instrument serial number:     cn10450060
Method ref:                   CH01L_ADS_GC_FID_VOCAIR_RIGI
Standard method:              None
Calibration scale:            NPL
Inlet type:                   Hat or hood
Inlet description:            ambient air is brought into the cabin through a main inlet line at a flow rate of 300 lpm. From the main inlet line short stainless steel tubes are used to bring the air samples to the instruments.
Volume std. temperature:      273.15 K
Volume std. pressure:         1013.25 hPa
Detection limit expl.:        Determined by instrument counting statistics, no detection limit flag used
Measurement uncertainty expl.: Includes reproducibility (precision) + systematic errors (accuracy)
Zero/negative values code:    Zero/negative impossible
Zero/negative values:         Zero and neg. values don't appear because data was processed and zero/neg data taken out
Originator:                   Hill, Matz, matthias.hill@empa.ch, Swiss Federal Laboratories for Materials Science and Technology, Empa, Air Pollution/Environmental Technology, Ueberlandstrasse 129, , CH-8600, Duebendorf, Switzerland
Originator:                   Reimann, Stefan, , , , , , , , , 
Submitter:                    Hill, Matz, matthias.hill@empa.ch, Swiss Federal Laboratories for Materials Science and Technology, Empa, Air Pollution/Environmental Technology, Ueberlandstrasse 129, , CH-8600, Duebendorf, Switzerland
Acknowledgement:              Request acknowledgement details from data originator
Comment:                      "No SOP currently available, o3 not removed, nafion dryer, Calibration interval:1/two weeks"
starttime endtime C2H6 C2H6 C2H6 flag
[from data line 373]
 31.583333  31.611111  3154   73  18 0.000
 31.666667  31.694444  3094   72  18 0.000
 31.750000  31.777778  3027   70  18 0.000
 31.833333  31.861111  3027   70  18 0.000
 31.916667  31.944444  2898   67  17 0.000
 32.000000  32.027778  2939   68  17 0.000
 32.083333  32.111111  2992   69  18 0.000
 32.166667  32.194444  2854   66  17 0.000
 32.250000  32.277778  2752   64  16 0.000
 32.333333  32.361111  2921   68  17 0.000
 32.416667  32.444444  2831   66  17 0.000
 32.500000  32.527778  2807   65  17 0.000
 32.583333  32.611111  2814   65  17 0.000
 32.666667  32.694444  2240   53  14 0.000
 32.750000  32.777778  2542   59  15 0.000
 32.833333  32.861111  2197   52  14 0.000
 32.916667  32.944444  1695   41  11 0.000
 33.000000  33.027778  1635   39  11 0.000
 33.083333  33.111111  1629   39  11 0.000
 33.166667  33.194444  1660   40  11 0.000
 33.250000  33.277778  1583   38  11 0.000
 33.333333  33.361111  1594   38  11 0.000
 33.416667  33.444444  1563   38  11 0.000
 33.500000  33.527778  1542   37  11 0.000
 33.583333  33.611111  1624   39  11 0.000
 33.666667  33.694444  1716   41  11 0.000
 33.750000  33.777778  1773   42  12 0.000
 33.833333  33.861111  1647   40  11 0.000
 33.916667  33.944444  1647   40  11 0.000
 34.000000  34.027778  1629   39  11 0.000
 34.083333  34.111111  1623   39  11 0.000
 34.166667  34.194444  1644   40  11 0.000
 34.250000  34.277778  1713   41  11 0.000
 34.333333  34.361111  1752   42  12 0.000
 34.416667  34.444444  1709   41  11 0.000
 34.500000  34.527778  1835   44  12 0.000
 34.583333  34.611111  2023   48  13 0.000
 34.666667  34.694444  2322   55  14 0.000
 34.750000  34.777778  2322   55  14 0.000
 34.833333  34.861111  2308   54  14 0.000
 34.916667  34.944444  2252   53  14 0.000
 35.000000  35.027778  2144   51  13 0.000
 35.083333  35.111111  2201   52  14 0.000
 35.166667  35.194444  2162   51  14 0.000
 35.250000  35.277778  2150   51  13 0.000
 35.333333  35.361111  2165   51  14 0.000
 35.416667  35.444444  2128   50  13 0.000
 35.500000  35.527778  2131   50  13 0.000
 35.583333  35.611111  2235   53  14 0.000
 35.666667  35.694444  2179   51  14 0.000
 35.750000  35.777778  1563   38  11 0.000
 35.833333  35.861111  1394   34  10 0.000
 35.916667  35.944444  1250   31   9 0.000
 36.000000  36.027778  1221   30   9 0.000
 36.083333  36.111111  1184   29   9 0.000
 36.166667  36.194444  1173   29   9 0.000
 36.250000  36.277778  1157   29   9 0.000
 36.333333  36.361111  1162   29   9 0.000
 36.416667  36.444444  1143   29   9 0.000
 36.500000  36.527778  1127   28   8 0.000
 36.583333  36.611111  1118   28   8 0.000
 36.666667  36.694444  1089   27   8 0.000
 36.750000  36.777778  1134   28   9 0.000
 36.833333  36.861111  1087   27   8 0.000
 36.916667  36.944444  1137   28   9 0.000
 37.000000  37.027778  1157   29   9 0.000
 37.083333  37.111111  1284   32   9 0.000
 37.166667  37.194444  1385   34  10 0.000
 37.250000  37.277778  1356   33  10 0.000
 37.333333  37.361111  1508   37  10 0.000
 37.416667  37.444444  1642   40  11 0.000
 37.500000  37.527778  1651   40  11 0.000
 37.583333  37.611111  1665   40  11 0.000
 37.666667  37.694444  1640   39  11 0.000
 37.750000  37.777778  1565   38  11 0.000
 37.833333  37.861111  1430   35  10 0.000
 37.916667  37.944444  1474   36  10 0.000
 38.000000  38.027778  1412   34  10 0.000
 38.083333  38.111111  1471   36  10 0.000
 38.166667  38.194444  1734   42  11 0.000
 38.250000  38.277778  1722   41  11 0.000
 38.333333  38.361111  1697   41  11 0.000
 38.416667  38.444444  1709   41  11 0.000
 38.500000  38.527778  1963   47  13 0.000
 38.583333  38.611111  1844   44  12 0.000
 38.666667  38.694444  1640   39  11 0.000
 38.750000  38.777778  1645   40  11 0.000
 38.833333  38.861111  1796   43  12 0.000
 38.916667  38.944444  1799   43  12 0.000
 39.000000  39.027778  1744   42  12 0.000
 39.083333  39.111111  1745   42  12 0.000
 39.166667  39.194444  1694   41  11 0.000
 39.250000  39.277778  1648   40  11 0.000
 39.333333  39.361111  1678   40  11 0.000
 39.416667  39.444444  1640   39  11 0.000
 39.500000  39.527778  1807   43  12 0.000
 39.583333  39.611111  1699   41  11 0.000
 39.666667  39.694444  1704   41  11 0.000
 39.750000  39.777778  1774   42  12 0.000
 39.833333  39.861111  1759   42  12 0.000
 39.916667  39.944444  1680   40  11 0.000
 40.000000  40.027778  1471   36  10 0.000
 40.083333  40.111111  1590   38  11 0.000
 40.166667  40.194444  1429   35  10 0.000
 40.250000  40.277778  1506   37  10 0.000
 40.333333  40.361111  1750   42  12 0.000
 40.416667  40.444444  1877   45  12 0.000
 40.500000  40.527778  1872   45  12 0.000
 40.583333  40.611111  1959   47  13 0.000
 40.666667  40.694444  1859   44  12 0.000
 40.750000  40.777778  1641   40  11 0.000
 40.833333  40.861111  1613   39  11 0.000
 40.916667  40.944444  1569   38  11 0.000
 41.000000  41.027778  1551   38  11 0.000
 41.083333  41.111111  1575   38  11 0.000
 41.166667  41.194444  1595   39  11 0.000
 41.250000  41.277778  1601   39  11 0.000
 41.333333  41.361111  1576   38  11 0.000
 41.416667  41.444444  1897   45  12 0.000
 41.500000  41.527778  1743   42  12 0.000
 41.583333  41.611111  2066   49  13 0.000
 41.666667  41.694444  1858   44  12 0.000
 41.750000  41.777778  1910   45  12 0.000
 41.833333  41.861111  1942   46  12 0.000
 41.916667  41.944444  1891   45  12 0.000
 42.000000  42.027778  1730   41  11 0.000
 42.083333  42.111111  1922   46  12 0.000
 42.166667  42.194444  1847   44  12 0.000
 42.250000  42.277778  1769   42  12 0.000
 42.333333  42.361111  1719   41  11 0.000
 42.416667  42.444444  1715   41  11 0.000
 42.500000  42.527778  1811   43  12 0.000
 42.583333  42.611111  1667   40  11 0.000
 42.666667  42.694444  1799   43  12 0.000
 42.750000  42.777778  1871   45  12 0.000
 42.833333  42.861111  1855   44  12 0.000
 42.916667  42.944444  1949   46  13 0.000
 43.000000  43.027778  2147   51  13 0.000
 43.083333  43.111111  2004   48  13 0.000
 43.166667  43.194444  2079   49  13 0.000
 43.250000  43.277778  2364   56  15 0.000
 43.333333  43.361111  2281   54  14 0.000
 43.416667  43.444444  2339   55  14 0.000
 43.500000  43.527778  2217   52  14 0.000
 43.583333  43.611111  2198   52  14 0.000
 43.666667  43.694444  2191   52  14 0.000
 43.750000  43.777778  2084   49  13 0.000
 43.833333  43.861111  2082   49  13 0.000
 43.916667  43.944444  1981   47  13 0.000
 44.000000  44.027778  2024   48  13 0.000
 44.083333  44.111111  2051   49  13 0.000
 44.166667  44.194444  2086   49  13 0.000
 44.250000  44.277778  1979   47  13 0.000
 44.333333  44.361111  1980   47  13 0.000
 44.416667  44.444444  1866   44  12 0.000
 44.500000  44.527778  1788   43  12 0.000
 44.583333  44.611111  1838   44  12 0.000
 44.666667  44.694444  1787   43  12 0.000
 44.750000  44.777778  1771   42  12 0.000
 44.833333  44.861111  1931   46  12 0.000
 44.916667  44.944444  2226   52  14 0.000
 45.000000  45.027778  2286   54  14 0.000
 45.083333  45.111111  2256   53  14 0.000
 45.166667  45.194444  2313   54  14 0.000
 45.250000  45.277778  2302   54  14 0.000
 45.333333  45.361111  2371   56  15 0.000
 45.416667  45.444444  2367   56  15 0.000
 45.500000  45.527778  2443   57  15 0.000
 45.583333  45.611111  2607   61  16 0.000
 45.666667  45.694444  2424   57  15 0.000
 45.750000  45.777778  2399   56  15 0.000
 45.833333  45.861111  2452   57  15 0.000
 45.916667  45.944444  2423   57  15 0.000
 46.000000  46.027778  2305   54  14 0.000
 46.083333  46.111111  2338   55  14 0.000
 46.166667  46.194444  2199   52  14 0.000
 46.250000  46.277778  2443   57  15 0.000
 46.333333  46.361111  2757   64  16 0.000
 46.416667  46.444444  3029   70  18 0.000
 46.500000  46.527778  2911   68  17 0.000
 46.583333  46.611111  2931   68  17 0.000
 46.666667  46.694444  2829   66  17 0.000
 46.750000  46.777778  2762   64  16 0.000
 46.833333  46.861111  2828   66  17 0.000
 46.916667  46.944444  2766   64  16 0.000
 47.000000  47.027778  2772   65  17 0.000
 47.083333  47.111111  2784   65  17 0.000
 47.166667  47.194444  2772   65  17 0.000
 47.250000  47.277778  2759   64  16 0.000
 47.333333  47.361111  2676   62  16 0.000
 47.416667  47.444444  2754   64  16 0.000
 47.500000  47.527778  2749   64  16 0.000
 47.583333  47.611111  2830   66  17 0.000
 47.666667  47.694444  2795   65  17 0.000
 47.750000  47.777778  2691   63  16 0.000
 47.833333  47.861111  2723   63  16 0.000
 47.916667  47.944444  2741   64  16 0.000
 48.000000  48.027778  2690   63  16 0.000
 48.083333  48.111111  2690   63  16 0.000
 48.166667  48.194444  2805   65  17 0.000
 48.250000  48.277778  2793   65  17 0.000
 48.333333  48.361111  2720   63  16 0.000
 48.416667  48.444444  2769   64  17 0.000
 48.500000  48.527778  2798   65  17 0.000
 48.583333  48.611111  2656   62  16 0.000
 48.666667  48.694444  3043   71  18 0.000
 48.750000  48.777778  2892   67  17 0.000
 48.833333  48.861111  3128   72  18 0.000
 48.916667  48.944444  2923   68  17 0.000
 49.000000  49.027778  2759   64  16 0.000
 49.083333  49.111111  2704   63  16 0.000
 49.166667  49.194444  2714   63  16 0.000
 49.250000  49.277778  2618   61  16 0.000
 49.333333  49.361111  2385   56  15 0.000
 49.416667  49.444444  2578   60  16 0.000
 49.500000  49.527778  2733   64  16 0.000
 49.583333  49.611111  2518   59  15 0.000
 49.666667  49.694444  2524   59  15 0.000
 49.750000  49.777778  2220   52  14 0.000
 49.833333  49.861111  1990   47  13 0.000
 49.916667  49.944444  2190   52  14 0.000
 50.000000  50.027778  2376   56  15 0.000
 50.083333  50.111111  2503   59  15 0.000
 50.166667  50.194444  2395   56  15 0.000
 50.250000  50.277778  2669   62  16 0.000
 50.333333  50.361111  2605   61  16 0.000
 50.416667  50.444444  2496   58  15 0.000
 50.500000  50.527778  2165   51  14 0.000
 50.583333  50.611111  2623   61  16 0.000
 50.666667  50.694444  2474   58  15 0.000
 50.750000  50.777778  2551   60  15 0.000
 50.833333  50.861111  2490   58  15 0.000
 50.916667  50.944444  2512   59  15 0.000
 51.000000  51.027778  2479   58  15 0.000
 51.083333  51.111111  2379   56  15 0.000
 51.166667  51.194444  2339   55  14 0.000
 51.250000  51.277778  2293   54  14 0.000
 51.333333  51.361111  2358   55  15 0.000
 51.416667  51.444444  2436   57  15 0.000
 51.500000  51.527778  2486   58  15 0.000
 51.583333  51.611111  2565   60  16 0.000
 51.666667  51.694444  2768   64  17 0.000
 51.750000  51.777778  2797   65  17 0.000
 51.833333  51.861111  2802   65  17 0.000
 51.916667  51.944444  2642   62  16 0.000
 52.000000  52.027778  2691   63  16 0.000
 52.083333  52.111111  2918   68  17 0.000
 52.166667  52.194444  3000   70  18 0.000
 52.250000  52.277778  3952   91  22 0.000
 52.333333  52.361111  3704   85  21 0.000
 52.416667  52.444444  3832   88  22 0.000
 52.500000  52.527778  3359   78  19 0.000
 52.583333  52.611111  3654   84  21 0.000
 52.666667  52.694444  3815   88  22 0.000
 52.750000  52.777778  3603   83  21 0.000
 52.833333  52.861111  3298   76  19 0.000
 52.916667  52.944444  3089   72  18 0.000
 53.000000  53.027778  2971   69  17 0.000
 53.083333  53.111111  2926   68  17 0.000
 53.166667  53.194444  2921   68  17 0.000
 53.250000  53.277778  2647   62  16 0.000
 53.333333  53.361111  2661   62  16 0.000
 53.416667  53.444444  2772   65  17 0.000
 53.500000  53.527778  2583   60  16 0.000
 53.583333  53.611111  2651   62  16 0.000
 53.666667  53.694444  2419   57  15 0.000
 53.750000  53.777778  2420   57  15 0.000
 53.833333  53.861111  2366   56  15 0.000
 53.916667  53.944444  2342   55  14 0.000
 54.000000  54.027778  2412   57  15 0.000
 54.083333  54.111111  2428   57  15 0.000
 54.166667  54.194444  2431   57  15 0.000
 54.250000  54.277778  2430   57  15 0.000
 54.333333  54.361111  2400   56  15 0.000
 54.416667  54.444444  2836   66  17 0.000
 54.500000  54.527778  2811   65  17 0.000
 54.583333  54.611111  2436   57  15 0.000
 54.666667  54.694444  2386   56  15 0.000
 54.750000  54.777778  2134   50  13 0.000
 54.833333  54.861111  1931   46  12 0.000
 54.916667  54.944444  1821   43  12 0.000
 55.000000  55.027778  1652   40  11 0.000
 55.083333  55.111111  1674   40  11 0.000
 55.166667  55.194444  1795   43  12 0.000
 55.250000  55.277778  2085   49  13 0.000
 55.333333  55.361111  2144   51  13 0.000
 55.416667  55.444444  2281   54  14 0.000
 55.500000  55.527778  2403   56  15 0.000
 55.583333  55.611111  2356   55  14 0.000
 55.666667  55.694444  2316   54  14 0.000
 55.750000  55.777778  2148   51  13 0.000
 55.833333  55.861111  2032   48  13 0.000
 55.916667  55.944444  2163   51  14 0.000
 56.000000  56.027778  2054   49  13 0.000
 56.083333  56.111111  1982   47  13 0.000
 56.166667  56.194444  2068   49  13 0.000
 56.250000  56.277778  2052   49  13 0.000
 56.333333  56.361111  2123   50  13 0.000
 56.416667  56.444444  2251   53  14 0.000
 56.500000  56.527778  2185   52  14 0.000
 56.583333  56.611111  2263   53  14 0.000
 56.666667  56.694444  2326   55  14 0.000
 56.750000  56.777778  2353   55  14 0.000
 56.833333  56.861111  2277   54  14 0.000
 56.916667  56.944444  2064   49  13 0.000
 57.000000  57.027778  2029   48  13 0.000
 57.083333  57.111111  1949   46  13 0.000
 57.166667  57.194444  1918   46  12 0.000
 57.250000  57.277778  2052   49  13 0.000
 57.333333  57.361111  1909   45  12 0.000
 57.416667  57.444444  1981   47  13 0.000
 57.500000  57.527778  2099   50  13 0.000
 57.583333  57.611111  2211   52  14 0.000
 57.666667  57.694444  2333   55  14 0.000
 57.750000  57.777778  2387   56  15 0.000
 57.833333  57.861111  2322   55  14 0.000
 57.916667  57.944444  2251   53  14 0.000
 58.000000  58.027778  2253   53  14 0.000
 58.083333  58.111111  2164   51  14 0.000
 58.166667  58.194444  2395   56  15 0.000
 58.250000  58.277778  2519   59  15 0.000
 58.333333  58.361111  2613   61  16 0.000
 58.416667  58.444444  2533   59  15 0.000
 58.500000  58.527778  2482   58  15 0.000
 58.583333  58.611111  2518   59  15 0.000
 58.666667  58.694444  2757   64  16 0.000
 58.750000  58.777778  2720   63  16 0.000
 58.833333  58.861111  2656   62  16 0.000
 58.916667  58.944444  2632   61  16 0.000
 59.000000  59.027778  2519   59  15 0.000
 59.083333  59.111111  2700   63  16 0.000
 59.166667  59.194444  2706   63  16 0.000
 59.250000  59.277778  2906   68  17 0.000
 59.333333  59.361111  3492   81  20 0.000
 59.416667  59.444444  3627   84  21 0.000
 59.500000  59.527778  3602   83  21 0.000
 59.583333  59.611111  3147   73  18 0.000
 59.666667  59.694444  2813   65  17 0.000
 59.750000  59.777778  3368   78  19 0.000
 59.833333  59.861111  4176   96  23 0.000
 59.916667  59.944444  4647  106  26 0.000
 60.000000  60.027778  4769  109  26 0.000
 60.083333  60.111111  4826  110  27 0.000
 60.166667  60.194444  4968  113  27 0.000
 60.250000  60.277778  4740  108  26 0.000
 60.361111  60.388889  4785  109  26 0.000
 60.444444  60.472222  4635  106  26 0.000
 60.527778  60.555556  4223   97  24 0.000
 60.611111  60.638889  4329   99  24 0.000
 60.694444  60.722222  3668   84  21 0.000
 60.777778  60.805556  3841   88  22 0.000
 60.861111  60.888889  3913   90  22 0.000
 60.944444  60.972222  3709   85  21 0.000
 61.027778  61.055556  3974   91  22 0.000
 61.111111  61.138889  3978   91  22 0.000
 61.194444  61.222222  4117   94  23 0.000
 61.277778  61.305556  4178   96  23 0.000
 61.361111  61.388889  4225   97  24 0.000
 61.444444  61.472222  4191   96  23 0.000
 61.527778  61.555556  4054   93  23 0.000
 61.611111  61.638889  3907   90  22 0.000
 61.694444  61.722222  4155   95  23 0.000
 61.777778  61.805556  3900   90  22 0.000
 61.861111  61.888889  3960   91  22 0.000
 61.944444  61.972222  4015   92  23 0.000
 62.027778  62.055556  4034   93  23 0.000
 62.111111  62.138889  4059   93  23 0.000
 62.194444  62.222222  4081   94  23 0.000
 62.277778  62.305556  4285   98  24 0.000
 62.361111  62.388889  4344   99  24 0.000
 62.444444  62.472222  4724  108  26 0.000
