data/obs/c2h6/WDCGG/event/CH0001G.20110101000500.20170425145159.online_gc.ethane.air.1y.2h.CH01L_Agilent_GC-MS-MEDUSA_Medusa-12_JFJ.CH01L_VOC_AIR_MEDUSA-12.lev2.nas
68 1001
Hill, Matz; Reimann, Stefan
CH01L, Swiss Federal Laboratories for Materials Science and Technology, EMPA, Section Air Pollution, Überlandstrasse 133, , 8600, Dübendorf, Switzerland
Hill, Matz
ACTRIS EMEP GAW-WDCGG-node GAW-WDCRG
1 1
2011 01 01 2017 04 25
0
days from file reference point
5
1 1 1 1 1
999.999999 99999 9999 999 9.999
end_time of measurement, days from the file reference point
ethane, pmol/mol, Statistics=arithmetic mean, Detection limit=1.1 pmol/mol
ethane, pmol/mol, Statistics=expanded uncertainty 2sigma
ethane, pmol/mol, Statistics=precision
numflag, no unit
0
49
Data definition:              EBAS_1.1
Set type code:                TI
Timezone:                     UTC
File name:                    CH0001G.20110101000500.20170425145159.online_gc.ethane.air.1y.2h.CH01L_Agilent_GC-MS-MEDUSA_Medusa-12_JFJ.CH01L_VOC_AIR_MEDUSA-12.lev2.nas
File creation:                20190306184543
Startdate:                    20110101000500
Revision date:                20170425145159
Version:                      3
Version description:          third revision, manually inspected
Data level:                   2
Period code:                  1y
Resolution code:              2h
Sample duration:              20mn
Orig. time res.:              2h
Station code:                 CH0001G
Platform code:                CH0001S
Station name:                 Jungfraujoch
Station GAW-ID:               JFJ
Station latitude:             46.5475
Station longitude:            7.985
Station altitude:             3578.0m
Measurement height:           4.0m
Regime:                       IMG
Component:                    ethane
Unit:                         pmol/mol
Matrix:                       air
Instrument type:              online_gc
Laboratory code:              CH01L
Instrument name:              Agilent_GC-MS-MEDUSA_Medusa-12_JFJ
Instrument manufacturer:      AGAGE+Agilent+Agilent
Instrument model:             MEDUSA+6890N+5975B
Instrument serial number:     Medusa-12
Method ref:                   CH01L_VOC_AIR_MEDUSA-12
Standard method:              None
Calibration scale:            SIO-p
Inlet type:                   Hat or hood
Inlet description:            above the roof
Volume std. temperature:      273.15 K
Volume std. pressure:         1013.25 hPa
Detection limit expl.:        Determined by instrument counting statistics, no detection limit flag used
Measurement uncertainty expl.: Includes reproducibility (precision) + systematic errors (accuracy)
Zero/negative values code:    Zero/negative impossible
Zero/negative values:         Zero and neg. values don't appear because data was processed and zero/neg data taken out
Originator:                   Hill, Matz, matthias.hill@empa.ch, Swiss Federal Laboratories for Materials Science and Technology, Empa, Air Pollution/Environmental Technology, Ueberlandstrasse 129, , CH-8600, Duebendorf, Switzerland
Originator:                   Reimann, Stefan, , , , , , , , , 
Submitter:                    Hill, Matz, matthias.hill@empa.ch, Swiss Federal Laboratories for Materials Science and Technology, Empa, Air Pollution/Environmental Technology, Ueberlandstrasse 129, , CH-8600, Duebendorf, Switzerland
Acknowledgement:              Request acknowledgement details from data originator
Comment:                      "No SOP currently available, MEDUSA. Sample volume: 2L, trap at -170degC, trap material Hayesep D, Nafion dryer, no O3 removal, 2-hourly calibration interval"
starttime endtime C2H6 C2H6 C2H6 flag
[from data line 745]
 54.130556  54.144444 99999 9999 999 0.999
 54.172222  54.186111  2453  157  11 0.000
 54.255556  54.269444  1940  124   9 0.000
 54.297222  54.311111  1925  123   9 0.000
 54.505556  54.519444  1492   97  11 0.000
 54.547222  54.561111  2174  143  20 0.000
 54.630556  54.644444  1940  130  21 0.000
 54.672222  54.686111  1803  120  19 0.000
 54.755556  54.769444 99999 9999 999 0.999
 54.797222  54.811111  1630  109  18 0.000
 54.880556  54.894444  1470   98  16 0.000
 54.922222  54.936111 99999 9999 999 0.999
 55.130556  55.144444 99999 9999 999 0.999
 55.172222  55.186111  1792  120  19 0.000
 55.255556  55.269444  1906  128  21 0.000
 55.297222  55.311111  1825  122  20 0.000
 55.380556  55.394444  1862  124  20 0.000
 55.422222  55.436111  2014  135  22 0.000
 55.505556  55.519444  2093  138  19 0.000
 55.547222  55.561111  2019  131  15 0.000
 55.755556  55.769444 99999 9999 999 0.999
 55.797222  55.811111  2097  135  11 0.000
 55.880556  55.894444  1924  124  11 0.000
 55.922222  55.936111  1871  120  10 0.000
 56.005556  56.019444 99999 9999 999 0.999
 56.047222  56.061111  1838  118   9 0.000
 56.130556  56.144444  1518   97   8 0.000
 56.172222  56.186111  1445   93   8 0.000
 56.380556  56.394444  1601  103  10 0.000
 56.422222  56.436111  1643  106  11 0.000
 56.963889  56.977778  1767  116  16 0.000
 57.005556  57.019444  1880  124  17 0.000
 57.088889  57.102778 99999 9999 999 0.999
 57.130556  57.144444  1826  120  17 0.000
 57.213889  57.227778  1907  126  17 0.000
 57.255556  57.269444 99999 9999 999 0.999
 57.463889  57.477778  1911  124  15 0.000
 57.505556  57.519444  2007  130  15 0.000
 57.588889  57.602778  1958  127  14 0.000
 57.630556  57.644444  2041  132  15 0.000
 57.713889  57.727778  2151  140  16 0.000
 57.755556  57.769444  2370  154  18 0.000
 57.838889  57.852778  2304  149  16 0.000
 57.880556  57.894444 99999 9999 999 0.999
 58.088889  58.102778  2046  131  10 0.000
 58.130556  58.144444  2079  134  14 0.000
 58.213889  58.227778 99999 9999 999 0.999
 58.255556  58.269444  2157  141  17 0.000
 58.338889  58.352778  2373  155  20 0.000
 58.380556  58.394444 99999 9999 999 0.999
 58.463889  58.477778  2611  171  22 0.000
 58.505556  58.519444  2625  173  24 0.000
 58.713889  58.727778 99999 9999 999 0.999
 58.755556  58.769444  2817  184  24 0.000
 58.838889  58.852778  2632  172  21 0.000
 58.880556  58.894444  2605  170  21 0.000
 58.963889  58.977778  2403  156  19 0.000
 59.005556  59.019444  2756  179  21 0.000
 59.088889  59.102778  3247  211  23 0.000
 59.130556  59.144444  2730  176  18 0.000
 59.338889  59.352778  2479  158  11 0.000
 59.380556  59.394444  2434  155  10 0.000
 59.463889  59.477778  2212  142  11 0.000
 59.505556  59.519444  2181  140  11 0.000
 59.588889  59.602778  1998  128  10 0.000
 59.630556  59.644444  2013  129  10 0.000
 59.713889  59.727778  2054  131   9 0.000
 59.755556  59.769444  1853  118   7 0.000
 59.963889  59.977778  1640  106  12 0.000
 60.005556  60.019444  1716  111  13 0.000
 60.088889  60.102778  1725  112  13 0.000
 60.130556  60.144444  1755  114  13 0.000
 60.213889  60.227778  1764  115  13 0.000
 60.255556  60.269444  1845  120  13 0.000
 60.338889  60.352778  1778  116  13 0.000
 60.380556  60.394444  1721  112  13 0.000
 60.588889  60.602778  1681  109  12 0.000
 60.630556  60.644444  1760  114  12 0.000
 60.713889  60.727778  1667  108  12 0.000
 60.755556  60.769444  1595  103  11 0.000
 60.838889  60.852778  1662  107  11 0.000
 60.880556  60.894444  1786  115  12 0.000
 60.963889  60.977778  1752  112   8 0.000
 61.005556  61.019444  1656  106   7 0.000
 61.213889  61.227778  1560  100   7 0.000
 61.255556  61.269444  1634  104   7 0.000
 61.339583  61.353472  1627  104   7 0.000
 61.381250  61.395139  1700  108   7 0.000
 61.464583  61.478472  2240  143   9 0.000
 61.506250  61.520139  2498  159  10 0.000
 61.589583  61.603472  2564  164  12 0.000
 61.631250  61.645139  2498  160  12 0.000
 61.839583  61.853472  2734  175  15 0.000
 61.881250  61.895139  2710  175  17 0.000
 61.964583  61.978472  2694  173  16 0.000
 62.006250  62.020139  3240  208  19 0.000
 62.089583  62.103472  2751  177  17 0.000
 62.131250  62.145139  2827  182  17 0.000
 62.214583  62.228472  2738  177  18 0.000
 62.256250  62.270139  2704  175  19 0.000
 62.464583  62.478472 99999 9999 999 0.999
 62.506250  62.520139  2227  144  16 0.000
 62.589583  62.603472  2108  136  13 0.000
 62.631250  62.645139 99999 9999 999 0.999
 62.714583  62.728472  2062  133  13 0.000
 62.756250  62.770139  2113  136  13 0.000
 62.839583  62.853472  2120  136  11 0.000
 62.881250  62.895139  1978  126   8 0.000
 63.089583  63.103472  2022  130  11 0.000
 63.131250  63.145139  1924  123  10 0.000
 63.214583  63.228472  1913  122   9 0.000
 63.256250  63.270139  1916  123   9 0.000
 63.339583  63.353472  1943  124   9 0.000
 63.381250  63.395139  2114  135  10 0.000
 63.464583  63.478472  1966  125   8 0.000
 63.506250  63.520139  1829  117   8 0.000
 63.714583  63.728472  1843  118   8 0.000
 63.756250  63.770139  1898  121   8 0.000
 63.839583  63.853472  1888  121   8 0.000
 63.881250  63.895139  1903  121   8 0.000
 63.964583  63.978472  1833  117   7 0.000
 64.006250  64.020139  1899  121   7 0.000
 64.089583  64.103472  1808  115   7 0.000
 64.131250  64.145139 99999 9999 999 0.999
 64.339583  64.353472  1440   92   8 0.000
 64.381250  64.395139  1295   83   7 0.000
 64.464583  64.478472  1338   86   7 0.000
 64.506250  64.520139  1360   87   7 0.000
 64.589583  64.603472  1194   77   6 0.000
 64.631250  64.645139  1491   96   8 0.000
 64.714583  64.728472  1481   95   8 0.000
 64.756250  64.770139 99999 9999 999 0.999
 64.964583  64.978472 99999 9999 999 0.999
 65.006250  65.020139  1231   79   6 0.000
 65.089583  65.103472  1231   79   6 0.000
 65.131250  65.145139  1223   78   6 0.000
 65.214583  65.228472  1194   76   4 0.000
 65.256250  65.270139  1221   78   4 0.000
 65.339583  65.353472  1585  101   5 0.000
 65.381250  65.395139  1487   94   4 0.000
 65.589583  65.603472  1402   90   7 0.000
 65.631250  65.645139  1507   96   7 0.000
 65.881250  65.895139  1375   89   9 0.000
 65.922917  65.936806  1555  100  10 0.000
 66.006250  66.020139  1491   96  10 0.000
 66.047917  66.061806  1542  100  10 0.000
 66.131250  66.145139  1600  103  10 0.000
 66.172917  66.186806  1550  100  11 0.000
 66.381250  66.395139  1489   96  10 0.000
 66.422917  66.436806  1553  100  10 0.000
 66.506250  66.520139  1562  101  10 0.000
 66.547917  66.561806  1583  102  10 0.000
 66.631250  66.645139 99999 9999 999 0.999
 66.672917  66.686806  1491   96   8 0.000
 66.756250  66.770139  1418   90   5 0.000
 66.797917  66.811806  1311   83   3 0.000
 67.006250  67.020139 99999 9999 999 0.999
 67.047917  67.061806  1102   70   2 0.000
 67.131250  67.145139  1352   86   2 0.000
 67.172917  67.186806  1489   94   2 0.000
 67.256250  67.270139  1458   92   2 0.000
 67.297917  67.311806  1716  109   3 0.000
 67.381250  67.395139  1688  107   3 0.000
 67.422917  67.436806  1757  111   3 0.000
 67.631250  67.645139 99999 9999 999 0.999
 67.672917  67.686806  1769  112   4 0.000
 67.756250  67.770139  1898  120   4 0.000
 67.797917  67.811806  1967  125   5 0.000
 67.881250  67.895139  1875  119   5 0.000
 67.922917  67.936806  1946  123   5 0.000
 68.006250  68.020139  1993  126   5 0.000
 68.047917  68.061806 99999 9999 999 0.999
 68.256250  68.270139 99999 9999 999 0.999
 70.568056  70.581944 99999 9999 999 0.999
 70.609722  70.623611 99999 9999 999 0.999
 70.693056  70.706944 99999 9999 999 0.999
 70.734722  70.748611 99999 9999 999 0.999
 70.818056  70.831944 99999 9999 999 0.999
 70.859722  70.873611 99999 9999 999 0.999
 71.068056  71.081944 99999 9999 999 0.999
 71.109722  71.123611 99999 9999 999 0.999
 71.193056  71.206944 99999 9999 999 0.999
 71.234722  71.248611 99999 9999 999 0.999
 71.318056  71.331944 99999 9999 999 0.999
 71.359722  71.373611 99999 9999 999 0.999
 71.443056  71.456944 99999 9999 999 0.999
 71.484722  71.498611 99999 9999 999 0.999
 71.693056  71.706944 99999 9999 999 0.999
 71.734722  71.748611  2168  138   9 0.000
 71.818056  71.831944 99999 9999 999 0.999
 71.859722  71.873611 99999 9999 999 0.999
 71.943056  71.956944 99999 9999 999 0.999
 71.984722  71.998611 99999 9999 999 0.999
 72.068056  72.081944 99999 9999 999 0.999
 72.109722  72.123611 99999 9999 999 0.999
 72.318056  72.331944 99999 9999 999 0.999
 72.359722  72.373611  1794  122  22 0.000
 72.443056  72.456944  1843  125  22 0.000
 72.484722  72.498611  1851  125  22 0.000
 72.568056  72.581944 99999 9999 999 0.999
 72.609722  72.623611  1861  125  21 0.000
 72.693056  72.706944  1960  131  21 0.000
 72.734722  72.748611 99999 9999 999 0.999
 72.943056  72.956944 99999 9999 999 0.999
 72.984722  72.998611  1876  120   9 0.000
 73.068056  73.081944  1877  120  10 0.000
 73.109722  73.123611  1902  122  10 0.000
 73.193056  73.206944 99999 9999 999 0.999
 73.234722  73.248611  1916  123  11 0.000
 73.318056  73.331944 99999 9999 999 0.999
 73.368750  73.382639 99999 9999 999 0.999
 73.410417  73.424306 99999 9999 999 0.999
 73.493750  73.507639  1873  119   7 0.000
 73.535417  73.549306  1949  124   8 0.000
 73.618750  73.632639 99999 9999 999 0.999
 73.660417  73.674306  1838  117   7 0.000
 73.743750  73.757639  1844  118   8 0.000
 73.785417  73.799306 99999 9999 999 0.999
 73.993750  74.007639 99999 9999 999 0.999
 74.035417  74.049306  1933  124  11 0.000
 74.118750  74.132639  1859  119  10 0.000
 74.160417  74.174306  1868  120  10 0.000
 74.243750  74.257639 99999 9999 999 0.999
 74.285417  74.299306  1979  127  11 0.000
 74.368750  74.382639  2057  132  11 0.000
 74.410417  74.424306 99999 9999 999 0.999
 74.618750  74.632639 99999 9999 999 0.999
 74.660417  74.674306  2193  142  15 0.000
 74.743750  74.757639  2168  141  16 0.000
 74.785417  74.799306  2142  139  16 0.000
 74.868750  74.882639 99999 9999 999 0.999
 74.910417  74.924306  1974  128  14 0.000
 74.993750  75.007639  2159  139  14 0.000
 75.035417  75.049306 99999 9999 999 0.999
 75.243750  75.257639 99999 9999 999 0.999
 75.285417  75.299306  2401  156  18 0.000
 75.368750  75.382639  2450  161  21 0.000
 75.410417  75.424306  2320  152  20 0.000
 75.493750  75.507639 99999 9999 999 0.999
 75.535417  75.549306  2556  168  22 0.000
 75.618750  75.632639  2688  176  23 0.000
 75.660417  75.674306 99999 9999 999 0.999
 75.868750  75.882639 99999 9999 999 0.999
 75.910417  75.924306  2089  135  15 0.000
 75.993750  76.007639  2242  145  15 0.000
 76.035417  76.049306  2381  154  16 0.000
 76.118750  76.132639 99999 9999 999 0.999
 76.160417  76.174306  1894  122  13 0.000
 76.243750  76.257639  1814  117  12 0.000
 76.285417  76.299306 99999 9999 999 0.999
 76.493750  76.507639 99999 9999 999 0.999
 76.535417  76.549306  1684  107   5 0.000
 76.618750  76.632639  1593  101   5 0.000
 76.660417  76.674306  1769  112   6 0.000
 76.743750  76.757639 99999 9999 999 0.999
 76.785417  76.799306  1746  111   6 0.000
 76.868750  76.882639  1896  121   6 0.000
 76.910417  76.924306 99999 9999 999 0.999
 77.118750  77.132639 99999 9999 999 0.999
 77.160417  77.174306  1637  104   7 0.000
 77.243750  77.257639  1899  121   9 0.000
 77.285417  77.299306  1889  121   9 0.000
 77.368750  77.382639 99999 9999 999 0.999
 77.410417  77.424306  1922  123  10 0.000
 77.493750  77.507639  2007  129  10 0.000
 77.535417  77.549306 99999 9999 999 0.999
 77.743750  77.757639 99999 9999 999 0.999
 77.785417  77.799306  2515  162  17 0.000
 77.868750  77.882639  2039  132  13 0.000
 77.910417  77.924306  2016  130  13 0.000
 77.993750  78.007639 99999 9999 999 0.999
 78.035417  78.049306  1989  128  13 0.000
 78.118750  78.132639  1618  104  10 0.000
 78.160417  78.174306 99999 9999 999 0.999
 78.368750  78.382639 99999 9999 999 0.999
 78.410417  78.424306  1913  123  10 0.000
 78.493750  78.507639  1899  122  10 0.000
 78.535417  78.549306  1938  124  10 0.000
 78.618750  78.632639 99999 9999 999 0.999
 78.660417  78.674306  2236  143  12 0.000
 78.743750  78.757639  2246  143   9 0.000
 78.785417  78.799306 99999 9999 999 0.999
 78.993750  79.007639 99999 9999 999 0.999
 79.035417  79.049306  1767  112   6 0.000
 79.118750  79.132639  1625  103   6 0.000
 79.160417  79.174306  1805  115   6 0.000
 79.243750  79.257639 99999 9999 999 0.999
 79.285417  79.299306  1817  115   5 0.000
 79.368750  79.382639  1670  106   4 0.000
 79.410417  79.424306 99999 9999 999 0.999
 79.618750  79.632639 99999 9999 999 0.999
 79.660417  79.674306  2002  128   8 0.000
 79.743750  79.757639  1914  122   8 0.000
 79.785417  79.799306  1886  120   8 0.000
 79.868750  79.882639 99999 9999 999 0.999
 79.910417  79.924306  1957  125   8 0.000
 79.993750  80.007639  2147  138  11 0.000
 80.035417  80.049306 99999 9999 999 0.999
 80.243750  80.257639 99999 9999 999 0.999
 80.285417  80.299306  2131  137  11 0.000
 80.535417  80.549306  2115  136  11 0.000
 80.577083  80.590972  1911  122   9 0.000
 80.660417  80.674306 99999 9999 999 0.999
 80.702083  80.715972  1825  117   9 0.000
 80.785417  80.799306  1904  122   8 0.000
 80.827083  80.840972 99999 9999 999 0.999
 81.035417  81.049306 99999 9999 999 0.999
 81.077083  81.090972  1843  118   9 0.000
 81.160417  81.174306  1775  114   9 0.000
 81.202083  81.215972  1761  113   9 0.000
 81.285417  81.299306 99999 9999 999 0.999
 81.327083  81.340972  1892  121  10 0.000
 81.410417  81.424306  1836  118   9 0.000
 81.452083  81.465972 99999 9999 999 0.999
 81.660417  81.674306 99999 9999 999 0.999
 81.702083  81.715972  1585  101   8 0.000
 81.785417  81.799306  1559  100   9 0.000
 81.827083  81.840972  1581  102   9 0.000
 81.910417  81.924306 99999 9999 999 0.999
 81.952083  81.965972  1591  102   8 0.000
 82.035417  82.049306  1664  106   8 0.000
 82.077083  82.090972 99999 9999 999 0.999
 82.285417  82.299306 99999 9999 999 0.999
 82.327083  82.340972  1343   86   6 0.000
 82.410417  82.424306  1362   87   6 0.000
 82.452083  82.465972  1364   87   6 0.000
 82.535417  82.549306 99999 9999 999 0.999
 82.577083  82.590972  1577  101   8 0.000
 82.660417  82.674306  1449   93   8 0.000
 82.702083  82.715972 99999 9999 999 0.999
 82.910417  82.924306 99999 9999 999 0.999
 82.952083  82.965972  1512   97   8 0.000
 83.035417  83.049306  1703  109   9 0.000
 83.077083  83.090972  1738  112  10 0.000
 83.160417  83.174306 99999 9999 999 0.999
 83.202083  83.215972  1650  106   9 0.000
 83.285417  83.299306  1660  106   8 0.000
 83.327083  83.340972 99999 9999 999 0.999
 83.535417  83.549306 99999 9999 999 0.999
 83.577083  83.590972  1685  110  13 0.000
 83.660417  83.674306  1744  113  13 0.000
 83.702083  83.715972  1778  116  13 0.000
 83.785417  83.799306 99999 9999 999 0.999
 83.827083  83.840972  1819  118  13 0.000
 83.910417  83.924306  1934  125  13 0.000
 83.952083  83.965972 99999 9999 999 0.999
 84.160417  84.174306 99999 9999 999 0.999
 84.202083  84.215972  1738  113  12 0.000
 84.743750  84.757639  1824  118  11 0.000
 84.785417  84.799306  1856  120  12 0.000
 84.868750  84.882639 99999 9999 999 0.999
 84.910417  84.924306  1878  121  12 0.000
 84.993750  85.007639  1955  126  13 0.000
 85.035417  85.049306 99999 9999 999 0.999
 85.243750  85.257639 99999 9999 999 0.999
 85.285417  85.299306  1635  105  10 0.000
 85.368750  85.382639  1669  107   9 0.000
 85.410417  85.424306  1721  111  10 0.000
 85.493750  85.507639 99999 9999 999 0.999
 85.535417  85.549306  1729  111   9 0.000
 85.618750  85.632639  1764  113   8 0.000
 85.660417  85.674306 99999 9999 999 0.999
 85.868750  85.882639 99999 9999 999 0.999
 85.910417  85.924306  2298  149  17 0.000
 85.993750  86.007639  2348  152  17 0.000
 86.035417  86.049306  2155  140  15 0.000
 86.118750  86.132639 99999 9999 999 0.999
 86.160417  86.174306  2233  144  15 0.000
 86.243750  86.257639  1943  126  13 0.000
 86.285417  86.299306 99999 9999 999 0.999
 86.493750  86.507639 99999 9999 999 0.999
