data/obs/c2h6/WDCGG/event/CH0001G.20150101225000.20170425145159.online_gc.ethane.air.1y.2h.CH01L_Agilent_GC-MS-MEDUSA_Medusa-12_JFJ.CH01L_VOC_AIR_MEDUSA-12.lev2.nas
68 1001
Hill, Matz; Reimann, Stefan
CH01L, Swiss Federal Laboratories for Materials Science and Technology, EMPA, Section Air Pollution, Überlandstrasse 133, , 8600, Dübendorf, Switzerland
Hill, Matz
ACTRIS EMEP GAW-WDCGG-node GAW-WDCRG
1 1
2015 01 01 2017 04 25
0
days from file reference point
5
1 1 1 1 1
999.999999 99999.999 9999.999 999.999 9.999
end_time of measurement, days from the file reference point
ethane, pmol/mol, Statistics=arithmetic mean, Detection limit=1.1 pmol/mol
ethane, pmol/mol, Statistics=expanded uncertainty 2sigma
ethane, pmol/mol, Statistics=precision
numflag, no unit
0
49
Data definition:              EBAS_1.1
Set type code:                TI
Timezone:                     UTC
File name:                    CH0001G.20150101225000.20170425145159.online_gc.ethane.air.1y.2h.CH01L_Agilent_GC-MS-MEDUSA_Medusa-12_JFJ.CH01L_VOC_AIR_MEDUSA-12.lev2.nas
File creation:                20190306184544
Startdate:                    20150101225000
Revision date:                20170425145159
Version:                      3
Version description:          second revision, manually inspected
Data level:                   2
Period code:                  1y
Resolution code:              2h
Sample duration:              20mn
Orig. time res.:              2h
Station code:                 CH0001G
Platform code:                CH0001S
Station name:                 Jungfraujoch
Station GAW-ID:               JFJ
Station latitude:             46.5475
Station longitude:            7.985
Station altitude:             3578.0m
Measurement height:           4.0m
Regime:                       IMG
Component:                    ethane
Unit:                         pmol/mol
Matrix:                       air
Instrument type:              online_gc
Laboratory code:              CH01L
Instrument name:              Agilent_GC-MS-MEDUSA_Medusa-12_JFJ
Instrument manufacturer:      AGAGE+Agilent+Agilent
Instrument model:             MEDUSA+6890N+5975B
Instrument serial number:     Medusa-12
Method ref:                   CH01L_VOC_AIR_MEDUSA-12
Standard method:              None
Calibration scale:            SIO-p
Inlet type:                   Hat or hood
Inlet description:            above the roof
Volume std. temperature:      273.15 K
Volume std. pressure:         1013.25 hPa
Detection limit expl.:        Determined by instrument counting statistics, no detection limit flag used
Measurement uncertainty expl.: Includes reproducibility (precision) + systematic errors (accuracy)
Zero/negative values code:    Zero/negative impossible
Zero/negative values:         Zero and neg. values do not appear because data was processed and zero/neg data taken out
Originator:                   Hill, Matz, matthias.hill@empa.ch, Swiss Federal Laboratories for Materials Science and Technology, Empa, Air Pollution/Environmental Technology, Ueberlandstrasse 129, , CH-8600, Duebendorf, Switzerland
Originator:                   Reimann, Stefan, , , , , , , , , 
Submitter:                    Hill, Matz, matthias.hill@empa.ch, Swiss Federal Laboratories for Materials Science and Technology, Empa, Air Pollution/Environmental Technology, Ueberlandstrasse 129, , CH-8600, Duebendorf, Switzerland
Acknowledgement:              Request acknowledgement details from data originator
Comment:                      "No SOP currently available, MEDUSA. Sample volume: 2L, trap at -170degC, trap material Hayesep D, Nafion dryer, no O3 removal, 2-hourly calibration interval"
starttime endtime C2H6 C2H6 C2H6 flag
[from data line 1455]
122.266667 122.280556 99999.999 9999.999 999.999 0.999
122.356944 122.370833 99999.999 9999.999 999.999 0.999
122.429861 122.443750 99999.999 9999.999 999.999 0.999
122.492361 122.506250 99999.999 9999.999 999.999 0.999
122.537500 122.551389 99999.999 9999.999 999.999 0.999
122.627778 122.641667 99999.999 9999.999 999.999 0.999
122.672917 122.686806 99999.999 9999.999 999.999 0.999
122.763194 122.777083 99999.999 9999.999 999.999 0.999
122.808333 122.822222 99999.999 9999.999 999.999 0.999
122.898611 122.912500 99999.999 9999.999 999.999 0.999
122.971528 122.985417 99999.999 9999.999 999.999 0.999
123.034028 123.047917 99999.999 9999.999 999.999 0.999
123.079167 123.093056 99999.999 9999.999 999.999 0.999
123.169444 123.183333 99999.999 9999.999 999.999 0.999
123.214583 123.228472 99999.999 9999.999 999.999 0.999
123.304861 123.318750 99999.999 9999.999 999.999 0.999
123.350000 123.363889 99999.999 9999.999 999.999 0.999
123.440278 123.454167 99999.999 9999.999 999.999 0.999
123.513194 123.527083 99999.999 9999.999 999.999 0.999
123.575694 123.589583 99999.999 9999.999 999.999 0.999
123.620833 123.634722 99999.999 9999.999 999.999 0.999
123.730556 123.744444 99999.999 9999.999 999.999 0.999
123.803472 123.817361 99999.999 9999.999 999.999 0.999
123.865972 123.879861 99999.999 9999.999 999.999 0.999
123.911111 123.925000 99999.999 9999.999 999.999 0.999
124.001389 124.015278   856.614   54.465   2.799 0.000
124.046528 124.060417   850.285   54.063   2.778 0.000
124.136806 124.150694  1066.916   67.837   3.486 0.000
124.181944 124.195833  1147.039   72.931   3.748 0.000
124.272222 124.286111  1328.147   84.447   4.339 0.000
124.345139 124.359028  1427.217   90.746   4.663 0.000
124.407639 124.421528  1222.352   77.720   3.994 0.000
124.452778 124.466667  1046.912   66.544   3.318 0.000
124.543056 124.556944  1139.248   72.413   3.610 0.000
124.588194 124.602083  1166.479   74.150   3.726 0.000
124.678472 124.692361  1212.010   77.044   3.871 0.000
124.723611 124.737500  1237.138   78.630   3.895 0.000
124.813889 124.827778  1214.463   77.189   3.823 0.000
124.886806 124.900694  1234.700   78.570   4.340 0.000
124.949306 124.963194 99999.999 9999.999 999.999 0.999
124.994444 125.008333 99999.999 9999.999 999.999 0.999
125.084722 125.098611 99999.999 9999.999 999.999 0.999
125.129861 125.143750 99999.999 9999.999 999.999 0.999
125.220139 125.234028 99999.999 9999.999 999.999 0.999
125.265278 125.279167 99999.999 9999.999 999.999 0.999
125.355556 125.369444  1559.160   99.080   4.819 0.000
125.428472 125.442361  1521.236   96.577   4.200 0.000
125.490972 125.504861  1652.079  104.884   4.561 0.000
125.536111 125.550000  1706.328  108.324   4.687 0.000
125.626389 125.640278  1560.617   99.074   4.287 0.000
125.671528 125.685417  1560.790   99.118   4.473 0.000
125.761806 125.775694  1578.754  100.220   4.309 0.000
125.806944 125.820833  1482.517   94.125   4.128 0.000
125.897222 125.911111  1636.897  103.921   4.522 0.000
125.970139 125.984028  1707.509  108.367   4.501 0.000
126.032639 126.046528  1702.938  108.077   4.489 0.000
126.077778 126.091667  1573.843  100.159   5.566 0.000
126.168056 126.181944  1514.783   96.401   5.357 0.000
126.213194 126.227083  1551.199   98.807   5.874 0.000
126.303472 126.317361  1707.183  108.743   6.465 0.000
126.348611 126.362500  1728.927  110.107   6.458 0.000
126.438889 126.452778  1442.074   91.839   5.387 0.000
126.511806 126.525694  1493.708   95.072   5.337 0.000
126.581944 126.595833  1595.215  101.526   5.671 0.000
126.627083 126.640972  1578.746  100.478   5.613 0.000
126.970833 126.984722  1382.097   87.873   4.495 0.000
126.988194 127.002083  1106.733   70.359   3.568 0.000
127.078472 127.092361   945.767   60.126   3.049 0.000
127.123611 127.137500  1078.599   68.566   3.457 0.000
127.213889 127.227778  1104.609   70.220   3.541 0.000
127.259028 127.272917  1078.122   68.566   3.604 0.000
127.349306 127.363194  1046.432   66.551   3.498 0.000
127.394444 127.408333   983.397   62.568   3.411 0.000
127.512500 127.526389   762.184   48.494   2.644 0.000
127.529861 127.543750   743.536   47.330   2.681 0.000
127.620139 127.634028  1033.245   65.772   3.726 0.000
127.665278 127.679167  1064.302   67.749   3.838 0.000
127.755556 127.769444  1256.634   80.327   5.829 0.000
127.800694 127.814583  1238.304   79.155   5.744 0.000
127.890972 127.904861  1218.909   77.942   5.744 0.000
127.936111 127.950000  1247.035   79.822   6.147 0.000
128.054167 128.068056  1232.471   78.658   5.271 0.000
128.071528 128.085417  1194.052   76.206   5.107 0.000
128.658333 128.672222  1692.870  107.870   6.572 0.000
128.703472 128.717361 99999.999 9999.999 999.999 0.999
128.793750 128.807639  1647.666  104.977   6.342 0.000
128.838889 128.852778 99999.999 9999.999 999.999 0.999
128.929167 128.943056  1617.102  103.062   6.359 0.000
128.974306 128.988194  1661.821  105.912   6.535 0.000
129.064583 129.078472  1772.148  112.949   6.990 0.000
129.137500 129.151389  1785.227  114.343   9.029 0.000
129.252083 129.265972  1809.663  115.908   9.152 0.000
129.342361 129.356250  1798.139  115.256   9.365 0.000
129.387500 129.401389  1799.321  115.332   9.371 0.000
129.486111 129.500000  1752.880  112.383   9.213 0.000
129.531250 129.545139  1740.836  111.610   9.149 0.000
129.621528 129.635417  1702.915  109.179   8.950 0.000
129.666667 129.680556  1648.108  105.665   8.662 0.000
129.756944 129.770833  1619.004  103.505   7.561 0.000
129.802083 129.815972  1591.834  101.768   7.434 0.000
129.892361 129.906250  1692.727  108.219   7.905 0.000
129.937500 129.951389  1635.400  104.554   7.637 0.000
130.027778 130.041667  1705.600  109.162   8.369 0.000
130.072917 130.086806  1801.069  115.273   8.837 0.000
130.163194 130.177083  1834.993  117.616   9.550 0.000
130.208333 130.222222  1816.066  116.403   9.451 0.000
130.298611 130.312500  1723.175  110.576   9.351 0.000
130.343750 130.357639  1771.750  113.550   9.183 0.000
130.434028 130.447917  1574.899  100.934   8.163 0.000
130.479167 130.493056  1564.964  100.226   7.888 0.000
130.569444 130.583333  1520.312   97.367   7.663 0.000
130.614583 130.628472  1511.163   96.790   7.645 0.000
130.784028 130.797917 99999.999 9999.999 999.999 0.999
130.829167 130.843056 99999.999 9999.999 999.999 0.999
130.919444 130.933333 99999.999 9999.999 999.999 0.999
130.964583 130.978472 99999.999 9999.999 999.999 0.999
131.054861 131.068750 99999.999 9999.999 999.999 0.999
131.100000 131.113889 99999.999 9999.999 999.999 0.999
131.190278 131.204167 99999.999 9999.999 999.999 0.999
131.263194 131.277083 99999.999 9999.999 999.999 0.999
131.377778 131.391667  1264.084   80.253   3.494 0.000
131.422917 131.436806  1369.819   86.949   3.691 0.000
131.513194 131.527083  1402.089   88.997   3.778 0.000
131.558333 131.572222  1405.015   89.275   4.292 0.000
131.648611 131.662500  1463.969   93.021   4.473 0.000
131.721528 131.735417  1382.599   87.838   4.159 0.000
131.784028 131.797917  1440.093   91.491   4.332 0.000
131.829167 131.843056  1362.172   86.513   3.949 0.000
131.919444 131.933333  1399.935   88.911   4.059 0.000
131.964583 131.978472  1403.662   89.124   3.937 0.000
132.054861 132.068750  1397.045   88.704   3.919 0.000
132.100000 132.113889  1437.505   91.251   3.908 0.000
132.190278 132.204167  1261.398   80.072   3.429 0.000
132.263194 132.277083   896.775   56.911   2.349 0.000
132.325694 132.339583   604.301   38.350   1.583 0.000
132.370833 132.384722   650.648   41.289   1.691 0.000
132.461111 132.475000   747.696   47.448   1.943 0.000
132.506250 132.520139   848.446   53.835   2.168 0.000
132.596528 132.610417   903.671   57.339   2.309 0.000
132.641667 132.655556   899.541   57.088   2.362 0.000
132.731944 132.745833  1074.950   68.220   2.823 0.000
132.804861 132.818750  1140.809   72.467   3.381 0.000
132.867361 132.881250  1198.433   76.121   3.514 0.000
132.912500 132.926389  1199.005   76.179   3.633 0.000
133.002778 133.016667  1324.214   84.109   3.877 0.000
133.047917 133.061806  1349.716   85.730   3.961 0.000
133.138194 133.152083  1503.469   95.471   4.271 0.000
133.183333 133.197222  1502.470   95.425   4.366 0.000
133.273611 133.287500  1483.478   94.193   4.166 0.000
133.346528 133.360417  1560.550   99.074   4.310 0.000
133.409028 133.422917  1711.382  108.634   4.638 0.000
133.454167 133.468056  1590.298  100.894   3.982 0.000
133.544444 133.558333  1458.200   92.494   3.529 0.000
133.589583 133.603472  1403.114   88.920   2.825 0.000
133.905556 133.919444  1413.332   89.583   2.959 0.000
133.950694 133.964583  1394.181   88.366   2.899 0.000
134.040972 134.054861  1392.588   88.278   2.988 0.000
134.086111 134.100000  1395.701   88.465   2.917 0.000
134.176389 134.190278  1416.902   89.821   3.053 0.000
134.221528 134.235417  1405.115   89.066   2.975 0.000
134.311806 134.325694  1376.725   87.279   3.004 0.000
134.356944 134.370833  1385.460   87.823   2.955 0.000
134.447222 134.461111  1380.357   87.516   3.063 0.000
134.492361 134.506250  1412.557   89.558   3.135 0.000
134.582639 134.596528  1372.480   87.022   3.081 0.000
134.627778 134.641667  1401.897   88.873   3.048 0.000
134.718056 134.731944  1356.166   85.961   2.850 0.000
134.763194 134.777083  1357.034   86.016   2.852 0.000
134.853472 134.867361  1341.090   84.980   2.619 0.000
134.898611 134.912500  1332.636   84.435   2.529 0.000
134.988889 135.002778  1309.238   82.943   2.408 0.000
135.034028 135.047917  1299.159   82.314   2.465 0.000
135.124306 135.138194  1257.529   79.701   2.581 0.000
135.169444 135.183333  1243.144   78.798   2.624 0.000
135.756250 135.770139  1392.394   88.370   3.682 0.000
135.801389 135.815278  1317.075   83.572   3.375 0.000
135.891667 135.905556  1257.307   79.764   3.125 0.000
135.936806 135.950694  1208.501   76.677   3.059 0.000
136.054861 136.068750   977.407   62.022   2.519 0.000
136.072222 136.086111   932.191   59.148   2.376 0.000
136.214583 136.228472  1032.568   65.540   2.769 0.000
136.304861 136.318750  1412.568   89.674   3.873 0.000
136.350000 136.363889  1311.487   83.275   3.701 0.000
136.440278 136.454167  1217.157   77.302   3.526 0.000
136.513194 136.527083  1219.605   77.447   3.477 0.000
136.575694 136.589583  1160.474   73.709   3.401 0.000
136.620833 136.634722  1207.600   76.682   3.423 0.000
136.711111 136.725000  1229.991   78.126   3.608 0.000
136.756250 136.770139  1226.368   77.876   3.490 0.000
136.846528 136.860417  1142.778   72.559   3.203 0.000
136.891667 136.905556  1064.552   67.597   3.012 0.000
136.981944 136.995833  1109.508   70.452   3.140 0.000
137.054861 137.068750  1126.013   71.545   3.428 0.000
137.117361 137.131250  1091.917   69.378   3.324 0.000
137.162500 137.176389  1103.690   70.088   3.157 0.000
137.252778 137.266667  1080.330   68.605   3.090 0.000
137.297917 137.311806  1152.760   73.208   3.314 0.000
137.388194 137.402083  1259.048   79.958   3.620 0.000
137.433333 137.447222  1281.578   81.311   3.228 0.000
137.523611 137.537500  1290.021   81.847   3.250 0.000
137.596528 137.610417  1285.023   81.525   3.207 0.000
137.659028 137.672917  1361.124   86.353   3.397 0.000
137.704167 137.718056  1386.765   87.943   3.218 0.000
137.794444 137.808333  1348.333   85.505   3.129 0.000
137.839583 137.853472  1340.421   85.014   3.180 0.000
137.929861 137.943750  1320.302   83.738   3.133 0.000
137.975000 137.988889  1358.632   86.148   3.077 0.000
138.065278 138.079167  1231.454   78.083   2.789 0.000
138.138194 138.152083  1209.156   76.656   2.643 0.000
138.200694 138.214583  1263.161   80.080   2.761 0.000
138.245833 138.259722  1174.340   74.425   2.388 0.000
138.336111 138.350000  1183.131   74.982   2.406 0.000
138.381250 138.395139  1204.028   76.268   2.129 0.000
138.471528 138.485417  1203.889   76.260   2.129 0.000
138.516667 138.530556  1241.681   78.641   2.078 0.000
138.606944 138.620833  1186.239   75.129   1.985 0.000
138.679861 138.693750  1260.550   79.840   2.152 0.000
138.742361 138.756250  1161.744   73.582   1.983 0.000
138.787500 138.801389  1138.941   72.141   1.975 0.000
138.877778 138.891667  1117.911   70.809   1.939 0.000
138.922917 138.936806  1127.591   71.395   1.688 0.000
139.013194 139.027083  1178.851   74.641   1.765 0.000
139.058333 139.072222  1319.248   83.517   1.833 0.000
139.148611 139.162500  1286.854   81.466   1.788 0.000
139.221528 139.235417  1344.862   85.219   2.633 0.000
139.284028 139.297917  1488.917   94.348   2.915 0.000
139.329167 139.343056  1481.121   93.928   3.449 0.000
139.419444 139.433333  1541.885   97.781   3.591 0.000
139.464583 139.478472  1552.098   98.451   3.758 0.000
139.554861 139.568750  1557.636   98.802   3.771 0.000
139.600000 139.613889  1553.372   98.553   3.902 0.000
139.690278 139.704167  1543.082   97.900   3.876 0.000
139.763194 139.777083  1558.280   98.860   3.882 0.000
139.825694 139.839583  1546.060   98.084   3.852 0.000
139.870833 139.884722  1535.396   97.751   5.602 0.000
139.961111 139.975000  1570.276  100.202   6.660 0.000
140.006250 140.020139  1573.830  100.490   6.901 0.000
140.096528 140.110417  1567.832  100.044   6.642 0.000
140.141667 140.155556  1564.016   99.864   6.858 0.000
140.231944 140.245833  1625.563  103.808   7.181 0.000
140.304861 140.318750  1621.803  103.630   7.385 0.000
140.367361 140.381250  1616.910  103.264   7.174 0.000
140.412500 140.426389  1635.999  104.555   7.511 0.000
140.502778 140.516667  1595.366  101.888   7.077 0.000
140.547917 140.561806  1552.336   99.207   7.126 0.000
140.638194 140.652083  1599.331  102.187   7.258 0.000
140.683333 140.697222  1622.629  103.745   7.606 0.000
140.999306 141.013194  1502.260   96.527   8.520 0.000
141.044444 141.058333  1543.657   99.130   8.592 0.000
141.134722 141.148611  1571.476  100.980   8.927 0.000
141.179861 141.193750  1585.259  101.768   8.727 0.000
141.270139 141.284028  1462.614   93.904   8.077 0.000
141.315278 141.329167  1481.789   95.041   7.905 0.000
141.405556 141.419444  1551.983   99.482   8.094 0.000
141.450694 141.464583  1579.716  101.260   8.238 0.000
141.540972 141.554861  1642.993  105.392   8.800 0.000
141.586111 141.600000  1642.013  105.307   8.728 0.000
141.676389 141.690278  1563.329  100.238   8.242 0.000
141.721528 141.735417  1425.085   91.374   7.513 0.000
141.811806 141.825694  1293.195   82.921   6.827 0.000
141.856944 141.870833  1356.271   86.965   7.160 0.000
141.947222 141.961111  1324.443   84.659   6.134 0.000
141.992361 142.006250  1328.020   84.729   5.580 0.000
142.082639 142.096528  1318.417   84.084   5.415 0.000
142.127778 142.141667  1335.414   85.215   5.664 0.000
142.714583 142.728472  1252.640   79.845   4.968 0.000
142.759722 142.773611  1349.657   86.005   5.259 0.000
142.850000 142.863889  1282.003   81.550   4.369 0.000
142.895139 142.909028  1239.897   78.879   4.260 0.000
142.985417 142.999306  1188.371   75.431   3.198 0.000
143.030556 143.044444  1218.829   77.395   3.459 0.000
143.172917 143.186806  1239.418   78.683   3.403 0.000
143.263194 143.277083  1220.785   77.500   3.352 0.000
143.308333 143.322222  1251.539   79.471   3.541 0.000
143.398611 143.412500  1257.405   79.864   3.673 0.000
143.471528 143.485417  1262.177   80.160   3.648 0.000
143.534028 143.547917  1315.503   83.482   3.427 0.000
143.579167 143.593056  1330.494   84.381   3.132 0.000
143.669444 143.683333  1411.009   89.487   3.321 0.000
143.714583 143.728472  1418.625   89.970   3.336 0.000
143.804861 143.818750  1385.517   87.870   3.259 0.000
143.850000 143.863889  1352.236   85.767   3.234 0.000
143.940278 143.954167  1419.117   90.016   3.441 0.000
143.985417 143.999306  1366.484   86.678   3.313 0.000
144.075694 144.089583  1308.639   83.009   3.173 0.000
144.120833 144.134722  1352.779   85.812   3.305 0.000
144.211111 144.225000  1290.997   81.874   3.030 0.000
144.256250 144.270139  1334.570   84.658   3.264 0.000
144.346528 144.360417  1235.914   78.380   2.897 0.000
144.391667 144.405556  1278.388   81.054   2.860 0.000
