data/obs/c2h6/WDCGG/event/CH0005R.20100101000000.20140501000000.online_gc.ethane.air.1y.2h.CH01L_Agilent_ADS-GC-FID_cn10450060_RIG.CH01L_ADS_GC_FID_VOCAIR_RIGI..nas
58 1001
Reimann, Stefan
CH01L, Swiss Federal Laboratories for Materials Science and Technology, EMPA, Section Air Pollution, Überlandstrasse 133, , 8600, Dübendorf, Switzerland
Reimann, Stefan
EMEP GAW-WDCRG
1 1
2010 01 01 2014 05 01
0.083333
days from file reference point
3
1 1 1
999.999999 99999 9.999
end_time of measurement, days from the file reference point
ethane, pmol/mol
numflag ethane, no unit
0
41
Data definition:              EBAS_1.1
Set type code:                TU
Timezone:                     UTC
File name:                    CH0005R.20100101000000.20140501000000.online_gc.ethane.air.1y.2h.CH01L_Agilent_ADS-GC-FID_cn10450060_RIG.CH01L_ADS_GC_FID_VOCAIR_RIGI..nas
File creation:                20190306184552
Startdate:                    20100101000000
Revision date:                20140501000000
Statistics:                   arithmetic mean
Data level:                   
Period code:                  1y
Resolution code:              2h
Sample duration:              40mn
Orig. time res.:              2h
Station code:                 CH0005R
Platform code:                CH0005S
Station name:                 Rigi
Station GAW-ID:               RIG
Station latitude:             47.0675
Station longitude:            8.463889
Station altitude:             1031.0m
Measurement height:           4.0m
Regime:                       IMG
Component:                    ethane
Unit:                         pmol/mol
Matrix:                       air
Instrument type:              online_gc
Laboratory code:              CH01L
Instrument name:              Agilent_ADS-GC-FID_cn10450060_RIG
Method ref:                   CH01L_ADS_GC_FID_VOCAIR_RIGI
Inlet description:            above the roof
Volume std. temperature:      273.15 K
Volume std. pressure:         1013.25 hPa
Detection limit:              9.0 pmol/mol
Detection limit expl.:        Determined by integration of a baseline signal multiplied by a factor of 3, detection     limit flag 147
Measurement uncertainty expl.: Includes reproducibility (precision) + systematic errors (accuracy)
Zero/negative values code:    Zero/negative impossible
Zero/negative values:         Neg. values don't appear because data was processed and neg data taken out
Originator:                   Reimann, Stefan, , , , , , , , , 
Submitter:                    Reimann, Stefan, , , , , , , , , 
Comment:                      "No SOP currently available, o3 removed with an ozone scrubber, nafion dryer, Calibration interval:1/month calibration interval"
starttime endtime C2H6 flag_C2H6
[from data line 471]
 39.250000  39.263889  1819 0.000
 39.333333  39.347222  1916 0.000
 39.416667  39.430556  1745 0.000
 39.500000  39.513889  2475 0.000
 39.583333  39.597222  2165 0.000
 39.666667  39.680556  2264 0.000
 39.750000  39.763889  2106 0.000
 39.833333  39.847222  2356 0.000
 39.916667  39.930556  2554 0.000
 40.000000  40.013889  2982 0.000
 40.083333  40.097222  3472 0.000
 40.166667  40.180556  3852 0.000
 40.250000  40.263889  4055 0.000
 40.333333  40.347222  4216 0.000
 40.416667  40.430556  4556 0.000
 40.500000  40.513889  4533 0.000
 40.583333  40.597222  4678 0.000
 40.666667  40.680556  4578 0.000
 40.750000  40.763889  4311 0.000
 40.833333  40.847222  4172 0.000
 40.916667  40.930556  4279 0.000
 41.000000  41.013889  3757 0.000
 41.083333  41.097222  3867 0.000
 41.166667  41.180556  3867 0.000
 41.250000  41.263889  3875 0.000
 41.333333  41.347222  3896 0.000
 41.416667  41.430556  3967 0.000
 41.500000  41.513889  4027 0.000
 41.583333  41.597222  4208 0.000
 41.666667  41.680556  4248 0.000
 41.750000  41.763889  4259 0.000
 41.833333  41.847222  4041 0.000
 41.916667  41.930556  4105 0.000
 42.000000  42.013889  4718 0.000
 42.083333  42.097222  5413 0.000
 42.166667  42.180556  4685 0.000
 42.250000  42.263889  4614 0.000
 42.333333  42.347222  4676 0.000
 42.416667  42.430556  4613 0.000
 42.500000  42.513889  4824 0.000
 42.583333  42.597222  5652 0.000
 42.666667  42.680556  5875 0.000
 42.750000  42.763889  5948 0.000
 42.833333  42.847222  5991 0.000
 42.916667  42.930556  5350 0.000
 43.000000  43.013889  5495 0.000
 43.083333  43.097222  5320 0.000
 43.166667  43.180556  5398 0.000
 43.250000  43.263889  5456 0.000
 43.333333  43.347222  4978 0.000
 43.416667  43.430556  5133 0.000
 43.500000  43.513889  5192 0.000
 43.583333  43.597222  5506 0.000
 43.666667  43.680556  5825 0.000
 43.750000  43.763889  5699 0.000
 43.833333  43.847222  5208 0.000
 43.916667  43.930556  4859 0.000
 44.000000  44.013889  5034 0.000
 44.083333  44.097222  5011 0.000
 44.166667  44.180556  5070 0.000
 44.250000  44.263889  4992 0.000
 44.333333  44.347222  4932 0.000
 44.416667  44.430556  4982 0.000
 44.500000  44.513889  4833 0.000
 44.583333  44.597222  4810 0.000
 44.666667  44.680556  4632 0.000
 44.750000  44.763889  4674 0.000
 44.833333  44.847222  4616 0.000
 44.916667  44.930556  4639 0.000
 45.000000  45.013889  4435 0.000
 45.083333  45.097222  4461 0.000
 45.166667  45.180556  4396 0.000
 45.250000  45.263889  4380 0.000
 45.333333  45.347222  4281 0.000
 45.416667  45.430556  4175 0.000
 45.500000  45.513889  4205 0.000
 45.583333  45.597222  4170 0.000
 45.666667  45.680556  4159 0.000
 45.750000  45.763889  4066 0.000
 45.833333  45.847222  3470 0.000
 45.916667  45.930556  2913 0.000
 46.000000  46.013889  2931 0.000
 46.083333  46.097222  3104 0.000
 46.166667  46.180556  3068 0.000
 46.250000  46.263889  3136 0.000
 46.333333  46.347222  3130 0.000
 46.416667  46.430556  3159 0.000
 46.500000  46.513889  3147 0.000
 46.583333  46.597222  2823 0.000
 46.666667  46.680556  2575 0.000
 46.750000  46.763889  2744 0.000
 46.833333  46.847222  2888 0.000
 46.916667  46.930556  3032 0.000
 47.000000  47.013889  3055 0.000
 47.083333  47.097222  3272 0.000
 47.166667  47.180556  3070 0.000
 47.250000  47.263889  2760 0.000
 47.333333  47.347222  2914 0.000
 47.416667  47.430556  2924 0.000
 47.500000  47.513889  3302 0.000
 47.583333  47.597222  2894 0.000
 47.666667  47.680556  2772 0.000
 47.750000  47.763889  2788 0.000
 47.833333  47.847222  2968 0.000
 47.916667  47.930556  3024 0.000
 48.000000  48.013889  2913 0.000
 48.083333  48.097222  2886 0.000
 48.166667  48.180556  2934 0.000
 48.250000  48.263889  2932 0.000
 48.333333  48.347222  2944 0.000
 48.416667  48.430556  2850 0.000
 48.500000  48.513889  2874 0.000
 48.583333  48.597222  3033 0.000
 48.666667  48.680556  3108 0.000
 48.750000  48.763889  3156 0.000
 48.833333  48.847222  3210 0.000
 48.916667  48.930556  2661 0.000
 49.000000  49.013889  2332 0.000
 49.083333  49.097222  2386 0.000
 49.166667  49.180556  2514 0.000
 49.250000  49.263889  2579 0.000
 49.333333  49.347222  3128 0.000
 49.416667  49.430556  3023 0.000
 49.500000  49.513889  3327 0.000
 49.583333  49.597222  3205 0.000
 49.666667  49.680556  3242 0.000
 49.750000  49.763889  2427 0.000
 49.833333  49.847222  2319 0.000
 49.916667  49.930556  2539 0.000
 50.000000  50.013889  2982 0.000
 50.083333  50.097222  3005 0.000
 50.166667  50.180556  2990 0.000
 50.250000  50.263889  3115 0.000
 50.333333  50.347222  3096 0.000
 50.416667  50.430556  2976 0.000
 50.500000  50.513889  2824 0.000
 50.583333  50.597222  2752 0.000
 50.666667  50.680556  2646 0.000
 50.750000  50.763889  2576 0.000
 50.833333  50.847222  2574 0.000
 50.916667  50.930556  2514 0.000
 51.000000  51.013889  2466 0.000
 51.083333  51.097222  2285 0.000
 51.166667  51.180556  2373 0.000
 51.250000  51.263889  2101 0.000
 51.333333  51.347222  2108 0.000
 51.416667  51.430556  2007 0.000
 51.500000  51.513889  1950 0.000
 51.583333  51.597222  2033 0.000
 51.666667  51.680556  2124 0.000
 51.750000  51.763889  2035 0.000
 51.833333  51.847222  2052 0.000
 51.916667  51.930556  2142 0.000
 52.000000  52.013889  2316 0.000
 52.083333  52.097222  2449 0.000
 52.166667  52.180556  2219 0.000
 52.250000  52.263889  2282 0.000
 52.333333  52.347222  2415 0.000
 52.416667  52.430556  2371 0.000
 52.500000  52.513889  2471 0.000
 52.583333  52.597222  2438 0.000
 52.666667  52.680556  2437 0.000
 52.750000  52.763889  2425 0.000
 52.833333  52.847222  2252 0.000
 52.916667  52.930556  2166 0.000
 53.000000  53.013889  2114 0.000
 53.083333  53.097222  2102 0.000
 53.166667  53.180556  2140 0.000
 53.250000  53.263889  2181 0.000
 53.333333  53.347222  2082 0.000
 53.416667  53.430556  2098 0.000
 53.500000  53.513889  1998 0.000
 53.583333  53.597222  2195 0.000
 53.666667  53.680556  1990 0.000
 53.750000  53.763889  1891 0.000
 53.833333  53.847222  1916 0.000
 53.916667  53.930556  1888 0.000
 54.000000  54.013889  1875 0.000
 54.083333  54.097222  2014 0.000
 54.166667  54.180556  1933 0.000
 54.250000  54.263889  1950 0.000
 54.333333  54.347222  1951 0.000
 54.416667  54.430556  1989 0.000
 54.500000  54.513889  2040 0.000
 54.583333  54.597222  2097 0.000
 54.666667  54.680556  2029 0.000
 54.750000  54.763889  2029 0.000
 54.833333  54.847222  2167 0.000
 54.916667  54.930556  2007 0.000
 55.000000  55.013889  1970 0.000
 55.083333  55.097222  1982 0.000
 55.166667  55.180556  2024 0.000
 55.250000  55.263889  1985 0.000
 55.333333  55.347222  1981 0.000
 55.416667  55.430556  2002 0.000
 55.500000  55.513889  2074 0.000
 55.583333  55.597222  2095 0.000
 55.666667  55.680556  2080 0.000
 55.750000  55.763889  1994 0.000
 55.833333  55.847222  2022 0.000
 55.916667  55.930556  2579 0.000
 56.000000  56.013889  2702 0.000
 56.083333  56.097222  2402 0.000
 56.166667  56.180556  2003 0.000
 56.250000  56.263889  1961 0.000
 56.333333  56.347222  1969 0.000
 56.416667  56.430556  2063 0.000
 56.500000  56.513889  2131 0.000
 56.583333  56.597222  2115 0.000
 56.666667  56.680556  2248 0.000
 56.750000  56.763889  2378 0.000
 56.833333  56.847222  2382 0.000
 56.916667  56.930556  2346 0.000
 57.000000  57.013889  2332 0.000
 57.083333  57.097222  2355 0.000
 57.166667  57.180556  2257 0.000
 57.250000  57.263889  2232 0.000
 57.333333  57.347222  2241 0.000
 57.416667  57.430556  2203 0.000
 57.500000  57.513889  2314 0.000
 57.583333  57.597222  2182 0.000
 57.666667  57.680556  2090 0.000
 57.750000  57.763889  2014 0.000
 57.833333  57.847222  1919 0.000
 57.916667  57.930556  1947 0.000
 58.000000  58.013889  1996 0.000
 58.083333  58.097222  2094 0.000
 58.166667  58.180556  2109 0.000
 58.250000  58.263889  2313 0.000
 58.333333  58.347222  2102 0.000
 58.416667  58.430556  1940 0.000
 58.500000  58.513889  1880 0.000
 58.583333  58.597222  1969 0.000
 58.666667  58.680556  1869 0.000
 58.750000  58.763889  1887 0.000
 58.833333  58.847222  1920 0.000
 58.916667  58.930556  1929 0.000
 59.000000  59.013889  1954 0.000
 59.083333  59.097222  2035 0.000
 59.166667  59.180556  2082 0.000
 59.250000  59.263889  2119 0.000
 59.333333  59.347222  2118 0.000
 59.416667  59.430556  2106 0.000
 59.500000  59.513889  2150 0.000
 59.583333  59.597222  2156 0.000
 59.666667  59.680556  2163 0.000
 59.750000  59.763889  2141 0.000
 59.833333  59.847222  2400 0.000
 59.916667  59.930556  2308 0.000
 60.000000  60.013889  2371 0.000
 60.083333  60.097222  2471 0.000
 60.166667  60.180556  2354 0.000
 60.250000  60.263889  2353 0.000
 60.333333  60.347222  2153 0.000
 60.416667  60.430556  2009 0.000
 60.500000  60.513889  2017 0.000
 60.583333  60.597222  2029 0.000
 60.666667  60.680556  2099 0.000
 60.750000  60.763889  2122 0.000
 60.833333  60.847222  2099 0.000
 60.916667  60.930556  2114 0.000
 61.000000  61.013889  2107 0.000
 61.083333  61.097222  2121 0.000
 61.166667  61.180556  2207 0.000
 61.250000  61.263889  2158 0.000
 61.333333  61.347222  2155 0.000
 61.416667  61.430556  2203 0.000
 61.500000  61.513889  2330 0.000
 61.583333  61.597222  2315 0.000
 61.666667  61.680556  2278 0.000
 61.750000  61.763889  2357 0.000
 61.833333  61.847222  2474 0.000
 61.916667  61.930556  2756 0.000
 62.000000  62.013889  2760 0.000
 62.083333  62.097222  2839 0.000
 62.166667  62.180556  2800 0.000
 62.250000  62.263889  2812 0.000
 62.333333  62.347222  2948 0.000
 62.416667  62.430556  3096 0.000
 62.500000  62.513889  3084 0.000
 62.583333  62.597222  3006 0.000
 62.666667  62.680556  2974 0.000
 62.750000  62.763889  2657 0.000
 62.833333  62.847222  2587 0.000
 62.916667  62.930556  3003 0.000
 63.000000  63.013889  2393 0.000
 63.083333  63.097222  2354 0.000
 63.166667  63.180556  2399 0.000
 63.250000  63.263889  2602 0.000
 63.333333  63.347222  2728 0.000
 63.416667  63.430556  2836 0.000
 63.500000  63.513889  2698 0.000
 63.583333  63.597222  2658 0.000
 63.666667  63.680556  2692 0.000
 63.750000  63.763889  2761 0.000
 63.833333  63.847222  2658 0.000
 63.916667  63.930556  2582 0.000
 64.000000  64.013889  2619 0.000
 64.083333  64.097222  2492 0.000
 64.166667  64.180556  2555 0.000
 64.250000  64.263889  2385 0.000
 64.333333  64.347222  2237 0.000
 64.416667  64.430556  2448 0.000
 64.500000  64.513889  2575 0.000
 64.583333  64.597222  2909 0.000
 64.666667  64.680556  2713 0.000
 64.750000  64.763889  2725 0.000
 64.833333  64.847222  2480 0.000
 64.916667  64.930556  2540 0.000
 65.000000  65.013889  2682 0.000
 65.083333  65.097222  2655 0.000
 65.166667  65.180556  2665 0.000
 65.250000  65.263889  2608 0.000
 65.333333  65.347222  2566 0.000
 65.416667  65.430556  2624 0.000
 65.500000  65.513889  2618 0.000
 65.583333  65.597222  2608 0.000
 65.666667  65.680556  2761 0.000
 65.750000  65.763889  2773 0.000
 65.833333  65.847222  2840 0.000
 65.916667  65.930556  3141 0.000
 66.000000  66.013889  3193 0.000
 66.083333  66.097222  3109 0.000
 66.166667  66.180556  3160 0.000
 66.250000  66.263889  3223 0.000
 66.333333  66.347222  3275 0.000
 66.416667  66.430556  3209 0.000
 66.500000  66.513889  3136 0.000
 66.583333  66.597222  3006 0.000
 66.666667  66.680556  2872 0.000
 66.750000  66.763889  2822 0.000
 66.833333  66.847222  2729 0.000
 66.916667  66.930556  2654 0.000
 67.000000  67.013889  2661 0.000
 67.083333  67.097222  2658 0.000
 67.166667  67.180556  2666 0.000
 67.250000  67.263889  2712 0.000
 67.333333  67.347222  2756 0.000
 67.416667  67.430556  2805 0.000
 67.500000  67.513889  2818 0.000
 67.583333  67.597222  2838 0.000
 67.666667  67.680556  2887 0.000
 67.750000  67.763889  3174 0.000
 67.833333  67.847222  3265 0.000
 67.916667  67.930556  3279 0.000
 68.000000  68.013889  3146 0.000
 68.083333  68.097222  3167 0.000
 68.166667  68.180556  3172 0.000
 68.250000  68.263889  3142 0.000
 68.333333  68.347222  3208 0.000
 68.416667  68.430556  3367 0.000
 68.500000  68.513889  3573 0.000
 68.583333  68.597222  3606 0.000
 68.666667  68.680556  3607 0.000
 68.750000  68.763889  3554 0.000
 68.833333  68.847222  3609 0.000
 68.916667  68.930556  3577 0.000
 69.000000  69.013889  3584 0.000
 69.083333  69.097222  3683 0.000
 69.166667  69.180556  3644 0.000
 69.250000  69.263889  3709 0.000
 69.333333  69.347222  3696 0.000
 69.416667  69.430556  3896 0.000
 69.500000  69.513889  3797 0.000
 69.583333  69.597222  3681 0.000
 69.666667  69.680556  3622 0.000
 69.750000  69.763889  3729 0.000
 69.833333  69.847222  3645 0.000
 69.916667  69.930556  3773 0.000
 70.000000  70.013889  3781 0.000
 70.083333  70.097222  3705 0.000
 70.166667  70.180556  3696 0.000
 70.250000  70.263889  3694 0.000
 70.333333  70.347222  4179 0.000
 70.416667  70.430556  3831 0.000
 70.500000  70.513889  3787 0.000
 70.583333  70.597222  3808 0.000
 70.666667  70.680556  3873 0.000
 70.750000  70.763889  3823 0.000
 70.833333  70.847222  3886 0.000
 70.916667  70.930556  3708 0.000
 71.000000  71.013889  3657 0.000
 71.083333  71.097222  3673 0.000
 71.166667  71.180556  3617 0.000
 71.250000  71.263889  3214 0.000
 71.333333  71.347222  3296 0.000
 71.416667  71.430556  3397 0.000
 71.500000  71.513889  2962 0.000
 71.583333  71.597222  2766 0.000
 71.666667  71.680556  2492 0.000
 71.750000  71.763889  2302 0.000
 71.833333  71.847222  2255 0.000
 71.916667  71.930556  2297 0.000
 72.000000  72.013889  2405 0.000
 72.083333  72.097222  2415 0.000
 72.166667  72.180556  2424 0.000
 72.250000  72.263889  2495 0.000
 72.333333  72.347222  2562 0.000
 72.416667  72.430556  2575 0.000
 72.500000  72.513889  2434 0.000
 72.583333  72.597222  2437 0.000
 72.666667  72.680556  2362 0.000
 72.750000  72.763889  2449 0.000
 72.833333  72.847222  2271 0.000
 72.916667  72.930556  2424 0.000
 73.000000  73.013889  2518 0.000
 73.083333  73.097222  2227 0.000
 73.166667  73.180556  2239 0.000
 73.250000  73.263889  2258 0.000
 73.333333  73.347222  2251 0.000
 73.416667  73.430556  2302 0.000
 73.500000  73.513889  2230 0.000
 73.583333  73.597222  2212 0.000
 73.666667  73.680556  2184 0.000
 73.750000  73.763889  2019 0.000
 73.833333  73.847222  2153 0.000
 73.916667  73.930556  2062 0.000
 74.000000  74.013889  1986 0.000
 74.083333  74.097222  1965 0.000
 74.166667  74.180556  1969 0.000
 74.250000  74.263889  2016 0.000
 74.333333  74.347222  2103 0.000
 74.416667  74.430556  2098 0.000
 74.500000  74.513889  2037 0.000
 74.583333  74.597222  2000 0.000
 74.666667  74.680556  2005 0.000
 74.750000  74.763889  1967 0.000
 74.833333  74.847222  1971 0.000
 74.916667  74.930556  1897 0.000
 75.000000  75.013889  1895 0.000
 75.083333  75.097222  1888 0.000
 75.166667  75.180556  1898 0.000
 75.250000  75.263889  1860 0.000
 75.333333  75.347222  1935 0.000
 75.416667  75.430556  1944 0.000
 75.500000  75.513889  1944 0.000
 75.583333  75.597222  1904 0.000
 75.666667  75.680556  2017 0.000
 75.750000  75.763889  1860 0.000
 75.833333  75.847222  1868 0.000
 75.916667  75.930556  1879 0.000
 76.000000  76.013889  1846 0.000
 76.083333  76.097222  1781 0.000
 76.166667  76.180556  1707 0.000
 76.250000  76.263889  1705 0.000
 76.333333  76.347222  1668 0.000
 76.416667  76.430556  1689 0.000
 76.500000  76.513889  1699 0.000
 76.583333  76.597222  1777 0.000
 76.666667  76.680556  1855 0.000
 76.750000  76.763889  1758 0.000
 76.833333  76.847222  1649 0.000
 76.916667  76.930556  1745 0.000
 77.000000  77.013889  1743 0.000
 77.083333  77.097222  1729 0.000
 77.166667  77.180556  1725 0.000
 77.250000  77.263889  1763 0.000
 77.333333  77.347222  1937 0.000
 77.416667  77.430556  1920 0.000
 77.500000  77.513889  1914 0.000
 77.583333  77.597222  1935 0.000
 77.666667  77.680556  1813 0.000
 77.750000  77.763889  1802 0.000
 77.833333  77.847222  1777 0.000
 77.916667  77.930556  1718 0.000
 78.000000  78.013889  1610 0.000
 78.083333  78.097222  1886 0.000
 78.166667  78.180556  1924 0.000
 78.250000  78.263889  1978 0.000
 78.333333  78.347222  1977 0.000
