data/obs/c2h6/WDCGG/event/CH0001G.20130101005200.20170425145159.online_gc.ethane.air.1y.2h.CH01L_Agilent_GC-MS-MEDUSA_Medusa-12_JFJ.CH01L_VOC_AIR_MEDUSA-12.lev2.nas
68 1001
Hill, Matz; Reimann, Stefan
CH01L, Swiss Federal Laboratories for Materials Science and Technology, EMPA, Section Air Pollution, Überlandstrasse 133, , 8600, Dübendorf, Switzerland
Hill, Matz
ACTRIS EMEP GAW-WDCGG-node GAW-WDCRG
1 1
2013 01 01 2017 04 25
0
days from file reference point
5
1 1 1 1 1
999.999999 99999.999 9999.999 999.999 9.999
end_time of measurement, days from the file reference point
ethane, pmol/mol, Statistics=arithmetic mean, Detection limit=1.1 pmol/mol
ethane, pmol/mol, Statistics=expanded uncertainty 2sigma
ethane, pmol/mol, Statistics=precision
numflag, no unit
0
49
Data definition:              EBAS_1.1
Set type code:                TI
Timezone:                     UTC
File name:                    CH0001G.20130101005200.20170425145159.online_gc.ethane.air.1y.2h.CH01L_Agilent_GC-MS-MEDUSA_Medusa-12_JFJ.CH01L_VOC_AIR_MEDUSA-12.lev2.nas
File creation:                20190306184543
Startdate:                    20130101005200
Revision date:                20170425145159
Version:                      3
Version description:          third revision, manually inspected
Data level:                   2
Period code:                  1y
Resolution code:              2h
Sample duration:              20mn
Orig. time res.:              2h
Station code:                 CH0001G
Platform code:                CH0001S
Station name:                 Jungfraujoch
Station GAW-ID:               JFJ
Station latitude:             46.5475
Station longitude:            7.985
Station altitude:             3578.0m
Measurement height:           4.0m
Regime:                       IMG
Component:                    ethane
Unit:                         pmol/mol
Matrix:                       air
Instrument type:              online_gc
Laboratory code:              CH01L
Instrument name:              Agilent_GC-MS-MEDUSA_Medusa-12_JFJ
Instrument manufacturer:      AGAGE+Agilent+Agilent
Instrument model:             MEDUSA+6890N+5975B
Instrument serial number:     Medusa-12
Method ref:                   CH01L_VOC_AIR_MEDUSA-12
Standard method:              None
Calibration scale:            SIO-p
Inlet type:                   Hat or hood
Inlet description:            above the roof
Volume std. temperature:      273.15 K
Volume std. pressure:         1013.25 hPa
Detection limit expl.:        Determined by instrument counting statistics, no detection limit flag used
Measurement uncertainty expl.: Includes reproducibility (precision) + systematic errors (accuracy)
Zero/negative values code:    Zero/negative impossible
Zero/negative values:         Zero and neg. values do not appear because data was processed and zero/neg data taken out
Originator:                   Hill, Matz, matthias.hill@empa.ch, Swiss Federal Laboratories for Materials Science and Technology, Empa, Air Pollution/Environmental Technology, Ueberlandstrasse 129, , CH-8600, Duebendorf, Switzerland
Originator:                   Reimann, Stefan, , , , , , , , , 
Submitter:                    Hill, Matz, matthias.hill@empa.ch, Swiss Federal Laboratories for Materials Science and Technology, Empa, Air Pollution/Environmental Technology, Ueberlandstrasse 129, , CH-8600, Duebendorf, Switzerland
Acknowledgement:              Request acknowledgement details from data originator
Comment:                      "No SOP currently available, MEDUSA. Sample volume: 2L, trap at -170degC, trap material Hayesep D, Nafion dryer, no O3 removal, 2-hourly calibration interval"
starttime endtime C2H6 C2H6 C2H6 flag
[from data line 873]
 69.027778  69.041667  2007.902  127.698   6.710 0.000
 69.069444  69.083333  2021.224  128.599   7.008 0.000
 69.152778  69.166667  2051.586  130.509   7.010 0.000
 69.194444  69.208333  2061.560  131.143   7.044 0.000
 69.277778  69.291667  2141.076  136.153   7.083 0.000
 69.319444  69.333333  2104.472  133.825   6.962 0.000
 69.402778  69.416667  2095.028  133.179   6.708 0.000
 69.444444  69.458333  2096.624  133.280   6.713 0.000
 69.527778  69.541667  2083.552  132.418   6.517 0.000
 69.569444  69.583333  2079.712  132.174   6.505 0.000
 69.652778  69.666667  2068.888  131.442   6.243 0.000
 69.694444  69.708333  2065.346  131.217   6.232 0.000
 69.777778  69.791667  2087.355  132.673   6.592 0.000
 69.819444  69.833333  2110.970  134.174   6.667 0.000
 69.902778  69.916667  2113.151  134.407   7.135 0.000
 69.944444  69.958333  2106.124  133.960   7.111 0.000
 70.027778  70.041667  2093.343  133.212   7.368 0.000
 70.069444  70.083333  2114.819  134.579   7.443 0.000
 70.152778  70.166667  2113.060  134.289   6.584 0.000
 70.194444  70.208333  2116.712  134.521   6.595 0.000
 70.277778  70.291667  2120.526  134.584   5.620 0.000
 70.319444  70.333333  2132.221  135.326   5.651 0.000
 70.402778  70.416667  2117.028  134.341   5.482 0.000
 70.444444  70.458333  2084.324  132.265   5.397 0.000
 70.527778  70.541667  2084.613  132.298   5.486 0.000
 70.569444  70.583333  2067.760  131.229   5.442 0.000
 70.652778  70.666667  2080.682  132.044   5.449 0.000
 70.694444  70.708333  2086.155  132.392   5.463 0.000
 70.777778  70.791667  2100.992  133.345   5.574 0.000
 70.819444  70.833333  2096.583  133.065   5.562 0.000
 70.902778  70.916667  2288.660  145.292   6.282 0.000
 70.944444  70.958333  2270.116  144.083   6.045 0.000
 71.027778  71.041667  2190.672  139.033   5.789 0.000
 71.069444  71.083333  2127.593  135.092   5.981 0.000
 71.152778  71.166667  2262.842  143.686   6.400 0.000
 71.194444  71.208333  2246.850  142.729   6.673 0.000
 71.277778  71.291667  2238.413  142.238   6.886 0.000
 71.319444  71.333333  2251.204  143.003   6.676 0.000
 71.402778  71.416667  2203.641  139.984   6.545 0.000
 71.444444  71.458333  2179.272  138.413   6.349 0.000
 71.527778  71.541667  2170.332  137.878   6.500 0.000
 71.569444  71.583333  2184.420  138.752   6.429 0.000
 71.861111  71.875000  2266.135  144.039   7.173 0.000
 71.902778  71.916667  3016.402  191.603   8.904 0.000
 71.986111  72.000000  3046.097  193.494   9.018 0.000
 72.027778  72.041667  3022.744  191.928   8.491 0.000
 72.111111  72.125000  3028.476  192.242   8.219 0.000
 72.152778  72.166667  3038.427  192.914   8.481 0.000
 72.236111  72.250000  3248.500  206.202   8.778 0.000
 72.277778  72.291667  2883.291  183.059   8.017 0.000
 72.361111  72.375000  2522.578  160.134   6.878 0.000
 72.402778  72.416667  2827.072  179.506   7.955 0.000
 72.486111  72.500000  2341.553  148.639   6.363 0.000
 72.527778  72.541667  2303.037  146.212   6.366 0.000
 72.611111  72.625000  2322.012  147.418   6.423 0.000
 72.652778  72.666667  2293.059  145.607   6.496 0.000
 72.736111  72.750000  2436.549  154.707   6.838 0.000
 72.777778  72.791667  2439.172  154.873   6.846 0.000
 72.861111  72.875000  2473.431  157.026   6.814 0.000
 72.902778  72.916667  2492.120  158.212   6.865 0.000
 72.986111  73.000000  2503.092  158.904   6.864 0.000
 73.027778  73.041667  2523.098  160.174   6.919 0.000
 73.111111  73.125000  2504.304  158.872   6.206 0.000
 73.152778  73.166667  2500.427  158.626   6.196 0.000
 73.236111  73.250000  2349.974  149.030   5.487 0.000
 73.277778  73.291667  2247.253  142.516   5.248 0.000
 73.361111  73.375000  2089.521  132.647   5.721 0.000
 73.402778  73.416667  2094.915  133.140   6.551 0.000
 73.486111  73.500000  2051.658  130.531   7.093 0.000
 73.527778  73.541667  2042.060  129.921   7.060 0.000
 73.611111  73.625000  2046.262  130.207   7.161 0.000
 73.652778  73.666667  1879.891  119.590   6.439 0.000
 73.736111  73.750000  1766.956  112.436   6.189 0.000
 73.777778  73.791667  1990.023  126.613   6.896 0.000
 73.861111  73.875000  2226.438  141.562   7.273 0.000
 73.902778  73.916667  2068.187  131.488   6.699 0.000
 73.986111  74.000000  2112.210  134.298   6.897 0.000
 74.027778  74.041667  2138.365  135.961   6.982 0.000
 74.111111  74.125000  2155.121  137.050   7.150 0.000
 74.152778  74.166667  2160.198  137.373   7.167 0.000
 74.694444  74.708333  2265.632  144.647   9.880 0.000
 74.736111  74.750000  2382.954  152.138  10.392 0.000
 74.819444  74.833333  2228.060  142.360  10.117 0.000
 74.861111  74.875000  2312.233  147.738  10.499 0.000
 74.944444  74.958333  2284.241  146.090  10.854 0.000
 74.986111  75.000000  2255.049  169.204  45.522 0.000
 75.070139  75.084028  2322.599  176.653  49.062 0.000
 75.111806  75.125694  2426.607  183.768  50.540 0.000
 75.278472  75.292361 99999.999 9999.999 999.999 0.999
 75.320139  75.334028 99999.999 9999.999 999.999 0.999
 75.629167  75.643056 99999.999 9999.999 999.999 0.999
 75.670833  75.684722 99999.999 9999.999 999.999 0.999
 75.754167  75.768056 99999.999 9999.999 999.999 0.999
 75.795833  75.809722 99999.999 9999.999 999.999 0.999
 75.879167  75.893056 99999.999 9999.999 999.999 0.999
 75.920833  75.934722 99999.999 9999.999 999.999 0.999
 76.004167  76.018056 99999.999 9999.999 999.999 0.999
 76.045833  76.059722 99999.999 9999.999 999.999 0.999
 76.129167  76.143056 99999.999 9999.999 999.999 0.999
 76.170833  76.184722 99999.999 9999.999 999.999 0.999
 76.254167  76.268056 99999.999 9999.999 999.999 0.999
 76.295833  76.309722 99999.999 9999.999 999.999 0.999
 76.379167  76.393056 99999.999 9999.999 999.999 0.999
 76.420833  76.434722 99999.999 9999.999 999.999 0.999
 77.852083  77.865972 99999.999 9999.999 999.999 0.999
 77.893750  77.907639 99999.999 9999.999 999.999 0.999
 77.977083  77.990972  2163.918  138.019   8.932 0.000
 78.018750  78.032639  1884.065  120.086   7.448 0.000
 78.102083  78.115972  1742.256  111.048   6.888 0.000
 78.143750  78.157639  1796.256  114.431   6.863 0.000
 78.227083  78.240972  1993.101  126.972   7.615 0.000
 78.268750  78.282639  1857.995  118.325   6.933 0.000
 78.352083  78.365972  1943.545  123.773   7.252 0.000
 78.393750  78.407639  1924.594  122.497   6.878 0.000
 78.477083  78.490972  1890.869  120.350   6.758 0.000
 78.518750  78.532639  1945.892  123.802   6.727 0.000
 78.602083  78.615972  2001.277  127.326   6.919 0.000
 78.643750  78.657639  2051.889  130.493   6.846 0.000
 78.935417  78.949306  2125.916  135.166   6.923 0.000
 78.977083  78.990972  2149.029  136.583   6.737 0.000
 79.060417  79.074306  2165.814  137.684   6.962 0.000
 79.102083  79.115972  2155.775  137.089   7.142 0.000
 79.185417  79.199306  2165.808  137.681   6.949 0.000
 79.227083  79.240972  2176.894  138.428   7.193 0.000
 79.310417  79.324306  2179.853  138.578   7.013 0.000
 79.352083  79.365972  2158.368  137.258   7.171 0.000
 79.435417  79.449306  2084.435  132.627   7.253 0.000
 79.477083  79.490972  2036.053  129.581   7.232 0.000
 79.560417  79.574306  2020.664  128.744   7.789 0.000
 79.602083  79.615972  2034.991  129.705   8.039 0.000
 79.685417  79.699306  1970.894  125.560   7.546 0.000
 79.727083  79.740972  1985.774  126.519   7.648 0.000
 79.810417  79.824306  1987.910  126.692   7.806 0.000
 79.852083  79.865972  1967.118  125.142   6.750 0.000
 79.935417  79.949306  1947.003  123.947   7.066 0.000
 79.977083  79.990972  1971.198  125.488   7.153 0.000
 80.060417  80.074306  2216.941  141.268   8.621 0.000
 80.102083  80.115972  2222.024  141.592   8.641 0.000
 80.185417  80.199306  2347.082  149.598   9.280 0.000
 80.227083  80.240972  2345.573  149.502   9.274 0.000
 80.310417  80.324306  2155.364  137.350   8.407 0.000
 80.352083  80.365972  1933.341  123.150   7.327 0.000
 80.435417  80.449306  1825.612  116.329   7.088 0.000
 80.477083  80.490972 99999.999 9999.999 999.999 0.999
 80.560417  80.574306  1960.010  124.914   7.695 0.000
 80.602083  80.615972  1935.002  123.269   7.386 0.000
 80.685417  80.699306  1857.260  118.365   7.289 0.000
 80.727083  80.740972  1451.151   92.444   5.535 0.000
 80.810417  80.824306  2752.788  175.400  10.652 0.000
 80.852083  80.865972  2926.361  186.418  11.149 0.000
 80.935417  80.949306  2382.602  151.832   9.298 0.000
 80.977083  80.990972  2376.133  151.430   9.312 0.000
 81.060417  81.074306  2003.087  127.651   7.831 0.000
 81.102083  81.115972  2160.012  137.616   8.299 0.000
 81.643750  81.657639  1693.132  107.852   6.429 0.000
 81.685417  81.699306  1694.938  108.020   6.653 0.000
 81.768750  81.782639  1664.974  106.079   6.405 0.000
 81.810417  81.824306  1696.307  108.037   6.365 0.000
 81.893750  81.907639  1741.930  110.831   6.047 0.000
 81.935417  81.949306  2240.582  142.516   7.583 0.000
 82.018750  82.032639  2103.770  133.716   6.645 0.000
 82.060417  82.074306  1694.455  107.669   5.194 0.000
 82.227083  82.240972  1770.621  112.473   5.241 0.000
 82.268750  82.282639  1971.572  125.261   5.956 0.000
 82.352083  82.365972  2410.700  153.160   7.283 0.000
 82.393750  82.407639  2410.970  153.215   7.479 0.000
 82.477083  82.490972  2406.962  152.906   7.185 0.000
 82.518750  82.532639  2241.883  142.437   6.787 0.000
 82.602083  82.615972  2222.745  141.184   6.529 0.000
 82.643750  82.657639  2244.311  142.590   6.784 0.000
 82.727083  82.740972  2297.473  146.181   7.992 0.000
 82.768750  82.782639  2230.063  141.950   8.015 0.000
 82.852083  82.865972  2341.363  149.308   9.550 0.000
 82.893750  82.907639  2427.062  154.808  10.038 0.000
 82.977083  82.990972  2508.363  159.990  10.359 0.000
 83.018750  83.032639  2413.034  153.910   9.969 0.000
 83.102083  83.115972  2127.378  135.640   8.590 0.000
 83.143750  83.157639  2073.861  132.264   8.517 0.000
 83.227083  83.240972 99999.999 9999.999 999.999 0.999
 83.268750  83.282639  2105.869  134.281   8.553 0.000
 83.352083  83.365972  2233.829  142.439   9.066 0.000
 83.393750  83.407639 99999.999 9999.999 999.999 0.999
 83.477083  83.490972  2288.755  145.916   9.192 0.000
 83.518750  83.532639  2320.390  147.933   9.319 0.000
 83.602083  83.615972  2323.719  147.982   8.661 0.000
 83.643750  83.657639  2319.964  147.743   8.647 0.000
 83.727083  83.740972  2274.938  144.781   8.064 0.000
 83.768750  83.782639  2130.253  135.573   7.551 0.000
 83.852083  83.865972  1860.068  118.374   6.576 0.000
 83.893750  83.907639  1820.238  115.839   6.435 0.000
 83.977083  83.990972  1843.609  117.324   6.505 0.000
 84.018750  84.032639  1861.316  118.451   6.568 0.000
 84.102083  84.115972  1845.513  117.486   6.693 0.000
 84.143750  84.157639  1816.064  115.611   6.586 0.000
 84.227083  84.240972  1796.821  114.573   7.292 0.000
 84.268750  84.282639  1790.542  114.172   7.266 0.000
 84.352083  84.365972  1784.810  113.844   7.388 0.000
 84.393750  84.407639  1792.102  114.309   7.418 0.000
 84.477083  84.490972  1836.292  117.135   7.626 0.000
 84.518750  84.532639  1859.006  118.583   7.720 0.000
 84.602083  84.615972  2077.522  132.564   8.788 0.000
 84.643750  84.657639  2221.750  141.767   9.398 0.000
 84.727083  84.740972  1942.635  123.806   7.626 0.000
 84.768750  84.782639  1916.464  122.138   7.523 0.000
 84.852083  84.865972  1890.226  120.211   6.303 0.000
 84.893750  84.907639  1869.574  118.864   6.070 0.000
 84.977083  84.990972  1820.647  115.747   5.883 0.000
 85.018750  85.032639  1805.834  114.846   6.032 0.000
 85.102083  85.115972  1473.481   93.728   5.007 0.000
 85.143750  85.157639  1510.761   96.078   5.037 0.000
 85.227083  85.240972  1567.018   99.692   5.392 0.000
 85.268750  85.282639  1498.371   95.299   5.034 0.000
 85.352083  85.365972  1493.858   95.047   5.183 0.000
 85.393750  85.407639  1528.931   97.250   5.174 0.000
 85.477083  85.490972  1658.384  105.524   5.795 0.000
 85.518750  85.532639  1652.023  105.109   5.726 0.000
 85.602083  85.615972  1781.809  113.340   6.056 0.000
 85.643750  85.657639  1875.076  119.231   6.175 0.000
 85.935417  85.949306  1783.709  113.433   5.928 0.000
 85.977083  85.990972  1902.141  121.007   6.522 0.000
 86.060417  86.074306  2072.404  131.888   7.333 0.000
 86.102083  86.115972  2080.454  132.406   7.387 0.000
 86.185417  86.199306  2044.070  130.046   7.055 0.000
 86.227083  86.240972  2095.911  133.186   6.463 0.000
 86.310417  86.324306  1997.740  126.910   5.966 0.000
 86.352083  86.365972  1951.260  123.895   5.483 0.000
 86.435417  86.449306  1987.393  126.177   5.518 0.000
 86.477083  86.490972  1960.965  124.514   5.529 0.000
 86.560417  86.574306  1892.266  120.156   5.356 0.000
 86.602083  86.615972  1997.296  126.813   5.585 0.000
 86.685417  86.699306  2045.714  129.856   5.539 0.000
 86.727083  86.740972  2040.737  129.491   5.233 0.000
 86.810417  86.824306  2126.158  134.918   5.494 0.000
 86.852083  86.865972  2137.530  135.640   5.527 0.000
 86.935417  86.949306  2176.090  138.120   5.825 0.000
 86.977083  86.990972  2071.787  131.500   5.546 0.000
 87.060417  87.074306  2123.412  134.683   5.102 0.000
 87.102083  87.115972  1978.541  125.495   4.754 0.000
 87.185417  87.199306  1989.891  126.242   4.960 0.000
 87.227083  87.240972  1938.773  122.999   4.833 0.000
 87.310417  87.324306  1959.458  124.324   4.961 0.000
 87.352083  87.365972  1918.671  121.713   4.711 0.000
 87.435417  87.449306  1696.667  107.626   4.144 0.000
 87.477083  87.490972  1763.523  111.867   4.308 0.000
 87.560417  87.574306  1873.683  118.822   4.357 0.000
 87.602083  87.615972  1854.826  117.619   4.265 0.000
 87.685417  87.699306  1948.267  123.563   4.603 0.000
 87.727083  87.740972  1952.451  123.811   4.496 0.000
 87.810417  87.824306  2029.971  128.729   4.694 0.000
 87.852083  87.865972  2012.021  127.642   4.990 0.000
 87.935417  87.949306  1995.042  126.553   4.868 0.000
 87.977083  87.990972  1954.088  124.046   5.327 0.000
 88.060417  88.074306  1905.397  120.896   4.837 0.000
 88.102083  88.115972  2092.171  132.743   5.294 0.000
 88.643750  88.657639  2103.403  133.509   5.645 0.000
 88.685417  88.699306  2109.761  133.882   5.477 0.000
 88.768750  88.782639  2228.539  141.411   5.733 0.000
 88.810417  88.824306  2433.085  154.358   6.055 0.000
 88.893750  88.907639  2004.720  127.171   4.921 0.000
 88.935417  88.949306 99999.999 9999.999 999.999 0.999
 89.018750  89.032639  2071.202  131.426   5.319 0.000
 89.060417  89.074306  2043.638  129.676   5.248 0.000
 89.227083  89.240972 99999.999 9999.999 999.999 0.999
 89.268750  89.282639 99999.999 9999.999 999.999 0.999
 89.352083  89.365972  2011.409  127.607   5.012 0.000
 89.393750  89.407639  1859.460  117.996   4.814 0.000
 89.477083  89.490972  1757.127  111.548   4.823 0.000
 89.518750  89.532639  1683.836  106.935   4.843 0.000
 89.602083  89.615972  1523.564   96.727   4.219 0.000
 89.643750  89.657639  1536.969   97.589   4.318 0.000
 89.727083  89.740972  1876.568  119.134   5.171 0.000
 89.768750  89.782639  2027.283  128.736   5.777 0.000
 89.852083  89.865972  1753.476  111.311   4.781 0.000
 89.893750  89.907639  1743.477  110.622   4.427 0.000
 89.977083  89.990972  1747.464  110.843   4.231 0.000
 90.018750  90.032639  1774.107  112.383   3.168 0.000
 90.102083  90.115972 99999.999 9999.999 999.999 0.999
 90.143750  90.157639 99999.999 9999.999 999.999 0.999
 90.227083  90.240972 99999.999 9999.999 999.999 0.999
 90.268750  90.282639 99999.999 9999.999 999.999 0.999
 90.352083  90.365972 99999.999 9999.999 999.999 0.999
 90.393750  90.407639  1714.233  108.588   3.036 0.000
 90.477083  90.490972  1674.022  106.051   3.054 0.000
 90.518750  90.532639  1674.497  106.081   3.055 0.000
 90.602083  90.615972  1838.225  116.457   3.389 0.000
 90.643750  90.657639  1859.604  117.811   3.429 0.000
 90.727083  90.740972  1913.983  121.307   3.941 0.000
 90.768750  90.782639  1920.468  121.718   3.954 0.000
 90.852083  90.865972  1899.550  120.460   4.397 0.000
 90.893750  90.907639  1913.517  121.345   4.430 0.000
