data/obs/c2h6/WDCGG/event/CH0005R.20120117160000.20160915102628.online_gc.ethane.air.50w.2h.CH01L_Agilent_ADS-GC-FID_cn10450060_RIG.CH01L_ADS_GC_FID_VOCAIR_RIGI.lev2.nas
67 1001
Hill, Matz; Reimann, Stefan
CH01L, Swiss Federal Laboratories for Materials Science and Technology, EMPA, Section Air Pollution, Überlandstrasse 133, , 8600, Dübendorf, Switzerland
Hill, Matz
ACTRIS EMEP GAW-WDCRG
1 1
2012 01 01 2016 09 15
0
days from file reference point
5
1 1 1 1 1
999.999999 99999 9999 999 9.999
end_time of measurement, days from the file reference point
ethane, pmol/mol, Statistics=arithmetic mean, Data level=, Standard method=, Calibration scale=, Inlet type=, Detection limit=7.0 pmol/mol
ethane, pmol/mol, Revision date=20150330000000, Statistics=expanded uncertainty 2sigma
ethane, pmol/mol, Revision date=20150330000000, Statistics=precision
numflag, no unit
0
48
Data definition:              EBAS_1.1
Set type code:                TI
Timezone:                     UTC
File name:                    CH0005R.20120117160000.20160915102628.online_gc.ethane.air.50w.2h.CH01L_Agilent_ADS-GC-FID_cn10450060_RIG.CH01L_ADS_GC_FID_VOCAIR_RIGI.lev2.nas
File creation:                20190306184552
Startdate:                    20120117160000
Revision date:                20160915102628
Version:                      2
Version description:          initial revision, manually inspected, removed all data for butenes and pentenes
Data level:                   2
Period code:                  50w
Resolution code:              2h
Sample duration:              40mn
Station code:                 CH0005R
Platform code:                CH0005S
Station name:                 Rigi
Station GAW-ID:               RIG
Station latitude:             47.0675
Station longitude:            8.463889
Station altitude:             1031.0m
Measurement height:           3.0m
Regime:                       IMG
Component:                    ethane
Unit:                         pmol/mol
Matrix:                       air
Instrument type:              online_gc
Laboratory code:              CH01L
Instrument name:              Agilent_ADS-GC-FID_cn10450060_RIG
Instrument manufacturer:      Agilent
Instrument model:             6890GC/FID
Instrument serial number:     cn10450060
Method ref:                   CH01L_ADS_GC_FID_VOCAIR_RIGI
Standard method:              None
Calibration scale:            NPL
Inlet type:                   Hat or hood
Inlet description:            ambient air is brought into the cabin through a main inlet line at a flow rate of 300 lpm. From the main inlet line short stainless steel tubes are used to bring the air samples to the instruments.
Volume std. temperature:      273.15 K
Volume std. pressure:         1013.25 hPa
Detection limit expl.:        Determined by instrument counting statistics, no detection limit flag used
Measurement uncertainty expl.: Includes reproducibility (precision) + systematic errors (accuracy)
Zero/negative values code:    Zero/negative impossible
Zero/negative values:         Zero and neg. values don't appear because data was processed and zero/neg data taken out
Originator:                   Hill, Matz, matthias.hill@empa.ch, Swiss Federal Laboratories for Materials Science and Technology, Empa, Air Pollution/Environmental Technology, Ueberlandstrasse 129, , CH-8600, Duebendorf, Switzerland
Originator:                   Reimann, Stefan, , , , , , , , , 
Submitter:                    Hill, Matz, matthias.hill@empa.ch, Swiss Federal Laboratories for Materials Science and Technology, Empa, Air Pollution/Environmental Technology, Ueberlandstrasse 129, , CH-8600, Duebendorf, Switzerland
Acknowledgement:              Request acknowledgement details from data originator
Comment:                      "No SOP currently available, o3 not removed, nafion dryer, Calibration interval:1/two weeks"
starttime endtime C2H6 C2H6 C2H6 flag
[from data line 2605]
271.125000 271.152778  1175   25   4 0.000
271.208333 271.236111  1145   24   4 0.000
271.291667 271.319444  1196   25   4 0.000
271.375000 271.402778  1206   26   4 0.000
271.458333 271.486111  1262   27   4 0.000
271.541667 271.569444  1189   25   4 0.000
271.625000 271.652778  1227   26   4 0.000
271.708333 271.736111  1243   26   4 0.000
271.791667 271.819444  1231   26   4 0.000
271.875000 271.902778  1183   25   4 0.000
271.958333 271.986111  1175   25   4 0.000
272.041667 272.069444  1239   26   4 0.000
272.125000 272.152778  1147   24   4 0.000
272.208333 272.236111  1150   24   4 0.000
272.291667 272.319444  1195   25   4 0.000
272.375000 272.402778  1372   29   4 0.000
272.458333 272.486111  1389   29   4 0.000
272.541667 272.569444  1307   28   4 0.000
272.625000 272.652778  1138   24   4 0.000
272.708333 272.736111  1237   26   4 0.000
272.791667 272.819444  1247   26   4 0.000
272.875000 272.902778  1364   29   4 0.000
272.958333 272.986111  1361   29   4 0.000
273.041667 273.069444  1418   30   4 0.000
273.125000 273.152778  1376   29   4 0.000
273.208333 273.236111  1356   28   4 0.000
273.291667 273.319444  1403   29   4 0.000
273.375000 273.402778  1429   30   4 0.000
273.458333 273.486111  1456   30   5 0.000
273.541667 273.569444  1441   30   4 0.000
273.625000 273.652778  1430   30   4 0.000
273.708333 273.736111  1450   30   5 0.000
273.791667 273.819444  1406   29   4 0.000
273.875000 273.902778  1356   28   4 0.000
273.958333 273.986111  1387   29   4 0.000
274.041667 274.069444  1293   27   4 0.000
274.125000 274.152778  1293   27   4 0.000
274.208333 274.236111  1441   30   4 0.000
274.291667 274.319444  1373   29   4 0.000
274.375000 274.402778  1328   28   4 0.000
274.458333 274.486111  1335   28   4 0.000
274.541667 274.569444  1333   28   4 0.000
274.625000 274.652778  1266   27   4 0.000
274.708333 274.736111  1182   25   4 0.000
274.791667 274.819444  1196   25   4 0.000
274.875000 274.902778  1192   25   4 0.000
274.958333 274.986111  1392   29   4 0.000
275.041667 275.069444  1339   28   4 0.000
275.125000 275.152778  1370   29   4 0.000
275.208333 275.236111  1309   28   4 0.000
276.784722 276.812500  1002   21   4 0.000
276.868056 276.895833   963   21   4 0.000
276.951389 276.979167   952   20   4 0.000
277.034722 277.062500   930   20   4 0.000
277.118056 277.145833   923   20   4 0.000
277.201389 277.229167   948   20   4 0.000
277.284722 277.312500   850   18   4 0.000
277.875000 277.902778  1274   28   5 0.000
277.958333 277.986111  1130   25   5 0.000
278.048611 278.076389  1061   23   5 0.000
278.131944 278.159722  1048   23   5 0.000
278.215278 278.243056  1044   23   5 0.000
278.298611 278.326389  1024   23   5 0.000
278.381944 278.409722  1003   22   5 0.000
278.465278 278.493056  1138   25   5 0.000
278.548611 278.576389  1099   24   5 0.000
278.631944 278.659722  1105   24   5 0.000
278.715278 278.743056  1035   23   5 0.000
278.798611 278.826389   961   21   5 0.000
278.881944 278.909722   932   21   4 0.000
278.965278 278.993056   949   21   5 0.000
279.048611 279.076389   935   21   4 0.000
279.131944 279.159722   961   21   5 0.000
279.215278 279.243056   945   21   5 0.000
279.298611 279.326389   923   20   4 0.000
279.381944 279.409722   913   20   4 0.000
279.465278 279.493056  1025   23   5 0.000
279.548611 279.576389  1042   23   5 0.000
279.631944 279.659722   995   22   5 0.000
279.715278 279.743056   904   20   4 0.000
279.798611 279.826389  1086   24   5 0.000
279.881944 279.909722  1059   23   5 0.000
279.965278 279.993056  1124   25   5 0.000
280.048611 280.076389  1063   23   5 0.000
280.131944 280.159722   973   22   5 0.000
280.215278 280.243056   983   22   5 0.000
280.298611 280.326389   869   19   4 0.000
280.381944 280.409722   909   20   4 0.000
280.465278 280.493056   931   21   4 0.000
280.548611 280.576389   956   21   5 0.000
280.631944 280.659722   973   22   5 0.000
280.715278 280.743056  1150   25   5 0.000
280.798611 280.826389  1282   28   5 0.000
280.881944 280.909722  1256   27   5 0.000
280.965278 280.993056  1156   25   5 0.000
281.048611 281.076389  1157   25   5 0.000
281.131944 281.159722  1170   25   5 0.000
281.215278 281.243056  1024   23   5 0.000
281.298611 281.326389   892   20   4 0.000
281.381944 281.409722  1017   22   5 0.000
281.465278 281.493056   919   20   4 0.000
281.548611 281.576389   908   20   4 0.000
281.631944 281.659722   965   21   5 0.000
281.715278 281.743056   935   21   4 0.000
281.798611 281.826389   952   21   5 0.000
281.881944 281.909722   809   18   4 0.000
281.965278 281.993056   800   18   4 0.000
282.048611 282.076389   805   18   4 0.000
282.131944 282.159722   675   16   4 0.000
282.215278 282.243056   744   17   4 0.000
282.298611 282.326389   769   17   4 0.000
282.381944 282.409722   760   17   4 0.000
282.465278 282.493056   776   18   4 0.000
282.548611 282.576389   775   18   4 0.000
282.631944 282.659722   797   18   4 0.000
282.715278 282.743056   848   19   4 0.000
282.798611 282.826389   880   20   4 0.000
282.881944 282.909722   895   20   4 0.000
282.965278 282.993056   888   20   4 0.000
283.048611 283.076389   887   20   4 0.000
283.131944 283.159722   874   20   4 0.000
283.215278 283.243056   861   19   4 0.000
283.298611 283.326389   865   19   4 0.000
283.381944 283.409722   939   21   4 0.000
283.465278 283.493056   928   21   4 0.000
283.548611 283.576389   911   20   4 0.000
283.631944 283.659722   915   20   4 0.000
283.715278 283.743056   898   20   4 0.000
283.798611 283.826389   893   20   4 0.000
283.881944 283.909722   903   20   4 0.000
283.965278 283.993056   913   20   4 0.000
284.048611 284.076389   914   20   4 0.000
284.131944 284.159722   904   20   4 0.000
284.215278 284.243056   904   20   4 0.000
284.298611 284.326389   946   21   5 0.000
284.381944 284.409722   950   21   5 0.000
284.465278 284.493056  1079   24   5 0.000
284.548611 284.576389   939   21   4 0.000
284.631944 284.659722   929   21   4 0.000
284.715278 284.743056   960   21   5 0.000
284.798611 284.826389   927   21   4 0.000
284.881944 284.909722   905   20   4 0.000
284.965278 284.993056   919   20   4 0.000
285.048611 285.076389   927   21   4 0.000
285.131944 285.159722  1046   23   5 0.000
285.215278 285.243056  1034   23   5 0.000
285.298611 285.326389  1062   23   5 0.000
285.381944 285.409722   925   21   4 0.000
285.465278 285.493056  1148   25   5 0.000
285.548611 285.576389  1139   25   5 0.000
285.631944 285.659722  1143   25   5 0.000
285.715278 285.743056  1200   26   5 0.000
285.798611 285.826389  1173   26   5 0.000
285.881944 285.909722  1179   26   5 0.000
285.965278 285.993056  1151   25   5 0.000
286.048611 286.076389  1134   25   5 0.000
286.131944 286.159722  1155   25   5 0.000
286.215278 286.243056  1172   26   5 0.000
286.298611 286.326389  1189   26   5 0.000
286.381944 286.409722  1203   26   5 0.000
286.465278 286.493056  1351   29   5 0.000
286.548611 286.576389  1310   28   5 0.000
286.631944 286.659722  1325   29   5 0.000
286.715278 286.743056  1358   29   5 0.000
286.798611 286.826389  1410   30   6 0.000
286.881944 286.909722  1403   30   6 0.000
286.965278 286.993056  1417   30   6 0.000
287.048611 287.076389  1406   30   6 0.000
287.131944 287.159722  1383   30   6 0.000
287.215278 287.243056  1316   28   5 0.000
287.298611 287.326389  1345   29   5 0.000
287.381944 287.409722  1383   30   6 0.000
287.465278 287.493056  1394   30   6 0.000
287.548611 287.576389  1453   31   6 0.000
287.631944 287.659722  1403   30   6 0.000
287.715278 287.743056  1400   30   6 0.000
287.798611 287.826389  1415   30   6 0.000
287.881944 287.909722  1435   31   6 0.000
287.965278 287.993056  1458   31   6 0.000
288.048611 288.076389  1323   29   5 0.000
288.131944 288.159722  1224   27   5 0.000
288.215278 288.243056  1293   28   5 0.000
288.298611 288.326389  1331   29   5 0.000
288.381944 288.409722  1311   28   5 0.000
288.465278 288.493056  1278   28   5 0.000
288.548611 288.576389  1215   26   5 0.000
288.631944 288.659722  1260   27   5 0.000
288.715278 288.743056  1229   27   5 0.000
288.798611 288.826389  1255   27   5 0.000
288.881944 288.909722  1252   27   5 0.000
288.965278 288.993056  1283   28   5 0.000
289.048611 289.076389  1302   28   5 0.000
289.131944 289.159722  1278   28   5 0.000
289.215278 289.243056  1283   28   5 0.000
289.298611 289.326389  1260   27   5 0.000
289.388889 289.416667  1276   28   5 0.000
289.472222 289.500000  1325   29   5 0.000
289.555556 289.583333  1288   28   5 0.000
289.638889 289.666667  1300   28   5 0.000
289.722222 289.750000  1295   28   5 0.000
289.805556 289.833333  1298   28   5 0.000
289.888889 289.916667  1254   27   5 0.000
289.972222 290.000000  1259   27   5 0.000
290.055556 290.083333  1226   27   5 0.000
290.138889 290.166667  1182   26   5 0.000
290.222222 290.250000  1103   24   5 0.000
290.305556 290.333333  1166   25   5 0.000
290.388889 290.416667  1196   26   5 0.000
290.472222 290.500000  1208   26   5 0.000
290.555556 290.583333  1311   28   5 0.000
290.638889 290.666667  1310   28   5 0.000
290.722222 290.750000  1272   28   5 0.000
290.805556 290.833333  1074   24   5 0.000
290.888889 290.916667  1138   25   5 0.000
290.972222 291.000000  1169   25   5 0.000
291.055556 291.083333  1089   24   5 0.000
291.138889 291.166667  1178   26   5 0.000
291.222222 291.250000  1142   25   5 0.000
291.305556 291.333333  1246   27   5 0.000
291.388889 291.416667  1181   26   5 0.000
291.472222 291.500000  1164   25   5 0.000
291.555556 291.583333  1221   26   5 0.000
291.638889 291.666667  1139   25   5 0.000
291.722222 291.750000  1159   25   5 0.000
291.805556 291.833333  1154   25   5 0.000
291.888889 291.916667  1068   23   5 0.000
291.972222 292.000000  1039   23   5 0.000
292.055556 292.083333   972   21   5 0.000
292.138889 292.166667  1091   24   5 0.000
292.222222 292.250000  1189   26   5 0.000
292.305556 292.333333  1169   25   5 0.000
292.388889 292.416667  1062   23   5 0.000
292.472222 292.500000  1153   25   5 0.000
292.555556 292.583333  1181   26   5 0.000
292.638889 292.666667   925   21   4 0.000
292.722222 292.750000  1134   25   5 0.000
292.805556 292.833333  1120   24   5 0.000
292.888889 292.916667  1061   23   5 0.000
292.972222 293.000000  1026   23   5 0.000
293.055556 293.083333   981   22   5 0.000
293.138889 293.166667  1038   23   5 0.000
293.222222 293.250000  1030   23   5 0.000
293.305556 293.333333  1053   23   5 0.000
293.388889 293.416667  1087   24   5 0.000
293.472222 293.500000  1279   28   5 0.000
293.555556 293.583333  1437   31   6 0.000
293.638889 293.666667  1468   32   6 0.000
293.722222 293.750000  1221   26   5 0.000
293.805556 293.833333  1229   27   5 0.000
293.888889 293.916667  1204   26   5 0.000
293.972222 294.000000  1246   27   5 0.000
294.055556 294.083333  1202   26   5 0.000
294.138889 294.166667  1057   23   5 0.000
294.222222 294.250000   991   22   5 0.000
294.305556 294.333333   959   21   5 0.000
294.388889 294.416667   988   22   5 0.000
294.472222 294.500000  1025   23   5 0.000
294.555556 294.583333  1200   26   5 0.000
294.638889 294.666667  1119   24   5 0.000
294.722222 294.750000  1054   23   5 0.000
294.805556 294.833333   999   22   5 0.000
294.888889 294.916667   902   20   4 0.000
294.972222 295.000000   869   19   4 0.000
295.055556 295.083333  1002   22   5 0.000
295.138889 295.166667  1050   23   5 0.000
295.222222 295.250000  1311   28   5 0.000
295.305556 295.333333  1420   31   6 0.000
295.388889 295.416667  1416   30   6 0.000
295.472222 295.500000  1345   29   5 0.000
295.555556 295.583333  1342   29   5 0.000
295.638889 295.666667  1178   26   5 0.000
295.722222 295.750000  1229   27   5 0.000
295.805556 295.833333  1272   28   5 0.000
295.888889 295.916667  1230   27   5 0.000
295.972222 296.000000  1236   27   5 0.000
296.055556 296.083333  1265   27   5 0.000
296.138889 296.166667  1231   27   5 0.000
296.222222 296.250000  1787   38   6 0.000
296.305556 296.333333  1845   39   7 0.000
296.388889 296.416667  1815   39   7 0.000
296.472222 296.500000  1868   40   7 0.000
296.555556 296.583333  1880   40   7 0.000
296.638889 296.666667  1853   39   7 0.000
296.722222 296.750000  1827   39   7 0.000
296.805556 296.833333  1811   38   6 0.000
296.888889 296.916667  1776   38   6 0.000
296.972222 297.000000  1771   38   6 0.000
297.055556 297.083333  1746   37   6 0.000
297.138889 297.166667  1751   37   6 0.000
297.222222 297.250000  1747   37   6 0.000
297.305556 297.333333  1747   37   6 0.000
297.388889 297.416667  1897   40   7 0.000
297.472222 297.500000  1879   40   7 0.000
297.555556 297.583333  1864   40   7 0.000
297.638889 297.666667  1889   40   7 0.000
297.722222 297.750000  1816   39   7 0.000
297.805556 297.833333  1852   39   7 0.000
297.888889 297.916667  1722   37   6 0.000
297.972222 298.000000  1799   38   6 0.000
298.055556 298.083333  1817   39   7 0.000
298.138889 298.166667  1722   37   6 0.000
298.222222 298.250000  1567   34   6 0.000
298.305556 298.333333  1720   37   6 0.000
298.388889 298.416667  1644   35   6 0.000
298.472222 298.500000  1673   36   6 0.000
298.555556 298.583333  1644   35   6 0.000
298.638889 298.666667  1649   35   6 0.000
298.722222 298.750000  1491   32   6 0.000
298.805556 298.833333  1281   28   5 0.000
298.888889 298.916667  1477   32   6 0.000
298.972222 299.000000  1562   33   6 0.000
299.055556 299.083333  1612   34   6 0.000
299.138889 299.166667  1455   31   6 0.000
299.222222 299.250000  1663   35   6 0.000
299.305556 299.333333  1601   34   6 0.000
299.388889 299.416667  1857   39   7 0.000
299.472222 299.500000  1662   35   6 0.000
299.555556 299.583333  1701   36   6 0.000
299.638889 299.666667  1663   35   6 0.000
299.722222 299.750000  1654   35   6 0.000
299.805556 299.833333  1611   34   6 0.000
299.888889 299.916667  1620   35   6 0.000
299.972222 300.000000  1300   28   5 0.000
300.055556 300.083333  1766   38   6 0.000
300.138889 300.166667  1711   36   6 0.000
300.222222 300.250000  1785   38   6 0.000
300.305556 300.333333  1909   40   7 0.000
300.388889 300.416667  1732   37   6 0.000
300.472222 300.500000  1721   37   6 0.000
300.555556 300.583333  1638   35   6 0.000
300.638889 300.666667  1624   35   6 0.000
300.722222 300.750000  1627   35   6 0.000
300.805556 300.833333  1670   36   6 0.000
300.888889 300.916667  1509   32   6 0.000
300.972222 301.000000  1500   32   6 0.000
301.055556 301.083333  1496   32   6 0.000
301.138889 301.166667  1465   31   6 0.000
301.222222 301.250000  1487   32   6 0.000
301.305556 301.333333  1476   32   6 0.000
301.388889 301.416667  1533   33   6 0.000
301.472222 301.500000  1524   33   6 0.000
301.555556 301.583333  1554   33   6 0.000
301.638889 301.666667  1605   34   6 0.000
301.729167 301.756944  1604   34   6 0.000
301.812500 301.840278  1707   36   6 0.000
301.895833 301.923611  1747   37   6 0.000
301.979167 302.006944  1714   37   6 0.000
302.062500 302.090278  1718   37   6 0.000
302.145833 302.173611  1732   37   6 0.000
302.229167 302.256944  1716   37   6 0.000
302.576389 302.604167  1653   35   6 0.000
302.659722 302.687500  1649   35   6 0.000
302.743056 302.770833  1534   33   6 0.000
302.826389 302.854167  1528   33   6 0.000
302.909722 302.937500  1423   31   6 0.000
302.993056 303.020833  1418   30   6 0.000
303.076389 303.104167  1383   30   6 0.000
303.159722 303.187500  1304   28   5 0.000
303.243056 303.270833  1244   27   5 0.000
303.326389 303.354167  1459   31   6 0.000
303.409722 303.437500  1169   25   5 0.000
303.493056 303.520833  1200   26   5 0.000
305.687500 305.715278  1315   28   5 0.000
305.770833 305.798611  1311   28   5 0.000
305.854167 305.881944  1318   28   5 0.000
305.937500 305.965278  1296   28   5 0.000
306.020833 306.048611  1325   29   5 0.000
306.104167 306.131944  1275   28   5 0.000
306.187500 306.215278  1277   28   5 0.000
306.270833 306.298611  1289   28   5 0.000
306.354167 306.381944  1268   27   5 0.000
