data/obs/c2h6/WDCGG/event/CH0005R.20170101003200.20180718060000.online_gc.ethane.air.1y.2h.CH01L_Agilent_ADS-GC-FID_cn10450060_RIG.CH01L_ADS_GC_FID_VOCAIR_RIGI.lev2.nas
68 1001
Hill, Matz; Reimann, Stefan
CH01L, Swiss Federal Laboratories for Materials Science and Technology, EMPA, Section Air Pollution, Überlandstrasse 133, , 8600, Dübendorf, Switzerland
Hill, Matz
ACTRIS EMEP GAW-WDCRG
1 1
2017 01 01 2018 07 18
0
days from file reference point
5
1 1 1 1 1
999.999999 99999 999.99 999.99 9.999
end_time of measurement, days from the file reference point
ethane, pmol/mol, Statistics=arithmetic mean, Detection limit=13.0 pmol/mol
ethane, pmol/mol, Statistics=expanded uncertainty 2sigma
ethane, pmol/mol, Statistics=precision
numflag, no unit
0
49
Data definition:              EBAS_1.1
Set type code:                TI
Timezone:                     UTC
File name:                    CH0005R.20170101003200.20180718060000.online_gc.ethane.air.1y.2h.CH01L_Agilent_ADS-GC-FID_cn10450060_RIG.CH01L_ADS_GC_FID_VOCAIR_RIGI.lev2.nas
File creation:                20190306184554
Startdate:                    20170101003200
Revision date:                20180718060000
Version:                      1
Version description:          second revision, manually inspected
Data level:                   2
Period code:                  1y
Resolution code:              2h
Sample duration:              40mn
Orig. time res.:              40mn
Station code:                 CH0005R
Platform code:                CH0005S
Station name:                 Rigi
Station GAW-ID:               RIG
Station latitude:             47.0675
Station longitude:            8.463889
Station altitude:             1031.0m
Measurement altitude:         1034.0m
Measurement height:           4.0m
Regime:                       IMG
Component:                    ethane
Unit:                         pmol/mol
Matrix:                       air
Instrument type:              online_gc
Laboratory code:              CH01L
Instrument name:              Agilent_ADS-GC-FID_cn10450060_RIG
Instrument manufacturer:      Agilent
Instrument model:             6890GC/FID
Instrument serial number:     cn10450060
Method ref:                   CH01L_ADS_GC_FID_VOCAIR_RIGI
Standard method:              SOP=ACTRIS_VOC_2014
Calibration scale:            NPL
Calibration standard ID:      D292408
Inlet type:                   Hat or hood
Inlet description:            ambient air is brought into the cabin through a main inlet line at a flow rate of 300 lpm. From the main inlet line short stainless steel tubes are used to bring the air samples to the instruments.
Detection limit expl.:        Determined by integration of a baseline signal multiplied by a factor of 3
Measurement uncertainty expl.: Includes reproducibility (precision) + systematic errors (accuracy)
Zero/negative values code:    Zero possible
Zero/negative values:         Zero values may appear due to statistical variations at very low concentrations
Originator:                   Hill, Matz, matthias.hill@empa.ch, Swiss Federal Laboratories for Materials Science and Technology, Empa, Air Pollution/Environmental Technology, Ueberlandstrasse 129, , CH-8600, Duebendorf, Switzerland
Originator:                   Reimann, Stefan, , , , , , , , , 
Submitter:                    Hill, Matz, matthias.hill@empa.ch, Swiss Federal Laboratories for Materials Science and Technology, Empa, Air Pollution/Environmental Technology, Ueberlandstrasse 129, , CH-8600, Duebendorf, Switzerland
Acknowledgement:              Request acknowledgement details from data originator
Comment:                      "No SOP currently available, o3 not removed, nafion dryer, Calibration interval:1/two weeks"
starttime endtime C2H6 C2H6 C2H6 flag
[from data line 1001]
 99.256944  99.284722  1443  32.22   7.16 0.000
 99.340277  99.368056  1338  30.16   6.96 0.000
 99.424306  99.452083  1380  30.98   7.04 0.000
 99.507638  99.535416  1246  28.37   6.78 0.000
 99.590972  99.618750  1248  28.41   6.78 0.000
 99.674999  99.702777  1229  28.03   6.74 0.000
 99.758333  99.786111  1229  28.03   6.74 0.000
 99.842361  99.870139  1386  31.10   7.05 0.000
 99.925694  99.953472  1736  38.01   7.74 0.000
100.009027 100.036806  1898  41.23   8.05 0.000
100.093056 100.120833  2028  43.83   8.31 0.000
100.176388 100.204166  2056  44.39   8.36 0.000
100.259722 100.287500  2040  44.07   8.33 0.000
100.343749 100.371527  2054  44.35   8.36 0.000
100.427083 100.454861  2058  44.43   8.37 0.000
100.510416 100.538194  1934  41.95   8.12 0.000
100.594444 100.622222  1915  41.58   8.09 0.000
100.677777 100.705556  1869  40.66   8.00 0.000
100.761806 100.789583  1813  39.54   7.89 0.000
100.845138 100.872916  1871  40.70   8.00 0.000
100.928472 100.956250  1850  40.28   7.96 0.000
101.012499 101.040277  1896  41.20   8.05 0.000
101.095833 101.123611  1890  41.08   8.04 0.000
101.179166 101.206944  1869  40.66   8.00 0.000
101.263194 101.290972  1876  40.80   8.01 0.000
101.346527 101.374306  1885  40.98   8.03 0.000
101.430556 101.458333  1894  41.16   8.05 0.000
101.513888 101.541666  1991  43.10   8.24 0.000
101.597222 101.625000  1898  41.23   8.05 0.000
101.681249 101.709027  1874  40.76   8.01 0.000
101.764583 101.792361  2010  43.47   8.27 0.000
101.847916 101.875694  2040  44.07   8.33 0.000
101.931944 101.959722  2024  43.75   8.30 0.000
102.015277 102.043056  1996  43.20   8.25 0.000
102.099306 102.127083  2007  43.41   8.27 0.000
102.182638 102.210416  1984  42.95   8.22 0.000
102.265972 102.293750  2015  43.57   8.28 0.000
102.349999 102.377777  2035  43.97   8.32 0.000
102.433333 102.461111  1965  42.57   8.18 0.000
102.516666 102.544444  1843  40.14   7.95 0.000
102.600694 102.628472  1961  42.50   8.18 0.000
102.684027 102.711806  1943  42.13   8.14 0.000
102.767361 102.795139  1829  39.86   7.92 0.000
102.851388 102.879166  1786  39.00   7.83 0.000
102.934722 102.962500  1825  39.78   7.91 0.000
103.018749 103.046527  1903  41.33   8.06 0.000
103.102083 103.129861  1965  42.57   8.18 0.000
103.185416 103.213194  1982  42.91   8.22 0.000
103.269444 103.297222  2002  43.31   8.26 0.000
103.352777 103.380556  2031  43.89   8.31 0.000
103.436111 103.463889  2003  43.33   8.26 0.000
103.520138 103.547916  1971  42.70   8.20 0.000
103.603472 103.631250  1956  42.40   8.17 0.000
103.687499 103.715277  1899  41.26   8.06 0.000
103.770833 103.798611  1929  41.85   8.11 0.000
103.854166 103.881944  1928  41.83   8.11 0.000
103.938194 103.965972  1950  42.28   8.16 0.000
104.021527 104.049306  1935  41.98   8.13 0.000
104.104861 104.132639  1905  41.38   8.07 0.000
104.188888 104.216666  1904  41.36   8.07 0.000
104.272222 104.300000  1871  40.70   8.00 0.000
104.356249 104.384027  1952  42.31   8.16 0.000
104.439583 104.467361  1886  41.00   8.03 0.000
104.522916 104.550694  1902  41.31   8.06 0.000
104.606944 104.634722  1951  42.30   8.16 0.000
104.690277 104.718056  1944  42.15   8.14 0.000
104.773611 104.801389  1965  42.57   8.18 0.000
104.857638 104.885416  1962  42.51   8.18 0.000
104.940972 104.968750  1955  42.38   8.17 0.000
105.024306 105.052083  1903  41.33   8.06 0.000
105.108333 105.136111  1764  38.57   7.79 0.000
105.191666 105.219444  1741  38.11   7.75 0.000
105.275694 105.303472  1816  39.60   7.89 0.000
105.359027 105.386806  1701  37.32   7.67 0.000
105.442361 105.470139  1751  38.31   7.77 0.000
105.526388 105.554166  1813  39.54   7.89 0.000
105.609722 105.637500  1935  41.98   8.13 0.000
105.693056 105.720833  1968  42.63   8.19 0.000
105.777083 105.804861  1972  42.71   8.20 0.000
105.860416 105.888194  2002  43.31   8.26 0.000
105.943749 105.971527  2017  43.61   8.29 0.000
106.027777 106.055556  1991  43.10   8.24 0.000
106.111111 106.138889  1987  43.01   8.23 0.000
106.195138 106.222916  1966  42.60   8.19 0.000
106.278472 106.306250  1973  42.73   8.20 0.000
106.361806 106.389583  1974  42.75   8.20 0.000
106.445833 106.473611  1924  41.75   8.10 0.000
106.529166 106.556944  1878  40.83   8.01 0.000
106.612499 106.640277  1867  40.62   7.99 0.000
106.696527 106.724306  1845  40.18   7.95 0.000
106.779861 106.807639  1902  41.31   8.06 0.000
106.863888 106.891666  2052  44.32   8.36 0.000
106.947222 106.975000  2095  45.17   8.44 0.000
107.030556 107.058333  2169  46.65   8.58 0.000
107.114583 107.142361  2185  46.98   8.62 0.000
107.197916 107.225694  2311  49.50   8.86 0.000
107.281249 107.309027  2313  49.54   8.87 0.000
107.365277 107.393056  2274  48.76   8.79 0.000
107.448611 107.476389  2226  47.80   8.70 0.000
107.532638 107.560416  2177  46.81   8.60 0.000
107.615972 107.643750  2073  44.73   8.40 0.000
107.699306 107.727083  2140  46.07   8.53 0.000
107.783333 107.811111  2148  46.23   8.54 0.000
107.866666 107.894444  2156  46.39   8.56 0.000
107.949999 107.977777  2152  46.31   8.55 0.000
108.034027 108.061806  2200  47.28   8.65 0.000
108.117361 108.145139  2255  48.38   8.75 0.000
108.201388 108.229166  2318  49.65   8.88 0.000
108.284722 108.312500  2391  51.11   9.02 0.000
108.368056 108.395833  2315  49.58   8.87 0.000
108.452083 108.479861  2282  48.92   8.81 0.000
108.535416 108.563194  2288  49.04   8.82 0.000
108.618749 108.646527  2252  48.32   8.75 0.000
108.702777 108.730556  2238  48.04   8.72 0.000
108.786111 108.813889  2253  48.34   8.75 0.000
108.869444 108.897222  2189  47.05   8.62 0.000
108.953472 108.981250  2208  47.44   8.66 0.000
109.036806 109.064583  2241  48.10   8.73 0.000
109.119444 109.147222  2211  47.50   8.67 0.000
109.202777 109.230556  2280  48.88   8.80 0.000
109.286111 109.313889  2234  47.96   8.71 0.000
109.369444 109.397222  2217  47.62   8.68 0.000
109.452777 109.480556  2191  47.10   8.63 0.000
109.536111 109.563889  2127  45.81   8.50 0.000
109.619444 109.647222  2104  45.35   8.46 0.000
109.702777 109.730556  2096  45.19   8.44 0.000
109.786111 109.813889  2103  45.34   8.46 0.000
109.869444 109.897222  2096  45.19   8.44 0.000
109.952777 109.980556  2099  45.25   8.45 0.000
110.036111 110.063889  2081  44.89   8.41 0.000
110.118749 110.146527  2088  45.04   8.43 0.000
110.202083 110.229861  2113  45.53   8.47 0.000
110.285416 110.313194  2129  45.86   8.51 0.000
110.368749 110.396527  2159  46.45   8.56 0.000
110.452083 110.479861  2165  46.58   8.58 0.000
110.535416 110.563194  2140  46.07   8.53 0.000
110.618749 110.646527  2040  44.07   8.33 0.000
110.702083 110.729861  1993  43.13   8.24 0.000
110.785416 110.813194  1968  42.63   8.19 0.000
110.868749 110.896527  1942  42.11   8.14 0.000
110.952083 110.979861  1859  40.46   7.98 0.000
111.035416 111.063194  1895  41.18   8.05 0.000
111.118749 111.146527  1956  42.40   8.17 0.000
111.202083 111.229861  2013  43.53   8.28 0.000
111.285416 111.313194  1955  42.38   8.17 0.000
111.368056 111.395833  1976  42.80   8.21 0.000
111.451388 111.479166  2044  44.15   8.34 0.000
111.534722 111.562500  2001  43.30   8.26 0.000
111.618056 111.645833  1767  38.63   7.80 0.000
111.701388 111.729166  1583  34.98   7.44 0.000
111.784722 111.812500  1539  34.11   7.35 0.000
111.868056 111.895833  1568  34.69   7.41 0.000
111.951388 111.979166  1586  35.04   7.44 0.000
112.034722 112.062500  1622  35.75   7.51 0.000
112.118056 112.145833  1801  39.30   7.86 0.000
112.201388 112.229166  1869  40.66   8.00 0.000
112.284722 112.312500  1984  42.95   8.22 0.000
112.368056 112.395833  1976  42.80   8.21 0.000
112.450694 112.478472  1863  40.53   7.98 0.000
112.534027 112.561806  1786  39.00   7.83 0.000
112.617361 112.645139  1821  39.70   7.90 0.000
112.700694 112.728472  1923  41.73   8.10 0.000
112.784027 112.811806  1925  41.78   8.11 0.000
112.867361 112.895139  1889  41.06   8.04 0.000
112.950694 112.978472  1912  41.51   8.08 0.000
113.034027 113.061806  1914  41.55   8.08 0.000
113.116666 113.144444  1894  41.16   8.05 0.000
113.199999 113.227777  1857  40.42   7.97 0.000
113.283333 113.311111  1840  40.08   7.94 0.000
113.366666 113.394444  1920  41.68   8.10 0.000
113.449999 113.477777  1943  42.13   8.14 0.000
113.533333 113.561111  1921  41.70   8.10 0.000
113.616666 113.644444  1806  39.40   7.87 0.000
113.699999 113.727777  1792  39.13   7.85 0.000
113.783333 113.811111  1543  34.19   7.36 0.000
113.866666 113.894444  1472  32.79   7.22 0.000
113.949999 113.977777  1583  34.98   7.44 0.000
114.033333 114.061111  1596  35.23   7.46 0.000
114.116666 114.144444  1598  35.28   7.47 0.000
114.199999 114.227777  1594  35.20   7.46 0.000
114.282638 114.310416  1652  36.34   7.57 0.000
114.365972 114.393750  1729  37.87   7.72 0.000
114.449306 114.477083 99999 999.99 999.99 0.999
116.403472 116.431250  2204  47.35   8.65 0.000
116.487499 116.515277  2092  45.11   8.43 0.000
116.570833 116.598611  2096  45.19   8.44 0.000
116.654861 116.682639  2138  46.03   8.52 0.000
116.738194 116.765972  2222  47.72   8.69 0.000
116.821527 116.849306  2221  47.70   8.69 0.000
116.905556 116.933333  2174  46.75   8.59 0.000
116.988888 117.016666  2164  46.55   8.57 0.000
117.072222 117.100000  2113  45.53   8.47 0.000
117.156249 117.184027  2134  45.96   8.52 0.000
117.695833 117.723611 99999 999.99 999.99 0.999
117.780556 117.808333 99999 999.99 999.99 0.999
117.865972 117.893750 99999 999.99 999.99 0.999
117.951388 117.979166 99999 999.99 999.99 0.999
118.036806 118.064583 99999 999.99 999.99 0.999
118.121527 118.149306 99999 999.99 999.99 0.999
118.206944 118.234722 99999 999.99 999.99 0.999
118.292361 118.320139 99999 999.99 999.99 0.999
118.377777 118.405556 99999 999.99 999.99 0.999
118.462499 118.490277 99999 999.99 999.99 0.999
118.547916 118.575694 99999 999.99 999.99 0.999
118.633333 118.661111 99999 999.99 999.99 0.999
118.718749 118.746527 99999 999.99 999.99 0.999
118.803472 118.831250 99999 999.99 999.99 0.999
118.888888 118.916666 99999 999.99 999.99 0.999
118.974306 119.002083 99999 999.99 999.99 0.999
119.059722 119.087500 99999 999.99 999.99 0.999
119.144444 119.172222 99999 999.99 999.99 0.999
119.229861 119.257639 99999 999.99 999.99 0.999
119.315277 119.343056 99999 999.99 999.99 0.999
119.400694 119.428472 99999 999.99 999.99 0.999
119.485416 119.513194 99999 999.99 999.99 0.999
119.570833 119.598611 99999 999.99 999.99 0.999
119.656249 119.684027 99999 999.99 999.99 0.999
119.741666 119.769444 99999 999.99 999.99 0.999
119.826388 119.854166 99999 999.99 999.99 0.999
119.911806 119.939583 99999 999.99 999.99 0.999
119.997222 120.025000 99999 999.99 999.99 0.999
120.082638 120.110416 99999 999.99 999.99 0.999
120.167361 120.195139 99999 999.99 999.99 0.999
120.252777 120.280556 99999 999.99 999.99 0.999
120.338194 120.365972 99999 999.99 999.99 0.999
120.423611 120.451389 99999 999.99 999.99 0.999
120.508333 120.536111 99999 999.99 999.99 0.999
120.593749 120.621527 99999 999.99 999.99 0.999
120.679166 120.706944 99999 999.99 999.99 0.999
120.764583 120.792361 99999 999.99 999.99 0.999
120.849306 120.877083 99999 999.99 999.99 0.999
120.934722 120.962500 99999 999.99 999.99 0.999
121.020138 121.047916 99999 999.99 999.99 0.999
121.105556 121.133333 99999 999.99 999.99 0.999
121.190277 121.218056 99999 999.99 999.99 0.999
121.275694 121.303472 99999 999.99 999.99 0.999
121.361111 121.388889 99999 999.99 999.99 0.999
121.445833 121.473611 99999 999.99 999.99 0.999
121.499999 121.527777 99999 999.99 999.99 0.999
121.584027 121.611806 99999 999.99 999.99 0.999
121.667361 121.695139 99999 999.99 999.99 0.999
121.750694 121.778472 99999 999.99 999.99 0.999
121.834722 121.862500 99999 999.99 999.99 0.999
121.918056 121.945833 99999 999.99 999.99 0.999
122.002083 122.029861 99999 999.99 999.99 0.999
122.085416 122.113194 99999 999.99 999.99 0.999
122.168749 122.196527 99999 999.99 999.99 0.999
123.418056 123.445833 99999 999.99 999.99 0.999
123.502083 123.529861  1684  36.98   7.63 0.000
123.585416 123.613194  1625  35.81   7.52 0.000
123.669444 123.697222  1651  36.33   7.57 0.000
123.752777 123.780556  1593  35.18   7.46 0.000
123.836111 123.863889  1645  36.21   7.56 0.000
123.920138 123.947916  1624  35.79   7.52 0.000
124.003472 124.031250  1630  35.91   7.53 0.000
124.086806 124.114583  1646  36.23   7.56 0.000
124.170833 124.198611  1631  35.93   7.53 0.000
124.254166 124.281944  1674  36.78   7.61 0.000
124.338194 124.365972  1691  37.12   7.65 0.000
124.421527 124.449306  1669  36.68   7.60 0.000
124.504861 124.532639  1647  36.24   7.56 0.000
124.588888 124.616666  1629  35.89   7.53 0.000
124.672222 124.700000 99999 999.99 999.99 0.999
127.875694 127.903472 99999 999.99 999.99 0.999
127.961111 127.988889 99999 999.99 999.99 0.999
128.045833 128.073611 99999 999.99 999.99 0.999
128.131249 128.159027 99999 999.99 999.99 0.999
128.229861 128.257639 99999 999.99 999.99 0.999
128.313888 128.341666 99999 999.99 999.99 0.999
128.397222 128.425000 99999 999.99 999.99 0.999
128.480556 128.508333  1758  36.80   5.44 0.000
128.564583 128.592361  1795  37.52   5.46 0.000
128.647916 128.675694  1738  36.42   5.43 0.000
128.731944 128.759722  1732  36.30   5.42 0.000
128.815277 128.843056  1717  36.01   5.42 0.000
128.898611 128.926389  1705  35.78   5.41 0.000
128.982638 129.010416  1715  35.97   5.41 0.000
129.065972 129.093750  1716  35.99   5.41 0.000
129.149306 129.177083  1703  35.74   5.41 0.000
129.233333 129.261111  1648  34.67   5.37 0.000
129.316666 129.344444  1721  36.09   5.42 0.000
129.400694 129.428472  1737  36.40   5.43 0.000
129.484027 129.511806  1670  35.10   5.39 0.000
129.567361 129.595139  1577  33.29   5.33 0.000
129.651388 129.679166  1599  33.72   5.34 0.000
129.734722 129.762500  1546  32.69   5.31 0.000
129.818056 129.845833  1490  31.61   5.27 0.000
129.902083 129.929861  1490  31.61   5.27 0.000
129.985416 130.013194  1559  32.95   5.32 0.000
130.068749 130.096527  1521  32.21   5.29 0.000
130.152777 130.180556  1539  32.55   5.30 0.000
130.236111 130.263889  1526  32.30   5.29 0.000
130.320138 130.347916  1548  32.73   5.31 0.000
130.403472 130.431250  1408  30.03   5.22 0.000
130.486806 130.514583  1389  29.67   5.21 0.000
130.570833 130.598611  1410  30.07   5.22 0.000
130.654166 130.681944  1400  29.88   5.22 0.000
130.737499 130.765277  1455  30.94   5.25 0.000
130.821527 130.849306  1485  31.51   5.27 0.000
130.904861 130.932639  1480  31.42   5.27 0.000
130.988888 131.016666  1497  31.75   5.28 0.000
131.072222 131.100000  1495  31.71   5.28 0.000
131.155556 131.183333  1491  31.63   5.27 0.000
131.239583 131.267361  1470  31.23   5.26 0.000
131.322916 131.350694  1481  31.44   5.27 0.000
131.406249 131.434027  1391  29.71   5.21 0.000
131.490277 131.518056  1340  28.73   5.18 0.000
131.573611 131.601389  1324  28.43   5.17 0.000
131.656944 131.684722  1372  29.34   5.20 0.000
131.740972 131.768750  1364  29.19   5.19 0.000
131.824306 131.852083  1369  29.29   5.20 0.000
131.908333 131.936111  1372  29.34   5.20 0.000
131.991666 132.019444  1375  29.40   5.20 0.000
132.074999 132.102777  1363  29.17   5.19 0.000
132.159027 132.186806  1369  29.29   5.20 0.000
132.242361 132.270139  1386  29.61   5.21 0.000
132.325694 132.353472  1380  29.49   5.20 0.000
132.409722 132.437500  1389  29.67   5.21 0.000
132.493056 132.520833  1389  29.67   5.21 0.000
132.577083 132.604861  1370  29.31   5.20 0.000
132.660416 132.688194  1358  29.08   5.19 0.000
132.743749 132.771527  1328  28.50   5.17 0.000
132.827777 132.855556  1354  29.00   5.19 0.000
132.911111 132.938889  1301  27.98   5.15 0.000
132.994444 133.022222  1290  27.78   5.15 0.000
133.078472 133.106250  1289  27.76   5.15 0.000
133.161806 133.189583  1299  27.95   5.15 0.000
133.245833 133.273611  1312  28.20   5.16 0.000
133.329166 133.356944  1308  28.12   5.16 0.000
133.412499 133.440277  1329  28.52   5.17 0.000
133.496527 133.524306  1260  27.21   5.13 0.000
133.579861 133.607639  1234  26.71   5.11 0.000
