data/obs/c2h6/WDCGG/event/CH0005R.20020101000000.20160915102628.online_gc.ethane.air.1y.2h.CH01L_Agilent_ADS-GC-FID_cn10450060_RIG.CH01L_ADS_GC_FID_VOCAIR_RIGI..nas
58 1001
Reimann, Stefan
CH01L, Swiss Federal Laboratories for Materials Science and Technology, EMPA, Section Air Pollution, Überlandstrasse 133, , 8600, Dübendorf, Switzerland
Reimann, Stefan
EMEP GAW-WDCRG
1 1
2002 01 01 2016 09 15
0.083333
days from file reference point
3
1 1 1
999.999999 99999 9.999
end_time of measurement, days from the file reference point
ethane, pmol/mol
numflag ethane, no unit
0
41
Data definition:              EBAS_1.1
Set type code:                TU
Timezone:                     UTC
File name:                    CH0005R.20020101000000.20160915102628.online_gc.ethane.air.1y.2h.CH01L_Agilent_ADS-GC-FID_cn10450060_RIG.CH01L_ADS_GC_FID_VOCAIR_RIGI..nas
File creation:                20190306184550
Startdate:                    20020101000000
Revision date:                20160915102628
Statistics:                   arithmetic mean
Data level:                   
Period code:                  1y
Resolution code:              2h
Sample duration:              40mn
Orig. time res.:              2h
Station code:                 CH0005R
Platform code:                CH0005S
Station name:                 Rigi
Station GAW-ID:               RIG
Station latitude:             47.0675
Station longitude:            8.463889
Station altitude:             1031.0m
Measurement height:           4.0m
Regime:                       IMG
Component:                    ethane
Unit:                         pmol/mol
Matrix:                       air
Instrument type:              online_gc
Laboratory code:              CH01L
Instrument name:              Agilent_ADS-GC-FID_cn10450060_RIG
Method ref:                   CH01L_ADS_GC_FID_VOCAIR_RIGI
Inlet description:            above the roof
Volume std. temperature:      273.15 K
Volume std. pressure:         1013.25 hPa
Detection limit:              9.0 pmol/mol
Detection limit expl.:        Determined by integration of a baseline signal multiplied by a factor of 3, detection     limit flag 147
Measurement uncertainty expl.: Includes reproducibility (precision) + systematic errors (accuracy)
Zero/negative values code:    Zero/negative impossible
Zero/negative values:         Neg. values don't appear because data was processed and neg data taken out
Originator:                   Reimann, Stefan, , , , , , , , , 
Submitter:                    Reimann, Stefan, , , , , , , , , 
Comment:                      "No SOP currently available, o3 removed with an ozone scrubber, nafion dryer, Calibration interval:1/month calibration interval"
starttime endtime C2H6 flag_C2H6
[from data line 1412]
117.666667 117.750000  1053 0.000
117.750000 117.833333   936 0.000
117.833333 117.916667   959 0.000
117.916667 118.000000   903 0.000
118.000000 118.083333   917 0.000
118.083333 118.166667   948 0.000
118.166667 118.250000   994 0.000
118.250000 118.333333   981 0.000
118.333333 118.416667   955 0.000
118.416667 118.500000   862 0.000
118.500000 118.583333   865 0.000
118.583333 118.666667   899 0.000
118.666667 118.750000   992 0.000
118.750000 118.833333  1034 0.000
118.833333 118.916667  1021 0.000
118.916667 119.000000  1103 0.000
119.000000 119.083333  1389 0.000
119.083333 119.166667  1084 0.000
119.166667 119.250000  1072 0.000
119.250000 119.333333  1037 0.000
119.333333 119.416667  1031 0.000
119.416667 119.500000  1008 0.000
119.500000 119.583333 99999 0.999
119.583333 119.666667 99999 0.999
119.666667 119.750000 99999 0.999
119.750000 119.833333 99999 0.999
119.833333 119.916667  1597 0.000
119.916667 120.000000  1517 0.000
120.000000 120.083333  1560 0.000
120.083333 120.166667  1521 0.000
120.166667 120.250000  1613 0.000
120.250000 120.333333  1663 0.000
120.333333 120.416667  1698 0.000
120.416667 120.500000  1608 0.000
120.500000 120.583333  1537 0.000
120.583333 120.666667  1327 0.000
120.666667 120.750000  1407 0.000
120.750000 120.833333  1374 0.000
120.833333 120.916667  1473 0.000
120.916667 121.000000  1491 0.000
121.000000 121.083333  1469 0.000
121.083333 121.166667  1349 0.000
121.166667 121.250000  1420 0.000
121.250000 121.333333  1387 0.000
121.333333 121.416667  1409 0.000
121.416667 121.500000 99999 0.999
121.500000 121.583333 99999 0.999
121.583333 121.666667 99999 0.999
121.666667 121.750000 99999 0.999
121.750000 121.833333 99999 0.999
121.833333 121.916667 99999 0.999
121.916667 122.000000 99999 0.999
122.000000 122.083333 99999 0.999
122.083333 122.166667 99999 0.999
122.166667 122.250000 99999 0.999
122.250000 122.333333 99999 0.999
122.333333 122.416667  1540 0.000
122.416667 122.500000  1566 0.000
122.500000 122.583333  2026 0.000
122.583333 122.666667  2021 0.000
122.666667 122.750000  2001 0.000
122.750000 122.833333  2018 0.000
122.833333 122.916667  1839 0.000
122.916667 123.000000  1964 0.000
123.000000 123.083333  2044 0.000
123.083333 123.166667  2100 0.000
123.166667 123.250000  2058 0.000
123.250000 123.333333  2095 0.000
123.333333 123.416667  2061 0.000
123.416667 123.500000  2228 0.000
123.500000 123.583333  2457 0.000
123.583333 123.666667  2551 0.000
123.666667 123.750000  2686 0.000
123.750000 123.833333  2532 0.000
123.833333 123.916667  2273 0.000
123.916667 124.000000  2317 0.000
124.000000 124.083333  2270 0.000
124.083333 124.166667  2170 0.000
124.166667 124.250000  2024 0.000
124.250000 124.333333  2032 0.000
124.333333 124.416667  1953 0.000
124.416667 124.500000  1906 0.000
124.500000 124.583333  1940 0.000
124.583333 124.666667  2014 0.000
124.666667 124.750000  1969 0.000
124.750000 124.833333  1946 0.000
124.833333 124.916667  1913 0.000
124.916667 125.000000  1776 0.000
125.000000 125.083333  1689 0.000
125.083333 125.166667  1721 0.000
125.166667 125.250000  1929 0.000
125.250000 125.333333  1897 0.000
125.333333 125.416667  1965 0.000
125.416667 125.500000  2084 0.000
125.500000 125.583333  2081 0.000
125.583333 125.666667  2005 0.000
125.666667 125.750000  1944 0.000
125.750000 125.833333  1939 0.000
125.833333 125.916667  1904 0.000
125.916667 126.000000  1904 0.000
126.000000 126.083333  1912 0.000
126.083333 126.166667  1939 0.000
126.166667 126.250000  1934 0.000
126.250000 126.333333  1941 0.000
126.333333 126.416667  2027 0.000
126.416667 126.500000  2079 0.000
126.500000 126.583333  2140 0.000
126.583333 126.666667  1990 0.000
126.666667 126.750000  1886 0.000
126.750000 126.833333  1867 0.000
126.833333 126.916667  1809 0.000
126.916667 127.000000  1680 0.000
127.000000 127.083333  1339 0.000
127.083333 127.166667  1306 0.000
127.166667 127.250000  1301 0.000
127.250000 127.333333  1310 0.000
127.333333 127.416667  1283 0.000
127.416667 127.500000  1675 0.000
127.500000 127.583333  1925 0.000
127.583333 127.666667  1340 0.000
127.666667 127.750000  1325 0.000
127.750000 127.833333  1350 0.000
127.833333 127.916667  1391 0.000
127.916667 128.000000  1448 0.000
128.000000 128.083333  1535 0.000
128.083333 128.166667  1414 0.000
128.166667 128.250000  1634 0.000
128.250000 128.333333  1695 0.000
128.333333 128.416667  1677 0.000
128.416667 128.500000  1694 0.000
128.500000 128.583333  1813 0.000
128.583333 128.666667  1761 0.000
128.666667 128.750000  1691 0.000
128.750000 128.833333  1651 0.000
128.833333 128.916667  1848 0.000
128.916667 129.000000  1591 0.000
129.000000 129.083333  1532 0.000
129.083333 129.166667  1532 0.000
129.166667 129.250000  1383 0.000
129.250000 129.333333  1327 0.000
129.333333 129.416667  1397 0.000
129.416667 129.500000  1486 0.000
129.500000 129.583333  1371 0.000
129.583333 129.666667  1314 0.000
129.666667 129.750000  1296 0.000
129.750000 129.833333  1373 0.000
129.833333 129.916667  1360 0.000
129.916667 130.000000  1363 0.000
130.000000 130.083333  1379 0.000
130.083333 130.166667  1419 0.000
130.166667 130.250000  1410 0.000
130.250000 130.333333  1373 0.000
130.333333 130.416667  1357 0.000
130.416667 130.500000  1393 0.000
130.500000 130.583333  1319 0.000
130.583333 130.666667  1489 0.000
130.666667 130.750000  1631 0.000
130.750000 130.833333  1377 0.000
130.833333 130.916667  1358 0.000
130.916667 131.000000  1353 0.000
131.000000 131.083333  1362 0.000
131.083333 131.166667  1528 0.000
131.166667 131.250000  2004 0.000
131.250000 131.333333  2028 0.000
131.333333 131.416667  1852 0.000
131.416667 131.500000  1954 0.000
131.500000 131.583333  1963 0.000
131.583333 131.666667  1695 0.000
131.666667 131.750000  1759 0.000
131.750000 131.833333  1802 0.000
131.833333 131.916667  1876 0.000
131.916667 132.000000  1702 0.000
132.000000 132.083333  1729 0.000
132.083333 132.166667  1676 0.000
132.166667 132.250000  1586 0.000
132.250000 132.333333  1661 0.000
132.333333 132.416667  1660 0.000
132.416667 132.500000  1716 0.000
132.500000 132.583333  1699 0.000
132.583333 132.666667  1704 0.000
132.666667 132.750000  1736 0.000
132.750000 132.833333  1695 0.000
132.833333 132.916667  1693 0.000
132.916667 133.000000  1621 0.000
133.000000 133.083333  1591 0.000
133.083333 133.166667  1632 0.000
133.166667 133.250000  1645 0.000
133.250000 133.333333  1550 0.000
133.333333 133.416667  1468 0.000
133.416667 133.500000  1483 0.000
133.500000 133.583333  1404 0.000
133.583333 133.666667  1386 0.000
133.666667 133.750000  1347 0.000
133.750000 133.833333  1335 0.000
133.833333 133.916667  1402 0.000
133.916667 134.000000  1339 0.000
134.000000 134.083333  1372 0.000
134.083333 134.166667  1361 0.000
134.166667 134.250000  1355 0.000
134.250000 134.333333  1340 0.000
134.333333 134.416667  1361 0.000
134.416667 134.500000  1382 0.000
134.500000 134.583333  1427 0.000
134.583333 134.666667  1425 0.000
134.666667 134.750000  1434 0.000
134.750000 134.833333  1403 0.000
134.833333 134.916667  1415 0.000
134.916667 135.000000  1424 0.000
135.000000 135.083333  1376 0.000
135.083333 135.166667  1337 0.000
135.166667 135.250000  1263 0.000
135.250000 135.333333  1420 0.000
135.333333 135.416667  1385 0.000
135.416667 135.500000  1392 0.000
135.500000 135.583333  1357 0.000
135.583333 135.666667  1364 0.000
135.666667 135.750000  1359 0.000
135.750000 135.833333  1364 0.000
135.833333 135.916667  1477 0.000
135.916667 136.000000  1537 0.000
136.000000 136.083333  1545 0.000
136.083333 136.166667  1465 0.000
136.166667 136.250000  1559 0.000
136.250000 136.333333  1598 0.000
136.333333 136.416667  1655 0.000
136.416667 136.500000  1681 0.000
136.500000 136.583333  1400 0.000
136.583333 136.666667  1330 0.000
136.666667 136.750000  1321 0.000
136.750000 136.833333  1286 0.000
136.833333 136.916667  1261 0.000
136.916667 137.000000  1335 0.000
137.000000 137.083333  1376 0.000
137.083333 137.166667  1284 0.000
137.166667 137.250000  1270 0.000
137.250000 137.333333  1260 0.000
137.333333 137.416667  1267 0.000
137.416667 137.500000  1174 0.000
137.500000 137.583333  1138 0.000
137.583333 137.666667  1119 0.000
137.666667 137.750000  1188 0.000
137.750000 137.833333  1060 0.000
137.833333 137.916667  1055 0.000
137.916667 138.000000  1013 0.000
138.000000 138.083333   985 0.000
138.083333 138.166667  1052 0.000
138.166667 138.250000  1172 0.000
138.250000 138.333333  1171 0.000
138.333333 138.416667  1178 0.000
138.416667 138.500000  1260 0.000
138.500000 138.583333  1242 0.000
138.583333 138.666667  1275 0.000
138.666667 138.750000  1333 0.000
138.750000 138.833333  1322 0.000
138.833333 138.916667  1236 0.000
138.916667 139.000000  1234 0.000
139.000000 139.083333  1307 0.000
139.083333 139.166667  1232 0.000
139.166667 139.250000  1256 0.000
139.250000 139.333333  1283 0.000
139.333333 139.416667  1363 0.000
139.416667 139.500000  1432 0.000
139.500000 139.583333  1408 0.000
139.583333 139.666667  1376 0.000
139.666667 139.750000  1311 0.000
139.750000 139.833333  1322 0.000
139.833333 139.916667  1318 0.000
139.916667 140.000000  1301 0.000
140.000000 140.083333  1290 0.000
140.083333 140.166667  1314 0.000
140.166667 140.250000  1274 0.000
140.250000 140.333333  1309 0.000
140.333333 140.416667  1315 0.000
140.416667 140.500000  1378 0.000
140.500000 140.583333  1299 0.000
140.583333 140.666667  1326 0.000
140.666667 140.750000  1363 0.000
140.750000 140.833333  1346 0.000
140.833333 140.916667  1308 0.000
140.916667 141.000000  1349 0.000
141.000000 141.083333  1351 0.000
141.083333 141.166667  1333 0.000
141.166667 141.250000  1386 0.000
141.250000 141.333333  1455 0.000
141.333333 141.416667  1470 0.000
141.416667 141.500000  1370 0.000
141.500000 141.583333  1231 0.000
141.583333 141.666667  1174 0.000
141.666667 141.750000  1442 0.000
141.750000 141.833333  1236 0.000
141.833333 141.916667  1152 0.000
141.916667 142.000000  1154 0.000
142.000000 142.083333  1340 0.000
142.083333 142.166667  1556 0.000
142.166667 142.250000  1228 0.000
142.250000 142.333333  1160 0.000
142.333333 142.416667  1138 0.000
142.416667 142.500000  1159 0.000
142.500000 142.583333  1157 0.000
142.583333 142.666667  1187 0.000
142.666667 142.750000  1070 0.000
142.750000 142.833333  1085 0.000
142.833333 142.916667  1053 0.000
142.916667 143.000000  1144 0.000
143.000000 143.083333  1077 0.000
143.083333 143.166667  1091 0.000
143.166667 143.250000  1110 0.000
143.250000 143.333333  1107 0.000
143.333333 143.416667  1115 0.000
143.416667 143.500000  1154 0.000
143.500000 143.583333  1127 0.000
143.583333 143.666667  1166 0.000
143.666667 143.750000  1141 0.000
143.750000 143.833333  1121 0.000
143.833333 143.916667  1190 0.000
143.916667 144.000000  1176 0.000
144.000000 144.083333  1201 0.000
144.083333 144.166667  1190 0.000
144.166667 144.250000  1054 0.000
144.250000 144.333333  1042 0.000
144.333333 144.416667  1139 0.000
144.416667 144.500000  1235 0.000
144.500000 144.583333  1080 0.000
144.583333 144.666667  1089 0.000
144.666667 144.750000  1116 0.000
144.750000 144.833333  1144 0.000
144.833333 144.916667  1127 0.000
144.916667 145.000000  1109 0.000
145.000000 145.083333  1110 0.000
145.083333 145.166667  1098 0.000
145.166667 145.250000  1092 0.000
145.250000 145.333333  1121 0.000
145.333333 145.416667  1177 0.000
145.416667 145.500000  1218 0.000
145.500000 145.583333  1240 0.000
145.583333 145.666667  1185 0.000
145.666667 145.750000  1195 0.000
145.750000 145.833333  1207 0.000
145.833333 145.916667  1218 0.000
145.916667 146.000000  1239 0.000
146.000000 146.083333  1230 0.000
146.083333 146.166667  1243 0.000
146.166667 146.250000  1158 0.000
146.250000 146.333333  1177 0.000
146.333333 146.416667  1201 0.000
146.416667 146.500000  1216 0.000
146.500000 146.583333  1244 0.000
146.583333 146.666667  1176 0.000
146.666667 146.750000  1209 0.000
146.750000 146.833333  1182 0.000
146.833333 146.916667  1136 0.000
146.916667 147.000000  1146 0.000
147.000000 147.083333  1162 0.000
147.083333 147.166667  1176 0.000
147.166667 147.250000  1162 0.000
147.250000 147.333333  1167 0.000
147.333333 147.416667  1178 0.000
147.416667 147.500000  1171 0.000
147.500000 147.583333  1201 0.000
147.583333 147.666667  1152 0.000
147.666667 147.750000  1182 0.000
147.750000 147.833333  1167 0.000
147.833333 147.916667  1169 0.000
147.916667 148.000000  1114 0.000
148.000000 148.083333  1131 0.000
148.083333 148.166667  1137 0.000
148.166667 148.250000  1127 0.000
148.250000 148.333333  1146 0.000
148.333333 148.416667  1151 0.000
148.416667 148.500000  1236 0.000
148.500000 148.583333  1202 0.000
148.583333 148.666667  1175 0.000
148.666667 148.750000  1160 0.000
148.750000 148.833333  1224 0.000
148.833333 148.916667  1227 0.000
148.916667 149.000000  1215 0.000
149.000000 149.083333  1204 0.000
149.083333 149.166667  1201 0.000
149.166667 149.250000  1183 0.000
149.250000 149.333333  1222 0.000
149.333333 149.416667  1249 0.000
149.416667 149.500000  1329 0.000
149.500000 149.583333  1509 0.000
149.583333 149.666667  1452 0.000
149.666667 149.750000  1406 0.000
149.750000 149.833333  1345 0.000
149.833333 149.916667  1309 0.000
149.916667 150.000000  1440 0.000
150.000000 150.083333  1350 0.000
150.083333 150.166667  1326 0.000
150.166667 150.250000  1372 0.000
150.250000 150.333333  1403 0.000
150.333333 150.416667  1469 0.000
150.416667 150.500000  1549 0.000
150.500000 150.583333  1597 0.000
150.583333 150.666667  1586 0.000
150.666667 150.750000  1585 0.000
150.750000 150.833333  1564 0.000
150.833333 150.916667  1605 0.000
150.916667 151.000000  1683 0.000
151.000000 151.083333  1648 0.000
151.083333 151.166667  1647 0.000
151.166667 151.250000  1630 0.000
151.250000 151.333333  1653 0.000
151.333333 151.416667  1712 0.000
151.416667 151.500000  2066 0.000
151.500000 151.583333  1938 0.000
151.583333 151.666667  1718 0.000
151.666667 151.750000  1658 0.000
151.750000 151.833333  1592 0.000
151.833333 151.916667  1602 0.000
151.916667 152.000000  1552 0.000
152.000000 152.083333  1575 0.000
152.083333 152.166667  1587 0.000
152.166667 152.250000  1602 0.000
152.250000 152.333333  1603 0.000
152.333333 152.416667  1611 0.000
152.416667 152.500000  1922 0.000
152.500000 152.583333  2108 0.000
152.583333 152.666667  1784 0.000
152.666667 152.750000  1651 0.000
152.750000 152.833333  1593 0.000
152.833333 152.916667  1548 0.000
152.916667 153.000000  1543 0.000
153.000000 153.083333  1555 0.000
153.083333 153.166667  1552 0.000
153.166667 153.250000  1598 0.000
153.250000 153.333333  1594 0.000
153.333333 153.416667  1575 0.000
153.416667 153.500000  1594 0.000
153.500000 153.583333  1613 0.000
153.583333 153.666667  1629 0.000
153.666667 153.750000  1611 0.000
153.750000 153.833333  1603 0.000
153.833333 153.916667  1608 0.000
153.916667 154.000000 99999 0.999
154.000000 154.083333 99999 0.999
154.083333 154.166667 99999 0.999
154.166667 154.250000 99999 0.999
154.250000 154.333333 99999 0.999
154.333333 154.416667 99999 0.999
154.416667 154.500000 99999 0.999
154.500000 154.583333 99999 0.999
154.583333 154.666667 99999 0.999
154.666667 154.750000 99999 0.999
154.750000 154.833333 99999 0.999
154.833333 154.916667 99999 0.999
154.916667 155.000000 99999 0.999
155.000000 155.083333 99999 0.999
155.083333 155.166667 99999 0.999
155.166667 155.250000 99999 0.999
155.250000 155.333333 99999 0.999
155.333333 155.416667 99999 0.999
155.416667 155.500000  1136 0.000
155.500000 155.583333  1162 0.000
155.583333 155.666667  1126 0.000
155.666667 155.750000  1103 0.000
155.750000 155.833333  1136 0.000
155.833333 155.916667  1162 0.000
155.916667 156.000000  1156 0.000
156.000000 156.083333  1150 0.000
156.083333 156.166667  1130 0.000
156.166667 156.250000  1149 0.000
156.250000 156.333333  1197 0.000
156.333333 156.416667  1307 0.000
156.416667 156.500000  1373 0.000
156.500000 156.583333  1379 0.000
156.583333 156.666667  1262 0.000
156.666667 156.750000  1190 0.000
156.750000 156.833333  1285 0.000
