data/obs/c2h6/WDCGG/event/CH0005R.20140101000000.20150720000000.online_gc.ethane.air.1y.2h.CH01L_Agilent_ADS-GC-FID_cn10450060_RIG.CH01L_ADS_GC_FID_VOCAIR_RIGI.lev2.nas
67 1001
Hill, Matz; Reimann, Stefan
CH01L, Swiss Federal Laboratories for Materials Science and Technology, EMPA, Section Air Pollution, Überlandstrasse 133, , 8600, Dübendorf, Switzerland
Hill, Matz
ACTRIS EMEP GAW-WDCRG
1 1
2014 01 01 2015 07 20
0
days from file reference point
5
1 1 1 1 1
999.999999 99999 9999.9 999.9 9.999
end_time of measurement, days from the file reference point
ethane, pmol/mol, Statistics=arithmetic mean, Data level=, Standard method=, Calibration scale=, Inlet type=, Detection limit=7.0 pmol/mol
ethane, pmol/mol, Statistics=expanded uncertainty 2sigma
ethane, pmol/mol, Statistics=precision
numflag, no unit
0
48
Data definition:              EBAS_1.1
Set type code:                TI
Timezone:                     UTC
File name:                    CH0005R.20140101000000.20150720000000.online_gc.ethane.air.1y.2h.CH01L_Agilent_ADS-GC-FID_cn10450060_RIG.CH01L_ADS_GC_FID_VOCAIR_RIGI.lev2.nas
File creation:                20190306184553
Startdate:                    20140101000000
Revision date:                20150720000000
Version:                      2
Version description:          initial revision, manually inspected, removed all data for butenes and pentenes
Data level:                   2
Period code:                  1y
Resolution code:              2h
Sample duration:              40mn
Station code:                 CH0005R
Platform code:                CH0005S
Station name:                 Rigi
Station GAW-ID:               RIG
Station latitude:             47.0675
Station longitude:            8.463889
Station altitude:             1031.0m
Measurement height:           3.0m
Regime:                       IMG
Component:                    ethane
Unit:                         pmol/mol
Matrix:                       air
Instrument type:              online_gc
Laboratory code:              CH01L
Instrument name:              Agilent_ADS-GC-FID_cn10450060_RIG
Instrument manufacturer:      Agilent
Instrument model:             6890GC/FID
Instrument serial number:     cn10450060
Method ref:                   CH01L_ADS_GC_FID_VOCAIR_RIGI
Standard method:              None
Calibration scale:            NPL
Inlet type:                   Hat or hood
Inlet description:            ambient air is brought into the cabin through a main inlet line at a flow rate of 300 lpm. From the main inlet line short stainless steel tubes are used to bring the air samples to the instruments.
Volume std. temperature:      273.15 K
Volume std. pressure:         1013.25 hPa
Detection limit expl.:        Determined by instrument counting statistics, no detection limit flag used
Measurement uncertainty expl.: Includes reproducibility (precision) + systematic errors (accuracy)
Zero/negative values code:    Zero/negative impossible
Zero/negative values:         Zero and neg. values don't appear because data was processed and zero/neg data taken out
Originator:                   Hill, Matz, matthias.hill@empa.ch, Swiss Federal Laboratories for Materials Science and Technology, Empa, Air Pollution/Environmental Technology, Ueberlandstrasse 129, , CH-8600, Duebendorf, Switzerland
Originator:                   Reimann, Stefan, , , , , , , , , 
Submitter:                    Hill, Matz, matthias.hill@empa.ch, Swiss Federal Laboratories for Materials Science and Technology, Empa, Air Pollution/Environmental Technology, Ueberlandstrasse 129, , CH-8600, Duebendorf, Switzerland
Acknowledgement:              Request acknowledgement details from data originator
Comment:                      "No SOP currently available, o3 not removed, nafion dryer, Calibration interval:1/two weeks"
starttime endtime C2H6 C2H6 C2H6 flag
[from data line 3405]
315.590278 315.618056  1714   35.3   4.2 0.000
315.673611 315.701389  1759   36.2   4.2 0.000
315.756944 315.784722  1889   38.8   4.3 0.000
315.840278 315.868056  1846   37.9   4.3 0.000
315.923611 315.951389  1841   37.8   4.3 0.000
316.006944 316.034722  1911   39.2   4.4 0.000
316.090278 316.118056  1694   34.9   4.2 0.000
316.173611 316.201389  1694   34.9   4.2 0.000
316.256944 316.284722  1693   34.9   4.2 0.000
316.340278 316.368056  1719   35.4   4.2 0.000
316.423611 316.451389  1736   35.7   4.2 0.000
316.506944 316.534722  1842   37.8   4.3 0.000
316.590278 316.618056  1795   36.9   4.3 0.000
316.673611 316.701389  1747   36.0   4.2 0.000
316.756944 316.784722  1734   35.7   4.2 0.000
316.840278 316.868056  1719   35.4   4.2 0.000
316.923611 316.951389  1712   35.3   4.2 0.000
317.006944 317.034722  1658   34.2   4.2 0.000
317.090278 317.118056  1598   33.0   4.1 0.000
317.173611 317.201389  1523   31.5   4.1 0.000
317.256944 317.284722  1473   30.6   4.0 0.000
317.340278 317.368056  1454   30.2   4.0 0.000
317.423611 317.451389  1503   31.1   4.1 0.000
317.506944 317.534722  1593   32.9   4.1 0.000
317.590278 317.618056  1545   32.0   4.1 0.000
317.673611 317.701389  1623   33.5   4.2 0.000
317.756944 317.784722  1517   31.4   4.1 0.000
317.840278 317.868056  1568   32.4   4.1 0.000
317.923611 317.951389  1615   33.3   4.1 0.000
318.006944 318.034722  1409   29.3   4.0 0.000
318.090278 318.118056  1617   33.4   4.1 0.000
318.173611 318.201389  2021   41.4   4.4 0.000
318.256944 318.284722  1692   34.9   4.2 0.000
318.340278 318.368056  1651   34.1   4.2 0.000
318.423611 318.451389  1646   34.0   4.2 0.000
318.506944 318.534722  1767   36.3   4.3 0.000
318.590278 318.618056  1808   37.2   4.3 0.000
318.673611 318.701389  1884   38.7   4.3 0.000
318.756944 318.784722  1868   38.3   4.3 0.000
318.840278 318.868056  1972   40.4   4.4 0.000
318.923611 318.951389  1729   35.6   4.2 0.000
319.006944 319.034722  1687   34.8   4.2 0.000
319.090278 319.118056  1522   31.5   4.1 0.000
319.173611 319.201389  1514   31.4   4.1 0.000
319.256944 319.284722  1522   31.5   4.1 0.000
319.340278 319.368056  1536   31.8   4.1 0.000
319.423611 319.451389  1546   32.0   4.1 0.000
319.506944 319.534722  1555   32.2   4.1 0.000
319.590278 319.618056  1585   32.8   4.1 0.000
319.673611 319.701389  1582   32.7   4.1 0.000
319.756944 319.784722  1566   32.4   4.1 0.000
319.840278 319.868056  1574   32.5   4.1 0.000
319.923611 319.951389  1616   33.4   4.1 0.000
320.006944 320.034722  1594   32.9   4.1 0.000
320.090278 320.118056  1602   33.1   4.1 0.000
320.173611 320.201389  1611   33.3   4.1 0.000
320.256944 320.284722  1656   34.2   4.2 0.000
320.340278 320.368056  1701   35.0   4.2 0.000
320.423611 320.451389  1678   34.6   4.2 0.000
320.506944 320.534722  1632   33.7   4.2 0.000
320.590278 320.618056  1697   35.0   4.2 0.000
320.673611 320.701389  1732   35.7   4.2 0.000
320.756944 320.784722  1757   36.2   4.2 0.000
320.840278 320.868056  1724   35.5   4.2 0.000
320.923611 320.951389  1751   36.0   4.2 0.000
321.006944 321.034722  1663   34.3   4.2 0.000
321.090278 321.118056  1687   34.8   4.2 0.000
321.173611 321.201389  1652   34.1   4.2 0.000
321.256944 321.284722  1618   33.4   4.1 0.000
321.340278 321.368056  1597   33.0   4.1 0.000
321.423611 321.451389  1682   34.7   4.2 0.000
321.506944 321.534722  1602   33.1   4.1 0.000
321.590278 321.618056  1632   33.7   4.2 0.000
321.673611 321.701389  1670   34.4   4.2 0.000
321.756944 321.784722  1672   34.5   4.2 0.000
321.840278 321.868056  1660   34.2   4.2 0.000
321.923611 321.951389  1843   37.9   4.3 0.000
322.006944 322.034722  1749   36.0   4.2 0.000
322.090278 322.118056  1700   35.0   4.2 0.000
322.173611 322.201389  1796   36.9   4.3 0.000
322.256944 322.284722  1888   38.7   4.3 0.000
322.340278 322.368056  1953   40.0   4.4 0.000
322.423611 322.451389  1950   40.0   4.4 0.000
322.506944 322.534722  2236   45.7   4.6 0.000
322.590278 322.618056  2183   44.6   4.5 0.000
322.673611 322.701389  2266   46.2   4.6 0.000
322.756944 322.784722  2168   44.3   4.5 0.000
322.840278 322.868056  2167   44.3   4.5 0.000
322.923611 322.951389  2196   44.9   4.6 0.000
323.006944 323.034722  2266   46.2   4.6 0.000
323.090278 323.118056  2190   44.7   4.6 0.000
323.173611 323.201389  2170   44.3   4.5 0.000
323.256944 323.284722  2131   43.6   4.5 0.000
323.340278 323.368056  2485   50.6   4.8 0.000
323.423611 323.451389  2059   42.1   4.5 0.000
323.506944 323.534722  2130   43.5   4.5 0.000
323.590278 323.618056  2203   45.0   4.6 0.000
323.673611 323.701389  2174   44.4   4.5 0.000
323.756944 323.784722  2070   42.4   4.5 0.000
323.840278 323.868056  2112   43.2   4.5 0.000
323.923611 323.951389  2026   41.5   4.4 0.000
324.006944 324.034722  2068   42.3   4.5 0.000
324.090278 324.118056  2179   44.5   4.5 0.000
324.173611 324.201389  1876   38.5   4.3 0.000
324.256944 324.284722  1899   39.0   4.3 0.000
324.340278 324.368056  1886   38.7   4.3 0.000
324.423611 324.451389  1881   38.6   4.3 0.000
324.506944 324.534722  1974   40.4   4.4 0.000
324.590278 324.618056  1852   38.0   4.3 0.000
324.673611 324.701389  1776   36.5   4.3 0.000
324.756944 324.784722  1556   32.2   4.1 0.000
324.840278 324.868056  1342   28.0   4.0 0.000
324.923611 324.951389  1441   29.9   4.0 0.000
325.006944 325.034722  2202   45.0   4.6 0.000
325.090278 325.118056  1472   30.5   4.0 0.000
325.173611 325.201389  1327   27.7   3.9 0.000
325.256944 325.284722  1251   26.2   3.9 0.000
325.340278 325.368056  1050   22.3   3.7 0.000
325.423611 325.451389  1073   22.7   3.8 0.000
325.506944 325.534722  1248   26.1   3.9 0.000
325.590278 325.618056  1451   30.1   4.0 0.000
325.673611 325.701389  1383   28.8   4.0 0.000
325.756944 325.784722  1286   26.9   3.9 0.000
325.840278 325.868056  1137   24.0   3.8 0.000
325.923611 325.951389  1389   28.9   4.0 0.000
326.006944 326.034722  1311   27.4   3.9 0.000
326.090278 326.118056  1217   25.5   3.9 0.000
326.173611 326.201389  1344   28.0   4.0 0.000
326.256944 326.284722  1223   25.7   3.9 0.000
326.340278 326.368056  1137   24.0   3.8 0.000
326.423611 326.451389  1030   21.9   3.7 0.000
326.506944 326.534722  1156   24.4   3.8 0.000
326.590278 326.618056  1038   22.1   3.7 0.000
326.673611 326.701389   771   17.0   3.5 0.000
326.756944 326.784722   788   17.3   3.6 0.000
326.840278 326.868056   919   19.8   3.7 0.000
326.923611 326.951389   880   19.0   3.6 0.000
327.006944 327.034722   867   18.8   3.6 0.000
327.090278 327.118056   874   18.9   3.6 0.000
327.173611 327.201389   881   19.1   3.6 0.000
327.256944 327.284722   818   17.9   3.6 0.000
327.340278 327.368056   913   19.7   3.6 0.000
327.423611 327.451389  1175   24.7   3.8 0.000
327.506944 327.534722  1679   34.6   4.2 0.000
327.590278 327.618056  1717   35.4   4.2 0.000
327.673611 327.701389  1866   38.3   4.3 0.000
327.756944 327.784722  1553   32.1   4.1 0.000
327.840278 327.868056  1688   34.8   4.2 0.000
327.923611 327.951389  1678   34.6   4.2 0.000
328.006944 328.034722  1718   35.4   4.2 0.000
328.090278 328.118056  1730   35.6   4.2 0.000
328.173611 328.201389  2436   49.6   4.7 0.000
328.256944 328.284722  2553   52.0   4.8 0.000
328.340278 328.368056  2903   58.9   5.1 0.000
328.423611 328.451389  2882   58.5   5.0 0.000
328.506944 328.534722  2829   57.5   5.0 0.000
328.590278 328.618056  2782   56.5   5.0 0.000
328.673611 328.701389  2630   53.5   4.9 0.000
328.756944 328.784722  2656   54.0   4.9 0.000
328.840278 328.868056  2566   52.2   4.8 0.000
328.923611 328.951389  2636   53.6   4.9 0.000
329.006944 329.034722  2591   52.7   4.8 0.000
329.090278 329.118056  2495   50.8   4.8 0.000
329.173611 329.201389  1825   37.5   4.3 0.000
329.256944 329.284722  1814   37.3   4.3 0.000
329.340278 329.368056  1687   34.8   4.2 0.000
329.423611 329.451389  1735   35.7   4.2 0.000
329.506944 329.534722  1627   33.6   4.2 0.000
329.590278 329.618056  1715   35.3   4.2 0.000
329.673611 329.701389  1586   32.8   4.1 0.000
329.756944 329.784722  1545   32.0   4.1 0.000
329.840278 329.868056  1706   35.1   4.2 0.000
329.923611 329.951389  1731   35.6   4.2 0.000
330.006944 330.034722  2018   41.3   4.4 0.000
330.090278 330.118056  1924   39.5   4.4 0.000
330.173611 330.201389  2481   50.5   4.8 0.000
330.256944 330.284722  2612   53.1   4.9 0.000
330.340278 330.368056  2135   43.6   4.5 0.000
330.423611 330.451389  2460   50.1   4.7 0.000
330.506944 330.534722  2444   49.8   4.7 0.000
330.590278 330.618056  1715   35.3   4.2 0.000
330.673611 330.701389  1328   27.7   3.9 0.000
330.756944 330.784722  1400   29.1   4.0 0.000
330.840278 330.868056  1472   30.5   4.0 0.000
330.923611 330.951389  2438   49.7   4.7 0.000
331.006944 331.034722  2228   45.5   4.6 0.000
331.090278 331.118056  2383   48.6   4.7 0.000
331.173611 331.201389  2563   52.2   4.8 0.000
331.256944 331.284722  2566   52.2   4.8 0.000
331.340278 331.368056  2283   46.6   4.6 0.000
331.423611 331.451389  1520   31.5   4.1 0.000
331.506944 331.534722  1518   31.4   4.1 0.000
331.590278 331.618056  1372   28.6   4.0 0.000
331.673611 331.701389  1291   27.0   3.9 0.000
331.756944 331.784722  1218   25.6   3.9 0.000
331.840278 331.868056  1202   25.2   3.9 0.000
331.923611 331.951389  1212   25.4   3.9 0.000
332.006944 332.034722  1571   32.5   4.1 0.000
332.090278 332.118056  1362   28.4   4.0 0.000
332.173611 332.201389  1680   34.6   4.2 0.000
332.256944 332.284722  2073   42.4   4.5 0.000
332.340278 332.368056  1951   40.0   4.4 0.000
332.423611 332.451389  2460   50.1   4.7 0.000
332.506944 332.534722  2827   57.4   5.0 0.000
332.590278 332.618056  3132   63.5   5.2 0.000
332.673611 332.701389  3373   68.3   5.4 0.000
332.756944 332.784722  3453   69.9   5.5 0.000
332.840278 332.868056  3309   67.0   5.3 0.000
332.923611 332.951389  2859   58.1   5.0 0.000
333.006944 333.034722  3526   71.4   5.5 0.000
333.090278 333.118056  3230   65.5   5.3 0.000
333.173611 333.201389  3652   73.9   5.6 0.000
333.256944 333.284722  1902   39.0   4.4 0.000
333.340278 333.368056  1585   32.8   4.1 0.000
333.423611 333.451389  1624   33.5   4.2 0.000
333.506944 333.534722  1789   36.8   4.3 0.000
333.590278 333.618056  1542   31.9   4.1 0.000
333.673611 333.701389  1526   31.6   4.1 0.000
333.756944 333.784722  1544   31.9   4.1 0.000
333.840278 333.868056  1514   31.4   4.1 0.000
333.923611 333.951389  1915   39.3   4.4 0.000
334.006944 334.034722  2543   51.8   4.8 0.000
334.090278 334.118056  4120   83.2   5.9 0.000
334.173611 334.201389  4289   86.6   6.0 0.000
335.368056 335.395833  3860   78.7   7.7 0.000
335.451389 335.479167  4130   84.1   8.0 0.000
335.534722 335.562500  4013   81.8   7.9 0.000
335.618056 335.645833  4004   81.6   7.8 0.000
335.701389 335.729167  4057   82.7   7.9 0.000
335.784722 335.812500  4076   83.0   7.9 0.000
335.868056 335.895833  4132   84.2   8.0 0.000
335.951389 335.979167  4351   88.6   8.3 0.000
336.034722 336.062500  4299   87.5   8.2 0.000
336.118056 336.145833  4482   91.2   8.4 0.000
336.201389 336.229167  4544   92.5   8.5 0.000
336.284722 336.312500  4597   93.5   8.6 0.000
336.368056 336.395833  4637   94.3   8.6 0.000
336.451389 336.479167  4841   98.4   8.9 0.000
336.534722 336.562500  4887   99.4   8.9 0.000
336.618056 336.645833  4828   98.2   8.8 0.000
336.701389 336.729167  4499   91.6   8.4 0.000
336.784722 336.812500  4865   98.9   8.9 0.000
336.868056 336.895833  4959  100.8   9.0 0.000
336.951389 336.979167  4833   98.3   8.8 0.000
337.034722 337.062500  4874   99.1   8.9 0.000
337.118056 337.145833  4822   98.0   8.8 0.000
337.201389 337.229167  4878   99.2   8.9 0.000
337.284722 337.312500  4767   96.9   8.8 0.000
337.368056 337.395833  4753   96.7   8.8 0.000
337.451389 337.479167  4498   91.5   8.4 0.000
337.534722 337.562500  4369   88.9   8.3 0.000
337.618056 337.645833  3876   79.0   7.7 0.000
337.701389 337.729167  2008   41.6   5.4 0.000
337.784722 337.812500  2002   41.5   5.4 0.000
337.868056 337.895833  1998   41.4   5.4 0.000
337.951389 337.979167  2550   52.4   6.1 0.000
338.034722 338.062500  2568   52.8   6.1 0.000
338.118056 338.145833  3033   62.1   6.7 0.000
338.201389 338.229167  2955   60.5   6.6 0.000
338.284722 338.312500  3048   62.4   6.7 0.000
338.368056 338.395833  3064   62.7   6.7 0.000
338.451389 338.479167  3100   63.5   6.8 0.000
338.534722 338.562500  3330   68.1   7.0 0.000
338.618056 338.645833  3355   68.6   7.1 0.000
338.701389 338.729167  3233   66.1   6.9 0.000
338.784722 338.812500  3197   65.4   6.9 0.000
338.868056 338.895833  3181   65.1   6.8 0.000
338.951389 338.979167  3282   67.1   7.0 0.000
339.034722 339.062500  2945   60.3   6.6 0.000
339.118056 339.145833  2844   58.3   6.4 0.000
339.201389 339.229167  3117   63.8   6.8 0.000
339.284722 339.312500  3226   66.0   6.9 0.000
339.368056 339.395833  3742   76.3   7.5 0.000
339.451389 339.479167  3803   77.6   7.6 0.000
339.534722 339.562500  4000   81.5   7.8 0.000
339.618056 339.645833  3863   78.8   7.7 0.000
339.701389 339.729167  3941   80.3   7.8 0.000
339.784722 339.812500  3981   81.1   7.8 0.000
339.868056 339.895833  4028   82.1   7.9 0.000
339.951389 339.979167  3965   80.8   7.8 0.000
340.034722 340.062500  3970   80.9   7.8 0.000
340.118056 340.145833  3999   81.5   7.8 0.000
340.201389 340.229167  3974   81.0   7.8 0.000
340.284722 340.312500  3955   80.6   7.8 0.000
340.368056 340.395833  3954   80.6   7.8 0.000
340.451389 340.479167  3906   79.6   7.7 0.000
340.534722 340.562500  3873   79.0   7.7 0.000
340.618056 340.645833  3824   78.0   7.6 0.000
340.701389 340.729167  3787   77.2   7.6 0.000
340.784722 340.812500  3857   78.6   7.7 0.000
340.868056 340.895833  3797   77.4   7.6 0.000
340.951389 340.979167  3363   68.7   7.1 0.000
341.034722 341.062500  3511   71.7   7.2 0.000
341.118056 341.145833  3515   71.8   7.3 0.000
341.201389 341.229167  3480   71.1   7.2 0.000
341.284722 341.312500  2994   61.3   6.6 0.000
341.368056 341.395833  2379   49.0   5.9 0.000
341.451389 341.479167  2381   49.1   5.9 0.000
341.534722 341.562500  2187   45.2   5.6 0.000
341.618056 341.645833  1848   38.4   5.2 0.000
341.701389 341.729167  1884   39.1   5.3 0.000
341.784722 341.812500  1952   40.5   5.4 0.000
341.868056 341.895833  2146   44.4   5.6 0.000
341.951389 341.979167  2009   41.6   5.4 0.000
342.034722 342.062500  2031   42.1   5.5 0.000
342.118056 342.145833  1893   39.3   5.3 0.000
342.201389 342.229167  1923   39.9   5.3 0.000
342.284722 342.312500  2197   45.4   5.7 0.000
342.368056 342.395833  2323   47.9   5.8 0.000
342.451389 342.479167  2326   48.0   5.8 0.000
342.534722 342.562500  2386   49.2   5.9 0.000
342.618056 342.645833  2396   49.4   5.9 0.000
342.701389 342.729167  2449   50.4   6.0 0.000
342.784722 342.812500  2480   51.0   6.0 0.000
342.868056 342.895833  2424   49.9   5.9 0.000
342.951389 342.979167  2392   49.3   5.9 0.000
343.034722 343.062500  2459   50.6   6.0 0.000
343.118056 343.145833  2396   49.4   5.9 0.000
343.201389 343.229167  2348   48.4   5.8 0.000
343.284722 343.312500  2280   47.0   5.8 0.000
343.368056 343.395833  2258   46.6   5.7 0.000
343.451389 343.479167  2097   43.4   5.5 0.000
343.534722 343.562500  2116   43.8   5.6 0.000
343.618056 343.645833  1978   41.0   5.4 0.000
343.701389 343.729167  1984   41.1   5.4 0.000
343.784722 343.812500  1741   36.3   5.1 0.000
343.868056 343.895833  2115   43.7   5.6 0.000
343.951389 343.979167  1868   38.8   5.3 0.000
344.034722 344.062500  1813   37.7   5.2 0.000
344.118056 344.145833  2020   41.8   5.4 0.000
344.201389 344.229167  1961   40.7   5.4 0.000
344.284722 344.312500  1792   37.3   5.2 0.000
344.368056 344.395833  1921   39.9   5.3 0.000
344.451389 344.479167  1894   39.3   5.3 0.000
344.534722 344.562500  1857   38.6   5.2 0.000
344.618056 344.645833  1748   36.4   5.1 0.000
344.701389 344.729167  1593   33.3   4.9 0.000
344.784722 344.812500  1560   32.7   4.9 0.000
344.868056 344.895833  1550   32.5   4.9 0.000
