data/obs/c2h6/WDCGG/event/CH0005R.20120117160000.20160915102628.online_gc.ethane.air.50w.2h.CH01L_Agilent_ADS-GC-FID_cn10450060_RIG.CH01L_ADS_GC_FID_VOCAIR_RIGI.lev2.nas
67 1001
Hill, Matz; Reimann, Stefan
CH01L, Swiss Federal Laboratories for Materials Science and Technology, EMPA, Section Air Pollution, Überlandstrasse 133, , 8600, Dübendorf, Switzerland
Hill, Matz
ACTRIS EMEP GAW-WDCRG
1 1
2012 01 01 2016 09 15
0
days from file reference point
5
1 1 1 1 1
999.999999 99999 9999 999 9.999
end_time of measurement, days from the file reference point
ethane, pmol/mol, Statistics=arithmetic mean, Data level=, Standard method=, Calibration scale=, Inlet type=, Detection limit=7.0 pmol/mol
ethane, pmol/mol, Revision date=20150330000000, Statistics=expanded uncertainty 2sigma
ethane, pmol/mol, Revision date=20150330000000, Statistics=precision
numflag, no unit
0
48
Data definition:              EBAS_1.1
Set type code:                TI
Timezone:                     UTC
File name:                    CH0005R.20120117160000.20160915102628.online_gc.ethane.air.50w.2h.CH01L_Agilent_ADS-GC-FID_cn10450060_RIG.CH01L_ADS_GC_FID_VOCAIR_RIGI.lev2.nas
File creation:                20190306184552
Startdate:                    20120117160000
Revision date:                20160915102628
Version:                      2
Version description:          initial revision, manually inspected, removed all data for butenes and pentenes
Data level:                   2
Period code:                  50w
Resolution code:              2h
Sample duration:              40mn
Station code:                 CH0005R
Platform code:                CH0005S
Station name:                 Rigi
Station GAW-ID:               RIG
Station latitude:             47.0675
Station longitude:            8.463889
Station altitude:             1031.0m
Measurement height:           3.0m
Regime:                       IMG
Component:                    ethane
Unit:                         pmol/mol
Matrix:                       air
Instrument type:              online_gc
Laboratory code:              CH01L
Instrument name:              Agilent_ADS-GC-FID_cn10450060_RIG
Instrument manufacturer:      Agilent
Instrument model:             6890GC/FID
Instrument serial number:     cn10450060
Method ref:                   CH01L_ADS_GC_FID_VOCAIR_RIGI
Standard method:              None
Calibration scale:            NPL
Inlet type:                   Hat or hood
Inlet description:            ambient air is brought into the cabin through a main inlet line at a flow rate of 300 lpm. From the main inlet line short stainless steel tubes are used to bring the air samples to the instruments.
Volume std. temperature:      273.15 K
Volume std. pressure:         1013.25 hPa
Detection limit expl.:        Determined by instrument counting statistics, no detection limit flag used
Measurement uncertainty expl.: Includes reproducibility (precision) + systematic errors (accuracy)
Zero/negative values code:    Zero/negative impossible
Zero/negative values:         Zero and neg. values don't appear because data was processed and zero/neg data taken out
Originator:                   Hill, Matz, matthias.hill@empa.ch, Swiss Federal Laboratories for Materials Science and Technology, Empa, Air Pollution/Environmental Technology, Ueberlandstrasse 129, , CH-8600, Duebendorf, Switzerland
Originator:                   Reimann, Stefan, , , , , , , , , 
Submitter:                    Hill, Matz, matthias.hill@empa.ch, Swiss Federal Laboratories for Materials Science and Technology, Empa, Air Pollution/Environmental Technology, Ueberlandstrasse 129, , CH-8600, Duebendorf, Switzerland
Acknowledgement:              Request acknowledgement details from data originator
Comment:                      "No SOP currently available, o3 not removed, nafion dryer, Calibration interval:1/two weeks"
starttime endtime C2H6 C2H6 C2H6 flag
[from data line 745]
 82.666667  82.694444  1771   37   6 0.000
 82.750000  82.777778  1790   38   6 0.000
 82.833333  82.861111  1834   39   6 0.000
 82.916667  82.944444  1855   39   6 0.000
 83.000000  83.027778  1741   37   6 0.000
 83.083333  83.111111  1664   35   6 0.000
 83.166667  83.194444  1583   34   6 0.000
 83.250000  83.277778  1622   34   6 0.000
 83.333333  83.361111  1618   34   6 0.000
 83.416667  83.444444  1756   37   6 0.000
 83.500000  83.527778  1916   40   6 0.000
 83.583333  83.611111  1767   37   6 0.000
 83.666667  83.694444  1706   36   6 0.000
 83.750000  83.777778  1770   37   6 0.000
 83.833333  83.861111  1793   38   6 0.000
 83.916667  83.944444  1820   38   6 0.000
 84.000000  84.027778  1831   39   6 0.000
 84.083333  84.111111  1822   39   6 0.000
 84.166667  84.194444  1828   39   6 0.000
 84.250000  84.277778  2136   45   7 0.000
 84.333333  84.361111  1861   39   6 0.000
 84.416667  84.444444  2084   44   7 0.000
 84.500000  84.527778  1900   40   6 0.000
 84.583333  84.611111  1825   39   6 0.000
 84.666667  84.694444  1711   36   6 0.000
 84.750000  84.777778  1720   36   6 0.000
 84.833333  84.861111  1710   36   6 0.000
 84.916667  84.944444  1708   36   6 0.000
 85.000000  85.027778  1696   36   6 0.000
 85.083333  85.111111  1682   36   6 0.000
 85.166667  85.194444  1729   37   6 0.000
 85.250000  85.277778  1713   36   6 0.000
 85.548611  85.576389  1748   37   6 0.000
 85.631944  85.659722  1702   36   6 0.000
 85.715278  85.743056  1722   36   6 0.000
 85.798611  85.826389  1765   37   6 0.000
 85.881944  85.909722  1795   38   6 0.000
 85.965278  85.993056  1797   38   6 0.000
 86.048611  86.076389  1811   38   6 0.000
 86.131944  86.159722 99999 9999 999 0.999
 86.215278  86.243056  1756   37   6 0.000
 86.583333  86.611111  1837   39   6 0.000
 86.666667  86.694444  1844   39   6 0.000
 86.750000  86.777778  1857   39   6 0.000
 86.833333  86.861111  1829   39   6 0.000
 86.916667  86.944444  1827   39   6 0.000
 87.000000  87.027778  1795   38   6 0.000
 87.083333  87.111111  1816   38   6 0.000
 87.166667  87.194444  1827   39   6 0.000
 87.250000  87.277778  1792   38   6 0.000
 87.333333  87.361111  1820   38   6 0.000
 88.513889  88.541667  1688   36   6 0.000
 88.597222  88.625000  1627   35   6 0.000
 88.680556  88.708333  1666   35   6 0.000
 88.763889  88.791667  1849   39   6 0.000
 88.847222  88.875000  1988   42   7 0.000
 88.930556  88.958333  1819   38   6 0.000
 89.013889  89.041667  1978   42   7 0.000
 89.097222  89.125000  2041   43   7 0.000
 89.180556  89.208333  1935   41   6 0.000
 89.263889  89.291667  2139   45   7 0.000
 89.347222  89.375000  2117   45   7 0.000
 89.430556  89.458333  2157   45   7 0.000
 89.513889  89.541667  1895   40   6 0.000
 89.597222  89.625000  1593   34   6 0.000
 89.680556  89.708333  1463   31   5 0.000
 89.763889  89.791667  1501   32   6 0.000
 89.847222  89.875000  1569   33   6 0.000
 89.930556  89.958333  1509   32   6 0.000
 90.013889  90.041667  1601   34   6 0.000
 90.097222  90.125000  1697   36   6 0.000
 90.180556  90.208333  1504   32   6 0.000
 90.263889  90.291667  1299   28   5 0.000
 90.347222  90.375000  1385   30   5 0.000
 90.430556  90.458333  1415   30   5 0.000
 90.513889  90.541667  1354   29   5 0.000
 90.597222  90.625000  1401   30   5 0.000
 90.680556  90.708333  1481   32   6 0.000
 90.763889  90.791667  1731   37   6 0.000
 90.847222  90.875000  1825   39   6 0.000
 90.930556  90.958333  1630   35   6 0.000
 91.013889  91.041667  1685   36   6 0.000
 91.097222  91.125000  2252   47   7 0.000
 91.180556  91.208333  2242   47   7 0.000
 91.263889  91.291667  2331   49   7 0.000
 91.347222  91.375000  2287   48   7 0.000
 91.430556  91.458333  2221   47   7 0.000
 91.513889  91.541667  2127   45   7 0.000
 91.597222  91.625000  2052   43   7 0.000
 91.680556  91.708333  2023   43   7 0.000
 91.763889  91.791667  2042   43   7 0.000
 91.847222  91.875000  2026   43   7 0.000
 91.930556  91.958333  2027   43   7 0.000
 92.013889  92.041667  2027   43   7 0.000
 92.097222  92.125000  2041   43   7 0.000
 92.180556  92.208333  1973   42   7 0.000
 92.263889  92.291667  1851   39   6 0.000
 93.256944  93.284722  1607   34   6 0.000
 93.555556  93.583333  1590   34   6 0.000
 93.638889  93.666667  1595   34   6 0.000
 93.722222  93.750000  1653   35   6 0.000
 93.805556  93.833333  1558   33   6 0.000
 93.888889  93.916667  1468   31   5 0.000
 93.972222  94.000000  1496   32   6 0.000
 94.055556  94.083333  1452   31   5 0.000
 94.138889  94.166667  1426   30   5 0.000
 94.222222  94.250000  1455   31   5 0.000
 94.305556  94.333333  1492   32   6 0.000
 94.388889  94.416667  1417   30   5 0.000
 94.472222  94.500000  1504   32   6 0.000
 94.555556  94.583333  1434   31   5 0.000
 94.638889  94.666667  1611   34   6 0.000
 94.722222  94.750000  1708   36   6 0.000
 94.805556  94.833333  1653   35   6 0.000
 94.888889  94.916667  1758   37   6 0.000
 94.972222  95.000000  1814   38   6 0.000
 95.055556  95.083333  1832   39   6 0.000
 95.138889  95.166667  1863   39   6 0.000
 95.222222  95.250000  1855   39   6 0.000
 95.305556  95.333333  1796   38   6 0.000
 95.388889  95.416667  1887   40   6 0.000
 95.472222  95.500000  1836   39   6 0.000
 95.555556  95.583333  1912   40   6 0.000
 95.638889  95.666667  1878   40   6 0.000
 95.722222  95.750000  2088   44   7 0.000
 95.805556  95.833333  2395   50   7 0.000
 95.888889  95.916667  2526   53   8 0.000
 95.972222  96.000000  2569   54   8 0.000
 96.055556  96.083333  2620   55   8 0.000
 96.138889  96.166667  2679   56   8 0.000
 96.222222  96.250000  2633   55   8 0.000
 96.305556  96.333333  2720   57   8 0.000
 96.388889  96.416667  2764   58   8 0.000
 96.472222  96.500000  2689   56   8 0.000
 96.555556  96.583333  2509   53   8 0.000
 96.638889  96.666667  2369   50   7 0.000
 96.722222  96.750000  2342   49   7 0.000
 96.805556  96.833333  2170   46   7 0.000
 96.888889  96.916667  2172   46   7 0.000
 96.972222  97.000000  2106   44   7 0.000
 97.055556  97.083333  1628   35   6 0.000
 97.138889  97.166667  2053   43   7 0.000
 97.222222  97.250000  1628   35   6 0.000
 97.305556  97.333333  1577   34   6 0.000
 97.388889  97.416667  1490   32   6 0.000
 97.472222  97.500000  1457   31   5 0.000
 97.555556  97.583333  1943   41   7 0.000
 97.638889  97.666667  2029   43   7 0.000
 97.722222  97.750000  2036   43   7 0.000
 97.805556  97.833333  1965   41   7 0.000
 97.888889  97.916667  1985   42   7 0.000
 97.972222  98.000000  2031   43   7 0.000
 98.055556  98.083333  2069   44   7 0.000
 98.138889  98.166667  2178   46   7 0.000
 98.222222  98.250000  2398   50   7 0.000
 98.305556  98.333333  2481   52   8 0.000
 98.388889  98.416667  2427   51   8 0.000
 98.472222  98.500000  2397   50   7 0.000
 98.555556  98.583333  2365   50   7 0.000
 98.638889  98.666667  2441   51   8 0.000
 98.722222  98.750000  2408   50   8 0.000
 98.805556  98.833333  2344   49   7 0.000
 98.888889  98.916667  2290   48   7 0.000
 98.972222  99.000000  2244   47   7 0.000
 99.055556  99.083333  2163   45   7 0.000
 99.138889  99.166667  2123   45   7 0.000
 99.222222  99.250000  1997   42   7 0.000
 99.305556  99.333333  1956   41   7 0.000
 99.388889  99.416667  1892   40   6 0.000
 99.472222  99.500000  1866   39   6 0.000
 99.555556  99.583333  1802   38   6 0.000
 99.638889  99.666667  1862   39   6 0.000
 99.722222  99.750000  1690   36   6 0.000
 99.805556  99.833333  1790   38   6 0.000
 99.888889  99.916667  1681   36   6 0.000
 99.972222 100.000000  1586   34   6 0.000
100.055556 100.083333  1543   33   6 0.000
100.138889 100.166667  1670   35   6 0.000
100.222222 100.250000  1704   36   6 0.000
100.305556 100.333333  1691   36   6 0.000
100.388889 100.416667  1681   36   6 0.000
100.472222 100.500000  1644   35   6 0.000
100.555556 100.583333  1676   36   6 0.000
100.638889 100.666667  1627   35   6 0.000
100.722222 100.750000  1856   39   6 0.000
100.805556 100.833333  1821   39   6 0.000
100.888889 100.916667  2169   46   7 0.000
100.972222 101.000000  2024   43   7 0.000
101.055556 101.083333  1919   40   6 0.000
101.138889 101.166667  1605   34   6 0.000
101.222222 101.250000  1701   36   6 0.000
101.305556 101.333333  1835   39   6 0.000
101.388889 101.416667  1822   39   6 0.000
101.472222 101.500000  1870   39   6 0.000
101.555556 101.583333  1916   40   6 0.000
101.638889 101.666667  1953   41   7 0.000
101.722222 101.750000  1860   39   6 0.000
101.805556 101.833333  1867   39   6 0.000
101.888889 101.916667  1877   40   6 0.000
101.972222 102.000000  1900   40   6 0.000
102.055556 102.083333  1890   40   6 0.000
102.138889 102.166667  1884   40   6 0.000
102.222222 102.250000  1898   40   6 0.000
102.305556 102.333333  1917   40   6 0.000
102.388889 102.416667  1932   41   6 0.000
102.472222 102.500000  2031   43   7 0.000
102.555556 102.583333  1922   41   6 0.000
102.638889 102.666667  2034   43   7 0.000
102.722222 102.750000  1808   38   6 0.000
102.805556 102.833333  1834   39   6 0.000
102.888889 102.916667  1864   39   6 0.000
102.972222 103.000000  2022   43   7 0.000
103.055556 103.083333  1945   41   7 0.000
103.138889 103.166667  1937   41   6 0.000
103.222222 103.250000  1944   41   7 0.000
103.305556 103.333333  1948   41   7 0.000
103.388889 103.416667  1982   42   7 0.000
103.472222 103.500000  1998   42   7 0.000
103.555556 103.583333  1947   41   7 0.000
103.638889 103.666667  2022   43   7 0.000
103.722222 103.750000  2000   42   7 0.000
103.805556 103.833333  2012   42   7 0.000
103.888889 103.916667  2065   43   7 0.000
103.972222 104.000000  1976   42   7 0.000
104.055556 104.083333  2066   43   7 0.000
104.138889 104.166667  2228   47   7 0.000
104.222222 104.250000  2225   47   7 0.000
104.305556 104.333333  2217   47   7 0.000
104.388889 104.416667  2210   46   7 0.000
104.472222 104.500000  2252   47   7 0.000
104.555556 104.583333  2293   48   7 0.000
104.638889 104.666667  2228   47   7 0.000
104.722222 104.750000  2166   46   7 0.000
104.805556 104.833333  2302   48   7 0.000
104.888889 104.916667  2322   49   7 0.000
104.972222 105.000000  2311   48   7 0.000
105.055556 105.083333  2305   48   7 0.000
105.138889 105.166667  2304   48   7 0.000
105.222222 105.250000  2315   49   7 0.000
105.305556 105.333333  2306   48   7 0.000
105.388889 105.416667  2285   48   7 0.000
105.472222 105.500000  2375   50   7 0.000
105.555556 105.583333  2291   48   7 0.000
105.638889 105.666667  2204   46   7 0.000
105.722222 105.750000  2223   47   7 0.000
105.805556 105.833333  2152   45   7 0.000
105.888889 105.916667  2230   47   7 0.000
105.972222 106.000000  2209   46   7 0.000
106.055556 106.083333  2095   44   7 0.000
106.138889 106.166667  2136   45   7 0.000
106.222222 106.250000  2184   46   7 0.000
106.305556 106.333333  2096   44   7 0.000
106.388889 106.416667  2221   47   7 0.000
106.472222 106.500000  2147   45   7 0.000
106.555556 106.583333  2059   43   7 0.000
106.638889 106.666667  2276   48   7 0.000
106.722222 106.750000  2092   44   7 0.000
106.805556 106.833333  2165   45   7 0.000
106.888889 106.916667  2406   50   8 0.000
106.972222 107.000000  2389   50   7 0.000
107.055556 107.083333  2374   50   7 0.000
107.138889 107.166667  2377   50   7 0.000
107.222222 107.250000  2284   48   7 0.000
108.305556 108.333333 99999 9999 999 0.999
108.444444 108.472222  2059   43   7 0.000
108.527778 108.555556  2344   49   7 0.000
108.611111 108.638889  1959   41   7 0.000
108.694444 108.722222  2020   43   7 0.000
108.777778 108.805556  1913   40   6 0.000
108.861111 108.888889  1855   39   6 0.000
108.944444 108.972222  1863   39   6 0.000
109.027778 109.055556  1816   38   6 0.000
109.111111 109.138889  1857   39   6 0.000
109.194444 109.222222  1895   40   6 0.000
109.277778 109.305556  1965   41   7 0.000
109.361111 109.388889  2079   44   7 0.000
109.444444 109.472222  2194   46   7 0.000
109.527778 109.555556  1901   40   6 0.000
109.611111 109.638889  2018   43   7 0.000
109.694444 109.722222  1914   40   6 0.000
109.777778 109.805556  1909   40   6 0.000
109.861111 109.888889  1911   40   6 0.000
109.944444 109.972222  1898   40   6 0.000
110.027778 110.055556  1937   41   6 0.000
110.111111 110.138889  1888   40   6 0.000
110.194444 110.222222  1905   40   6 0.000
110.638889 110.666667  1896   40   6 0.000
110.722222 110.750000  1893   40   6 0.000
110.805556 110.833333  1847   39   6 0.000
110.888889 110.916667  1829   39   6 0.000
110.972222 111.000000  1855   39   6 0.000
111.055556 111.083333  1839   39   6 0.000
111.138889 111.166667  1851   39   6 0.000
111.222222 111.250000  1832   39   6 0.000
111.305556 111.333333  2042   43   7 0.000
111.388889 111.416667  2407   50   8 0.000
111.472222 111.500000  2156   45   7 0.000
111.555556 111.583333  2033   43   7 0.000
111.638889 111.666667  1909   40   6 0.000
111.722222 111.750000  1880   40   6 0.000
111.805556 111.833333  1881   40   6 0.000
111.888889 111.916667  1823   39   6 0.000
111.972222 112.000000  1827   39   6 0.000
112.055556 112.083333  1892   40   6 0.000
112.138889 112.166667  1868   39   6 0.000
112.222222 112.250000  1879   40   6 0.000
112.305556 112.333333  1923   41   6 0.000
112.388889 112.416667  1905   40   6 0.000
112.472222 112.500000  1869   39   6 0.000
112.555556 112.583333  1887   40   6 0.000
112.638889 112.666667  1876   40   6 0.000
112.722222 112.750000  1852   39   6 0.000
112.805556 112.833333  1852   39   6 0.000
112.888889 112.916667  1852   39   6 0.000
112.972222 113.000000  1851   39   6 0.000
113.055556 113.083333  1884   40   6 0.000
113.138889 113.166667  1927   41   6 0.000
113.222222 113.250000  1942   41   7 0.000
113.569444 113.597222  1951   41   7 0.000
113.652778 113.680556  1880   40   6 0.000
113.736111 113.763889  1888   40   6 0.000
113.819444 113.847222  1943   41   7 0.000
113.902778 113.930556  1950   41   7 0.000
113.986111 114.013889  1751   37   6 0.000
114.069444 114.097222  1839   39   6 0.000
114.152778 114.180556  1765   37   6 0.000
114.236111 114.263889  1785   38   6 0.000
114.319444 114.347222  1854   39   6 0.000
114.402778 114.430556  1845   39   6 0.000
114.486111 114.513889  1813   38   6 0.000
114.569444 114.597222  1785   38   6 0.000
114.652778 114.680556  1931   41   6 0.000
114.736111 114.763889  1946   41   7 0.000
114.819444 114.847222  2004   42   7 0.000
114.902778 114.930556  2068   44   7 0.000
114.986111 115.013889  2041   43   7 0.000
115.069444 115.097222  2027   43   7 0.000
115.152778 115.180556  2082   43   4 0.000
115.631944 115.659722  1843   38   4 0.000
115.715278 115.743056  1818   37   4 0.000
115.798611 115.826389  1965   40   4 0.000
115.881944 115.909722  1893   39   4 0.000
115.965278 115.993056  1755   36   4 0.000
116.048611 116.076389  1687   35   4 0.000
116.131944 116.159722  1706   35   4 0.000
116.215278 116.243056  1866   38   4 0.000
116.298611 116.326389  1811   37   4 0.000
116.381944 116.409722  1831   37   4 0.000
116.513889 116.541667  1775   36   4 0.000
116.597222 116.625000  1553   32   4 0.000
116.680556 116.708333  1555   32   4 0.000
116.763889 116.791667  1475   30   4 0.000
116.847222 116.875000  1520   31   4 0.000
116.930556 116.958333  1565   32   4 0.000
117.013889 117.041667  1680   34   4 0.000
117.097222 117.125000  1641   34   4 0.000
117.180556 117.208333  1612   33   4 0.000
117.381944 117.409722  1634   34   4 0.000
117.465278 117.493056  1677   34   4 0.000
117.548611 117.576389  1767   36   4 0.000
117.631944 117.659722  1741   36   4 0.000
117.715278 117.743056  1866   38   4 0.000
117.798611 117.826389  1911   39   4 0.000
117.881944 117.909722  1990   41   4 0.000
117.965278 117.993056  1853   38   4 0.000
118.048611 118.076389  1836   38   4 0.000
118.131944 118.159722  1918   39   4 0.000
118.215278 118.243056  1864   38   4 0.000
118.298611 118.326389  2187   45   4 0.000
118.381944 118.409722  2231   45   4 0.000
118.465278 118.493056  2155   44   4 0.000
