data/obs/c2h6/WDCGG/event/CH0005R.20020101000000.20160915102628.online_gc.ethane.air.1y.2h.CH01L_Agilent_ADS-GC-FID_cn10450060_RIG.CH01L_ADS_GC_FID_VOCAIR_RIGI..nas
58 1001
Reimann, Stefan
CH01L, Swiss Federal Laboratories for Materials Science and Technology, EMPA, Section Air Pollution, Überlandstrasse 133, , 8600, Dübendorf, Switzerland
Reimann, Stefan
EMEP GAW-WDCRG
1 1
2002 01 01 2016 09 15
0.083333
days from file reference point
3
1 1 1
999.999999 99999 9.999
end_time of measurement, days from the file reference point
ethane, pmol/mol
numflag ethane, no unit
0
41
Data definition:              EBAS_1.1
Set type code:                TU
Timezone:                     UTC
File name:                    CH0005R.20020101000000.20160915102628.online_gc.ethane.air.1y.2h.CH01L_Agilent_ADS-GC-FID_cn10450060_RIG.CH01L_ADS_GC_FID_VOCAIR_RIGI..nas
File creation:                20190306184550
Startdate:                    20020101000000
Revision date:                20160915102628
Statistics:                   arithmetic mean
Data level:                   
Period code:                  1y
Resolution code:              2h
Sample duration:              40mn
Orig. time res.:              2h
Station code:                 CH0005R
Platform code:                CH0005S
Station name:                 Rigi
Station GAW-ID:               RIG
Station latitude:             47.0675
Station longitude:            8.463889
Station altitude:             1031.0m
Measurement height:           4.0m
Regime:                       IMG
Component:                    ethane
Unit:                         pmol/mol
Matrix:                       air
Instrument type:              online_gc
Laboratory code:              CH01L
Instrument name:              Agilent_ADS-GC-FID_cn10450060_RIG
Method ref:                   CH01L_ADS_GC_FID_VOCAIR_RIGI
Inlet description:            above the roof
Volume std. temperature:      273.15 K
Volume std. pressure:         1013.25 hPa
Detection limit:              9.0 pmol/mol
Detection limit expl.:        Determined by integration of a baseline signal multiplied by a factor of 3, detection     limit flag 147
Measurement uncertainty expl.: Includes reproducibility (precision) + systematic errors (accuracy)
Zero/negative values code:    Zero/negative impossible
Zero/negative values:         Neg. values don't appear because data was processed and neg data taken out
Originator:                   Reimann, Stefan, , , , , , , , , 
Submitter:                    Reimann, Stefan, , , , , , , , , 
Comment:                      "No SOP currently available, o3 removed with an ozone scrubber, nafion dryer, Calibration interval:1/month calibration interval"
starttime endtime C2H6 flag_C2H6
[from data line 4236]
353.000000 353.083333  2542 0.000
353.083333 353.166667  2571 0.000
353.166667 353.250000  2541 0.000
353.250000 353.333333  2494 0.000
353.333333 353.416667  2709 0.000
353.416667 353.500000  2380 0.000
353.500000 353.583333  3256 0.000
353.583333 353.666667  2948 0.000
353.666667 353.750000  2594 0.000
353.750000 353.833333  2627 0.000
353.833333 353.916667  2755 0.000
353.916667 354.000000  2409 0.000
354.000000 354.083333  2371 0.000
354.083333 354.166667  2616 0.000
354.166667 354.250000  2627 0.000
354.250000 354.333333  2544 0.000
354.333333 354.416667  2664 0.000
354.416667 354.500000  2801 0.000
354.500000 354.583333  2889 0.000
354.583333 354.666667  3301 0.000
354.666667 354.750000  2980 0.000
354.750000 354.833333  3048 0.000
354.833333 354.916667  2929 0.000
354.916667 355.000000  3103 0.000
355.000000 355.083333  3040 0.000
355.083333 355.166667  3026 0.000
355.166667 355.250000  2932 0.000
355.250000 355.333333  2927 0.000
355.333333 355.416667  2769 0.000
355.416667 355.500000  2756 0.000
355.500000 355.583333  2591 0.000
355.583333 355.666667  2509 0.000
355.666667 355.750000  2320 0.000
355.750000 355.833333  2655 0.000
355.833333 355.916667  2508 0.000
355.916667 356.000000 99999 0.999
356.000000 356.083333  2735 0.000
356.083333 356.166667  2693 0.000
356.166667 356.250000  2600 0.000
356.250000 356.333333  2602 0.000
356.333333 356.416667  2549 0.000
356.416667 356.500000  2708 0.000
356.500000 356.583333  2816 0.000
356.583333 356.666667  2541 0.000
356.666667 356.750000  2516 0.000
356.750000 356.833333  2552 0.000
356.833333 356.916667  2441 0.000
356.916667 357.000000  2418 0.000
357.000000 357.083333  2363 0.000
357.083333 357.166667  2381 0.000
357.166667 357.250000  2598 0.000
357.250000 357.333333  2489 0.000
357.333333 357.416667  2512 0.000
357.416667 357.500000  2913 0.000
357.500000 357.583333  2784 0.000
357.583333 357.666667  2729 0.000
357.666667 357.750000  2539 0.000
357.750000 357.833333  2609 0.000
357.833333 357.916667  2592 0.000
357.916667 358.000000  2507 0.000
358.000000 358.083333  2655 0.000
358.083333 358.166667  2762 0.000
358.166667 358.250000  2595 0.000
358.250000 358.333333  2627 0.000
358.333333 358.416667  2786 0.000
358.416667 358.500000  3972 0.000
358.500000 358.583333  3254 0.000
358.583333 358.666667  4413 0.000
358.666667 358.750000  3115 0.000
358.750000 358.833333  3122 0.000
358.833333 358.916667  3254 0.000
358.916667 359.000000  3099 0.000
359.000000 359.083333  3046 0.000
359.083333 359.166667  3048 0.000
359.166667 359.250000  3021 0.000
359.250000 359.333333  3117 0.000
359.333333 359.416667  2933 0.000
359.416667 359.500000  3033 0.000
359.500000 359.583333  3045 0.000
359.583333 359.666667  3185 0.000
359.666667 359.750000  3191 0.000
359.750000 359.833333  3438 0.000
359.833333 359.916667  3130 0.000
359.916667 360.000000  3104 0.000
360.000000 360.083333  3164 0.000
360.083333 360.166667  3017 0.000
360.166667 360.250000  3014 0.000
360.250000 360.333333  2805 0.000
360.333333 360.416667  3360 0.000
360.416667 360.500000  3434 0.000
360.500000 360.583333  3476 0.000
360.583333 360.666667  3244 0.000
360.666667 360.750000  2888 0.000
360.750000 360.833333  3352 0.000
360.833333 360.916667  3305 0.000
360.916667 361.000000  4323 0.000
361.000000 361.083333  3577 0.000
361.083333 361.166667  3393 0.000
361.166667 361.250000 99999 0.999
361.250000 361.333333  3131 0.000
361.333333 361.416667  3417 0.000
361.416667 361.500000  3674 0.000
361.500000 361.583333  3641 0.000
361.583333 361.666667  3710 0.000
361.666667 361.750000  4069 0.000
361.750000 361.833333  3843 0.000
361.833333 361.916667  3978 0.000
361.916667 362.000000  4268 0.000
362.000000 362.083333  4344 0.000
362.083333 362.166667  4539 0.000
362.166667 362.250000  4638 0.000
362.250000 362.333333  4345 0.000
362.333333 362.416667  4296 0.000
362.416667 362.500000  4482 0.000
362.500000 362.583333  3681 0.000
362.583333 362.666667  3722 0.000
362.666667 362.750000  3371 0.000
362.750000 362.833333  2970 0.000
362.833333 362.916667  3219 0.000
362.916667 363.000000  2813 0.000
363.000000 363.083333  3112 0.000
363.083333 363.166667  2882 0.000
363.166667 363.250000  2365 0.000
363.250000 363.333333  2631 0.000
363.333333 363.416667  2599 0.000
363.416667 363.500000  2618 0.000
363.500000 363.583333  2599 0.000
363.583333 363.666667  2902 0.000
363.666667 363.750000  2648 0.000
363.750000 363.833333  2871 0.000
363.833333 363.916667  3102 0.000
363.916667 364.000000  2991 0.000
364.000000 364.083333  2900 0.000
364.083333 364.166667  3158 0.000
364.166667 364.250000  3217 0.000
364.250000 364.333333  3341 0.000
364.333333 364.416667  3481 0.000
364.416667 364.500000  3777 0.000
364.500000 364.583333  3673 0.000
364.583333 364.666667  3748 0.000
364.666667 364.750000  3919 0.000
364.750000 364.833333  3773 0.000
364.833333 364.916667  3673 0.000
364.916667 365.000000  3719 0.000
