data/obs/c2h6/WDCGG/event/CH0001G.20150101225000.20170425145159.online_gc.ethane.air.1y.2h.CH01L_Agilent_GC-MS-MEDUSA_Medusa-12_JFJ.CH01L_VOC_AIR_MEDUSA-12.lev2.nas
68 1001
Hill, Matz; Reimann, Stefan
CH01L, Swiss Federal Laboratories for Materials Science and Technology, EMPA, Section Air Pollution, Überlandstrasse 133, , 8600, Dübendorf, Switzerland
Hill, Matz
ACTRIS EMEP GAW-WDCGG-node GAW-WDCRG
1 1
2015 01 01 2017 04 25
0
days from file reference point
5
1 1 1 1 1
999.999999 99999.999 9999.999 999.999 9.999
end_time of measurement, days from the file reference point
ethane, pmol/mol, Statistics=arithmetic mean, Detection limit=1.1 pmol/mol
ethane, pmol/mol, Statistics=expanded uncertainty 2sigma
ethane, pmol/mol, Statistics=precision
numflag, no unit
0
49
Data definition:              EBAS_1.1
Set type code:                TI
Timezone:                     UTC
File name:                    CH0001G.20150101225000.20170425145159.online_gc.ethane.air.1y.2h.CH01L_Agilent_GC-MS-MEDUSA_Medusa-12_JFJ.CH01L_VOC_AIR_MEDUSA-12.lev2.nas
File creation:                20190306184544
Startdate:                    20150101225000
Revision date:                20170425145159
Version:                      3
Version description:          second revision, manually inspected
Data level:                   2
Period code:                  1y
Resolution code:              2h
Sample duration:              20mn
Orig. time res.:              2h
Station code:                 CH0001G
Platform code:                CH0001S
Station name:                 Jungfraujoch
Station GAW-ID:               JFJ
Station latitude:             46.5475
Station longitude:            7.985
Station altitude:             3578.0m
Measurement height:           4.0m
Regime:                       IMG
Component:                    ethane
Unit:                         pmol/mol
Matrix:                       air
Instrument type:              online_gc
Laboratory code:              CH01L
Instrument name:              Agilent_GC-MS-MEDUSA_Medusa-12_JFJ
Instrument manufacturer:      AGAGE+Agilent+Agilent
Instrument model:             MEDUSA+6890N+5975B
Instrument serial number:     Medusa-12
Method ref:                   CH01L_VOC_AIR_MEDUSA-12
Standard method:              None
Calibration scale:            SIO-p
Inlet type:                   Hat or hood
Inlet description:            above the roof
Volume std. temperature:      273.15 K
Volume std. pressure:         1013.25 hPa
Detection limit expl.:        Determined by instrument counting statistics, no detection limit flag used
Measurement uncertainty expl.: Includes reproducibility (precision) + systematic errors (accuracy)
Zero/negative values code:    Zero/negative impossible
Zero/negative values:         Zero and neg. values do not appear because data was processed and zero/neg data taken out
Originator:                   Hill, Matz, matthias.hill@empa.ch, Swiss Federal Laboratories for Materials Science and Technology, Empa, Air Pollution/Environmental Technology, Ueberlandstrasse 129, , CH-8600, Duebendorf, Switzerland
Originator:                   Reimann, Stefan, , , , , , , , , 
Submitter:                    Hill, Matz, matthias.hill@empa.ch, Swiss Federal Laboratories for Materials Science and Technology, Empa, Air Pollution/Environmental Technology, Ueberlandstrasse 129, , CH-8600, Duebendorf, Switzerland
Acknowledgement:              Request acknowledgement details from data originator
Comment:                      "No SOP currently available, MEDUSA. Sample volume: 2L, trap at -170degC, trap material Hayesep D, Nafion dryer, no O3 removal, 2-hourly calibration interval"
starttime endtime C2H6 C2H6 C2H6 flag
[from data line 582]
 47.936111  47.950000  2071.861  132.018   8.035 0.000
 48.054167  48.068056  2090.559  133.227   8.181 0.000
 48.071528  48.085417  2065.689  131.642   8.084 0.000
 48.161806  48.175694  2039.962  129.944   7.741 0.000
 48.206944  48.220833  2029.766  129.320   7.808 0.000
 48.297222  48.311111  2005.547  127.822   7.899 0.000
 48.342361  48.356250  1984.411  126.522   8.003 0.000
 48.521528  48.535417  1703.714  108.655   6.990 0.000
 48.594444  48.608333  1631.494  104.049   6.693 0.000
 48.656944  48.670833  1509.329   96.258   6.192 0.000
 48.702083  48.715972  1601.449  102.097   6.427 0.000
 48.792361  48.806250  1733.018  110.503   7.028 0.000
 48.837500  48.851389  1597.091  101.938   6.865 0.000
 48.927778  48.941667  1723.099  110.098   7.830 0.000
 48.972917  48.986806  1773.030  113.288   8.057 0.000
 49.063194  49.077083  1771.836  113.207   8.035 0.000
 49.136111  49.150000  1746.612  111.588   7.895 0.000
 49.198611  49.212500  1591.490  101.606   6.935 0.000
 49.243750  49.257639  1630.263  104.081   7.104 0.000
 49.334028  49.347917  1637.921  104.472   6.769 0.000
 49.379167  49.393056  1702.824  108.612   7.037 0.000
 49.469444  49.483333  1720.831  109.764   7.124 0.000
 49.514583  49.528472  1714.582  109.394   7.208 0.000
 49.604861  49.618750  1768.602  112.775   7.185 0.000
 49.677778  49.691667  1752.496  111.768   7.195 0.000
 49.965972  49.979861  1506.457   96.012   5.928 0.000
 50.011111  50.025000  1563.803   99.666   6.154 0.000
 50.101389  50.115278  1536.671   97.933   6.032 0.000
 50.146528  50.160417  1521.612   96.974   5.973 0.000
 50.236806  50.250694  1478.743   94.232   5.764 0.000
 50.281944  50.295833  1433.266   91.334   5.586 0.000
 50.372222  50.386111  1391.922   88.623   5.103 0.000
 50.417361  50.431250  1457.954   92.804   5.245 0.000
 50.507639  50.521528  1444.242   91.892   5.018 0.000
 50.552778  50.566667  1455.662   92.618   5.058 0.000
 50.643056  50.656944  1585.192  100.861   5.513 0.000
 50.761111  50.775000  1557.823   99.121   5.425 0.000
 50.778472  50.792361  1518.748   96.635   5.289 0.000
 50.868750  50.882639  1473.588   93.635   4.520 0.000
 50.913889  50.927778  1449.299   92.092   4.446 0.000
 51.004167  51.018056  1894.201  120.145   4.550 0.000
 51.049306  51.063194  1994.985  126.537   4.793 0.000
 51.636111  51.650000  2626.822  166.388   4.584 0.000
 51.681250  51.695139  2849.403  180.492   5.027 0.000
 51.771528  51.785417  3011.521  190.772   5.406 0.000
 51.844444  51.858333  2815.499  178.445   5.798 0.000
 51.906944  51.920833  2848.263  180.522   5.866 0.000
 51.952083  51.965972  2905.381  184.142   5.983 0.000
 52.042361  52.056250  2940.725  186.346   5.777 0.000
 52.087500  52.101389  2815.744  178.427   5.531 0.000
 52.229861  52.243750  2251.695  142.666   4.271 0.000
 52.320139  52.334028  2392.631  151.615   4.703 0.000
 52.365278  52.379167  2381.499  150.934   4.872 0.000
 52.455556  52.469444  2300.363  145.791   4.698 0.000
 52.500694  52.514583  2184.406  138.442   4.461 0.000
 52.590972  52.604861  2259.080  143.217   4.933 0.000
 52.636111  52.650000  2273.796  144.150   4.965 0.000
 52.726389  52.740278  2315.476  146.792   5.056 0.000
 52.771528  52.785417  2280.926  144.557   4.646 0.000
 52.861806  52.875694  1759.620  111.519   3.584 0.000
 52.906944  52.920833  1416.355   89.763   2.877 0.000
 53.809722  53.823611  1549.933   98.469   4.664 0.000
 53.854861  53.868750  1598.859  101.605   4.952 0.000
 53.945139  53.959028  1749.270  111.163   5.417 0.000
 53.990278  54.004167  1810.675  115.301   6.712 0.000
 54.080556  54.094444  1978.418  125.983   7.334 0.000
 54.125694  54.139583  2068.505  131.960   8.640 0.000
 54.215972  54.229861  2094.815  133.638   8.750 0.000
 54.261111  54.275000  2179.305  139.083   9.309 0.000
 54.351389  54.365278  2295.062  146.471   9.803 0.000
 54.396528  54.410417  2277.075  145.323   9.726 0.000
 54.486806  54.500694  2233.959  142.571   9.542 0.000
 54.531944  54.545833  2284.064  145.769   9.756 0.000
 54.622222  54.636111  2312.194  147.465   9.501 0.000
 54.667361  54.681250  2336.871  149.039   9.602 0.000
 54.757639  54.771528  2367.035  150.859   9.315 0.000
 54.802778  54.816667  2349.183  149.721   9.244 0.000
 54.893056  54.906944  2353.510  149.910   8.902 0.000
 54.938194  54.952083  2364.385  150.691   9.307 0.000
 55.028472  55.042361  2365.977  150.715   8.997 0.000
 55.073611  55.087500  2368.295  150.933   9.293 0.000
 55.163889  55.177778  2367.225  150.784   8.954 0.000
 55.209028  55.222917  2382.153  151.726   8.973 0.000
 55.299306  55.313194  2420.974  154.122   8.792 0.000
 55.344444  55.358333  2264.469  144.181   8.319 0.000
 55.494444  55.508333  2046.085  130.256   7.429 0.000
 55.539583  55.553472  1893.943  120.524   6.668 0.000
 55.629861  55.643750  2102.607  133.822   7.493 0.000
 55.675000  55.688889  2034.501  129.446   7.061 0.000
 55.765278  55.779167  1906.365  121.334   6.803 0.000
 55.810417  55.824306  1891.511  120.382   6.719 0.000
 55.928472  55.942361 99999.999 9999.999 999.999 0.999
 55.945833  55.959722  1898.110  120.712   6.328 0.000
 56.036111  56.050000  1919.050  121.847   5.378 0.000
 56.081250  56.095139  1918.799  121.831   5.377 0.000
 56.171528  56.185417  2000.757  126.808   4.125 0.000
 56.216667  56.230556  2080.073  131.835   4.288 0.000
 56.306944  56.320833  2163.250  136.999   3.537 0.000
 56.352083  56.365972  2159.520  136.762   3.531 0.000
 56.470139  56.484028  2135.705  135.249   3.442 0.000
 56.487500  56.501389  2117.017  134.066   3.412 0.000
 56.577778  56.591667  2067.714  130.965   3.536 0.000
 56.622917  56.636806  1969.250  124.727   3.353 0.000
 56.938889  56.952778  1486.960   94.182   2.551 0.000
 56.984028  56.997917  1368.495   86.699   2.528 0.000
 57.074306  57.088194  1406.678   89.121   2.623 0.000
 57.119444  57.133333  1525.495   96.663   2.968 0.000
 57.209722  57.223611  1179.251   74.731   2.355 0.000
 57.254861  57.268750  1092.644   69.281   2.467 0.000
 57.345139  57.359028  1148.384   72.912   3.200 0.000
 57.390278  57.404167  1474.411   93.611   4.108 0.000
 57.480556  57.494444  1856.207  117.869   5.271 0.000
 57.553472  57.567361  1903.913  120.904   5.438 0.000
 57.615972  57.629861  2271.868  144.248   6.364 0.000
 57.661111  57.675000  2508.703  159.286   7.027 0.000
 57.751389  57.765278  2666.749  169.301   7.357 0.000
 57.796528  57.810417  2670.387  169.532   7.367 0.000
 57.886806  57.900694  2531.613  160.752   7.156 0.000
 57.931944  57.945833  2495.769  158.511   7.252 0.000
 58.022222  58.036111  2028.640  128.823   5.783 0.000
 58.095139  58.109028  2182.796  138.649   6.424 0.000
 58.654167  58.668056  1631.641  103.824   5.708 0.000
 58.699306  58.713194  1720.782  109.518   6.121 0.000
 58.789583  58.803472  1477.519   94.072   5.417 0.000
 58.834722  58.848611  1493.419   95.047   5.310 0.000
 58.925000  58.938889  1861.829  118.543   6.836 0.000
 58.970139  58.984028  2037.569  129.758   7.588 0.000
 59.060417  59.074306  1969.875  125.462   7.401 0.000
 59.105556  59.119444  1993.517  126.913   7.252 0.000
 59.247917  59.261806  1473.527   93.805   5.343 0.000
 59.338194  59.352083  1594.222  101.446   5.591 0.000
 59.383333  59.397222  1713.113  108.920   5.580 0.000
 59.473611  59.487500  1459.208   92.782   4.780 0.000
 59.518750  59.532639  1590.982  101.191   5.357 0.000
 59.636806  59.650694  1859.835  118.307   6.335 0.000
 59.654167  59.668056  1726.409  109.819   5.880 0.000
 59.744444  59.758333  1854.795  118.060   6.655 0.000
 59.789583  59.803472  1912.459  121.779   7.071 0.000
 59.879861  59.893750  2001.711  127.391   7.090 0.000
 59.925000  59.938889  1840.505  117.132   6.519 0.000
 60.015278  60.029167  1964.987  125.003   6.726 0.000
 60.060417  60.074306  2037.936  129.678   7.134 0.000
 60.178472  60.192361  1893.406  120.422   6.352 0.000
 60.195833  60.209722  1905.724  121.205   6.394 0.000
 60.286111  60.300000  2011.081  127.859   6.521 0.000
 60.331250  60.345139  2095.415  133.268   7.023 0.000
 60.492361  60.506250  2690.074  170.810   7.586 0.000
 60.537500  60.551389  2441.508  155.086   7.207 0.000
 60.627778  60.641667  2261.946  143.721   6.896 0.000
 60.672917  60.686806  2069.485  131.499   6.342 0.000
 60.763194  60.777083  2051.482  130.311   6.052 0.000
 60.808333  60.822222  2019.767  128.320   6.085 0.000
 60.898611  60.912500  2023.859  128.617   6.289 0.000
 60.971528  60.985417  2023.502  128.506   5.819 0.000
 61.034028  61.047917  1991.764  126.490   5.728 0.000
 61.079167  61.093056  1989.883  126.374   5.741 0.000
 61.169444  61.183333  2061.494  130.960   6.156 0.000
 61.214583  61.228472  1961.733  124.586   5.660 0.000
 61.304861  61.318750  1733.595  110.107   5.053 0.000
 61.350000  61.363889  1798.332  114.371   6.015 0.000
 61.440278  61.454167  1828.298  116.265   6.058 0.000
 61.513194  61.527083  1749.966  112.148   9.050 0.000
 61.575694  61.589583  1637.228  104.923   8.467 0.000
 61.620833  61.634722  1577.191  101.448   9.242 0.000
 61.711111  61.725000  1619.009  104.138   9.487 0.000
 61.756250  61.770139  1628.438  104.648   9.273 0.000
 61.846528  61.860417  1765.443  113.452  10.053 0.000
 61.891667  61.905556  1760.808  113.168  10.065 0.000
 61.981944  61.995833  1978.976  127.190  11.312 0.000
 62.054861  62.068750  2228.538  143.258  12.820 0.000
 62.117361  62.131250  2204.906  141.739  12.684 0.000
 62.162500  62.176389  2161.393  138.932  12.405 0.000
 62.252778  62.266667  2177.719  139.981  12.499 0.000
 62.297917  62.311806  2174.907  139.809  12.507 0.000
 62.388194  62.402083  2154.807  138.517  12.391 0.000
 62.433333  62.447222  2133.062  137.207  12.509 0.000
 62.523611  62.537500  1941.675  124.896  11.387 0.000
 62.596528  62.610417  2077.224  133.524  11.930 0.000
 62.659028  62.672917  2037.650  130.981  11.703 0.000
 62.704167  62.718056  2161.906  139.290  13.288 0.000
 62.794444  62.808333  2211.330  142.474  13.592 0.000
 62.839583  62.853472  2215.048  142.665  13.487 0.000
 62.929861  62.943750  2328.700  150.259  14.885 0.000
 62.975000  62.988889  2328.036  150.426  15.402 0.000
 63.065278  63.079167  2321.433  150.114  15.636 0.000
 63.138194  63.152083  2300.144  148.921  15.928 0.000
 63.200694  63.214583  2320.601  150.048  15.602 0.000
 63.245833  63.259722  2258.764  146.275  15.719 0.000
 63.336111  63.350000  2279.329  147.399  15.371 0.000
 63.381250  63.395139  2259.722  146.110  15.189 0.000
 63.471528  63.485417  2246.645  145.112  14.730 0.000
 63.516667  63.530556  2233.015  143.272  12.057 0.000
 63.606944  63.620833  2269.184  145.554  12.135 0.000
 63.679861  63.693750  2204.345  141.050  10.707 0.000
 63.968056  63.981944  2205.069  141.091  10.694 0.000
 64.013194  64.027083  1994.173  127.527   9.436 0.000
 64.103472  64.117361  1867.999  119.530   9.080 0.000
 64.148611  64.162500  1840.151  117.808   9.140 0.000
 64.238889  64.252778  1778.578  113.964   9.143 0.000
 64.284028  64.297917  1730.583  110.945   9.072 0.000
 64.374306  64.388194  2211.213  141.779  11.655 0.000
 64.419444  64.433333  2249.880  144.258  11.858 0.000
 64.509722  64.523611  2097.809  134.612  11.372 0.000
 64.554861  64.568750  1930.825  124.099  11.049 0.000
 64.645139  64.659028  1920.246  123.579  11.427 0.000
 64.690278  64.704167  1901.745  122.388  11.317 0.000
 64.780556  64.794444  1929.054  123.865  10.696 0.000
 64.825694  64.839583  2047.769  131.488  11.354 0.000
 64.915972  64.929861  2352.122  151.130  13.327 0.000
 64.961111  64.975000  2414.103  154.741  12.583 0.000
 65.051389  65.065278  2580.214  165.367  13.380 0.000
 65.096528  65.110417  2665.432  170.640  13.227 0.000
 65.683333  65.697222  2259.233  144.449  10.593 0.000
 65.728472  65.742361  2623.722  167.747  12.282 0.000
 65.846528  65.860417  2523.458  161.446  12.181 0.000
 65.863889  65.877778  2404.652  153.838  11.583 0.000
 65.954167  65.968056  1980.152  126.769   9.828 0.000
 65.999306  66.013194  1850.948  118.430   8.968 0.000
 66.089583  66.103472  1899.573  121.604   9.407 0.000
 66.134722  66.148611  1984.789  126.986   9.589 0.000
 66.304861  66.318750  1832.275  117.008   8.093 0.000
 66.367361  66.381250  1700.901  108.619   7.512 0.000
 66.412500  66.426389  1706.391  108.960   7.503 0.000
 66.502778  66.516667  1661.197  105.971   6.919 0.000
 66.547917  66.561806  1682.218  107.029   5.825 0.000
 66.638194  66.652083  1687.769  107.382   5.844 0.000
 66.683333  66.697222  1823.258  115.978   6.200 0.000
 66.773611  66.787500  1729.544  110.017   5.882 0.000
 66.846528  66.860417  1801.611  114.774   6.890 0.000
 66.909028  66.922917  1754.233  111.715   6.538 0.000
 66.954167  66.968056  1781.323  113.400   6.463 0.000
 67.044444  67.058333  1670.346  106.335   6.060 0.000
 67.089583  67.103472  1591.083  101.232   5.515 0.000
 67.179861  67.193750  1666.911  106.056   5.778 0.000
 67.225000  67.238889  1647.172  104.858   5.969 0.000
 67.315278  67.329167  1705.624  108.579   6.181 0.000
 67.388194  67.402083  1711.673  108.964   6.201 0.000
 67.450694  67.464583  1642.396  104.554   5.950 0.000
 67.495833  67.509722  1708.231  108.744   6.183 0.000
 67.586111  67.600000  1598.890  101.783   5.788 0.000
 67.631250  67.645139  1573.525  100.256   6.071 0.000
 67.721528  67.735417  1497.480   95.411   5.778 0.000
 67.766667  67.780556  1530.022   97.553   6.179 0.000
 67.856944  67.870833  1692.889  107.937   6.836 0.000
 67.929861  67.943750  1703.905  108.610   6.764 0.000
 67.992361  68.006250  1737.831  110.773   6.899 0.000
 68.037500  68.051389  1695.021  108.022   6.640 0.000
 68.127778  68.141667  1672.764  106.604   6.553 0.000
 68.172917  68.186806  1669.542  106.392   6.515 0.000
 68.263194  68.277083  1375.385   87.647   5.367 0.000
 68.308333  68.322222  1397.984   89.082   5.436 0.000
 68.398611  68.412500  1493.804   95.188   5.809 0.000
 68.471528  68.485417  1445.896   92.127   5.589 0.000
 68.534028  68.547917  1401.385   89.291   5.417 0.000
 68.579167  68.593056  1407.718   89.663   5.311 0.000
 68.669444  68.683333  1296.883   82.604   4.893 0.000
 68.714583  68.728472  1327.344   84.462   4.651 0.000
 68.804861  68.818750  1354.012   86.159   4.744 0.000
 68.850000  68.863889  1359.435   86.417   4.347 0.000
 68.940278  68.954167  1152.959   73.291   3.686 0.000
 68.985417  68.999306  1199.369   76.242   3.835 0.000
 69.075694  69.089583  1258.561   80.004   4.024 0.000
 69.120833  69.134722  1277.555   81.279   4.406 0.000
 69.211111  69.225000  1357.608   86.372   4.682 0.000
 69.256250  69.270139  1409.411   89.603   4.553 0.000
 69.346528  69.360417  1451.246   92.263   4.688 0.000
 69.391667  69.405556  1580.343  100.495   5.226 0.000
 69.481944  69.495833  1735.852  110.384   5.741 0.000
 69.554861  69.568750  1869.184  118.916   6.432 0.000
 69.617361  69.631250  1750.016  111.334   6.022 0.000
 69.662500  69.676389  1729.363  109.913   5.431 0.000
 69.752778  69.766667  1766.995  112.259   5.318 0.000
 69.797917  69.811806  1744.827  110.695   4.350 0.000
 69.888194  69.902083  1655.203  104.989   3.995 0.000
 69.933333  69.947222  1947.938  123.531   4.532 0.000
 70.023611  70.037500  1778.717  112.776   3.969 0.000
 70.096528  70.110417  1832.180  116.235   4.554 0.000
 70.159028  70.172917  1788.783  113.482   4.446 0.000
 70.204167  70.218056  1799.962  114.198   4.518 0.000
 70.294444  70.308333  1821.580  115.888   6.272 0.000
 70.339583  70.353472  1759.517  111.995   6.309 0.000
 70.488194  70.502083 99999.999 9999.999 999.999 0.999
 70.533333  70.547222 99999.999 9999.999 999.999 0.999
 70.623611  70.637500  1654.503  105.576   7.012 0.000
 70.668750  70.682639  1806.137  115.252   7.655 0.000
 70.849306  70.863194  1757.905  112.148   7.352 0.000
 70.894444  70.908333  1769.238  113.145   8.380 0.000
 70.984722  70.998611  1781.080  114.002   8.767 0.000
 71.029861  71.043750  1800.385  115.296   9.051 0.000
 71.120139  71.134028  1741.343  111.526   8.788 0.000
