data/obs/c2h6/WDCGG/event/CH0005R.20170101003200.20180718060000.online_gc.ethane.air.1y.2h.CH01L_Agilent_ADS-GC-FID_cn10450060_RIG.CH01L_ADS_GC_FID_VOCAIR_RIGI.lev2.nas
68 1001
Hill, Matz; Reimann, Stefan
CH01L, Swiss Federal Laboratories for Materials Science and Technology, EMPA, Section Air Pollution, Überlandstrasse 133, , 8600, Dübendorf, Switzerland
Hill, Matz
ACTRIS EMEP GAW-WDCRG
1 1
2017 01 01 2018 07 18
0
days from file reference point
5
1 1 1 1 1
999.999999 99999 999.99 999.99 9.999
end_time of measurement, days from the file reference point
ethane, pmol/mol, Statistics=arithmetic mean, Detection limit=13.0 pmol/mol
ethane, pmol/mol, Statistics=expanded uncertainty 2sigma
ethane, pmol/mol, Statistics=precision
numflag, no unit
0
49
Data definition:              EBAS_1.1
Set type code:                TI
Timezone:                     UTC
File name:                    CH0005R.20170101003200.20180718060000.online_gc.ethane.air.1y.2h.CH01L_Agilent_ADS-GC-FID_cn10450060_RIG.CH01L_ADS_GC_FID_VOCAIR_RIGI.lev2.nas
File creation:                20190306184554
Startdate:                    20170101003200
Revision date:                20180718060000
Version:                      1
Version description:          second revision, manually inspected
Data level:                   2
Period code:                  1y
Resolution code:              2h
Sample duration:              40mn
Orig. time res.:              40mn
Station code:                 CH0005R
Platform code:                CH0005S
Station name:                 Rigi
Station GAW-ID:               RIG
Station latitude:             47.0675
Station longitude:            8.463889
Station altitude:             1031.0m
Measurement altitude:         1034.0m
Measurement height:           4.0m
Regime:                       IMG
Component:                    ethane
Unit:                         pmol/mol
Matrix:                       air
Instrument type:              online_gc
Laboratory code:              CH01L
Instrument name:              Agilent_ADS-GC-FID_cn10450060_RIG
Instrument manufacturer:      Agilent
Instrument model:             6890GC/FID
Instrument serial number:     cn10450060
Method ref:                   CH01L_ADS_GC_FID_VOCAIR_RIGI
Standard method:              SOP=ACTRIS_VOC_2014
Calibration scale:            NPL
Calibration standard ID:      D292408
Inlet type:                   Hat or hood
Inlet description:            ambient air is brought into the cabin through a main inlet line at a flow rate of 300 lpm. From the main inlet line short stainless steel tubes are used to bring the air samples to the instruments.
Detection limit expl.:        Determined by integration of a baseline signal multiplied by a factor of 3
Measurement uncertainty expl.: Includes reproducibility (precision) + systematic errors (accuracy)
Zero/negative values code:    Zero possible
Zero/negative values:         Zero values may appear due to statistical variations at very low concentrations
Originator:                   Hill, Matz, matthias.hill@empa.ch, Swiss Federal Laboratories for Materials Science and Technology, Empa, Air Pollution/Environmental Technology, Ueberlandstrasse 129, , CH-8600, Duebendorf, Switzerland
Originator:                   Reimann, Stefan, , , , , , , , , 
Submitter:                    Hill, Matz, matthias.hill@empa.ch, Swiss Federal Laboratories for Materials Science and Technology, Empa, Air Pollution/Environmental Technology, Ueberlandstrasse 129, , CH-8600, Duebendorf, Switzerland
Acknowledgement:              Request acknowledgement details from data originator
Comment:                      "No SOP currently available, o3 not removed, nafion dryer, Calibration interval:1/two weeks"
starttime endtime C2H6 C2H6 C2H6 flag
[from data line 1667]
175.160416 175.188194   742  17.67   4.80 0.000
175.243749 175.271527   716  17.22   4.78 0.000
175.327777 175.355556   709  17.10   4.78 0.000
175.411111 175.438889   709  17.10   4.78 0.000
175.494444 175.522222   697  16.89   4.77 0.000
175.578472 175.606250   695  16.86   4.77 0.000
175.661806 175.689583   694  16.84   4.77 0.000
175.745833 175.773611   663  16.31   4.75 0.000
175.829166 175.856944   651  16.11   4.74 0.000
175.912499 175.940277   648  16.06   4.74 0.000
175.996527 176.024306   648  16.06   4.74 0.000
176.079861 176.107639   653  16.14   4.74 0.000
176.163194 176.190972   673  16.49   4.76 0.000
176.606249 176.634027 99999 999.99 999.99 0.999
176.690277 176.718056 99999 999.99 999.99 0.999
176.773611 176.801389 99999 999.99 999.99 0.999
176.856944 176.884722   613  17.21   6.04 0.000
176.940972 176.968750   630  17.52   6.09 0.000
177.024306 177.052083   613  17.21   6.04 0.000
177.107638 177.135416   648  17.85   6.14 0.000
177.191666 177.219444   621  17.37   6.07 0.000
177.274999 177.302777   664  18.16   6.19 0.000
177.358333 177.386111   711  19.03   6.32 0.000
177.442361 177.470139   710  19.00   6.31 0.000
177.525694 177.553472   692  18.66   6.26 0.000
177.609722 177.637500   671  18.29   6.21 0.000
177.693056 177.720833   660  18.07   6.17 0.000
177.776388 177.804166   660  18.07   6.17 0.000
177.860416 177.888194   669  18.24   6.20 0.000
177.943749 177.971527   687  18.58   6.25 0.000
178.027083 178.054861   699  18.79   6.28 0.000
178.111111 178.138889   691  18.65   6.26 0.000
178.194444 178.222222   729  19.36   6.37 0.000
178.278472 178.306250   699  18.79   6.28 0.000
178.361806 178.389583   705  18.91   6.30 0.000
178.445138 178.472916   693  18.69   6.27 0.000
178.529166 178.556944   687  18.58   6.25 0.000
178.612499 178.640277   690  18.63   6.26 0.000
178.695833 178.723611   640  17.71   6.12 0.000
178.779861 178.807639   636  17.64   6.11 0.000
178.863194 178.890972   601  17.00   6.01 0.000
178.946527 178.974306   662  18.11   6.18 0.000
179.030556 179.058333   708  18.97   6.31 0.000
179.113888 179.141666   706  18.92   6.30 0.000
179.197916 179.225694   756  19.86   6.44 0.000
179.281249 179.309027   758  19.91   6.45 0.000
179.364583 179.392361   779  20.30   6.51 0.000
179.448611 179.476389   795  20.60   6.55 0.000
179.531944 179.559722   821  21.09   6.62 0.000
179.615277 179.643056   800  20.70   6.57 0.000
179.699306 179.727083   797  20.65   6.56 0.000
179.782638 179.810416   827  21.21   6.64 0.000
179.866666 179.894444   820  21.08   6.62 0.000
179.949999 179.977777   812  20.93   6.60 0.000
180.033333 180.061111   828  21.23   6.64 0.000
180.117361 180.145139   821  21.09   6.62 0.000
180.200694 180.228472   825  21.18   6.64 0.000
180.284027 180.311806   841  21.48   6.68 0.000
180.368056 180.395833   866  21.96   6.75 0.000
180.451388 180.479166   832  21.30   6.65 0.000
180.535416 180.563194   831  21.29   6.65 0.000
180.618749 180.646527   830  21.27   6.65 0.000
180.702083 180.729861   829  21.26   6.65 0.000
180.786111 180.813889   804  20.78   6.58 0.000
180.869444 180.897222   820  21.08   6.62 0.000
180.952777 180.980556   818  21.05   6.62 0.000
181.036806 181.064583   817  21.02   6.61 0.000
181.120138 181.147916   805  20.79   6.58 0.000
181.203472 181.231250   794  20.59   6.55 0.000
181.287499 181.315277   800  20.70   6.57 0.000
181.370833 181.398611   801  20.72   6.57 0.000
181.454861 181.482639   803  20.75   6.57 0.000
181.538194 181.565972   799  20.68   6.56 0.000
181.621527 181.649306   822  21.12   6.63 0.000
181.705556 181.733333   847  21.60   6.70 0.000
181.788888 181.816666   871  22.05   6.76 0.000
181.872222 181.900000   875  22.13   6.77 0.000
181.956249 181.984027   902  22.65   6.85 0.000
182.039583 182.067361   873  22.09   6.77 0.000
182.123611 182.151389   877  22.17   6.78 0.000
182.206944 182.234722   894  22.50   6.83 0.000
182.290277 182.318056   918  22.96   6.89 0.000
182.374306 182.402083   963  23.83   7.02 0.000
182.457638 182.485416   951  23.61   6.99 0.000
182.540972 182.568750   933  23.26   6.94 0.000
182.624999 182.652777   917  22.94   6.89 0.000
182.708333 182.736111   914  22.88   6.88 0.000
182.791666 182.819444   908  22.77   6.87 0.000
182.875694 182.903472   899  22.59   6.84 0.000
182.959027 182.986806   906  22.73   6.86 0.000
183.043056 183.070833   913  22.86   6.88 0.000
183.126388 183.154166   910  22.80   6.87 0.000
183.209722 183.237500   780  20.32   6.51 0.000
183.293749 183.321527   735  19.47   6.38 0.000
183.377083 183.404861   778  20.28   6.50 0.000
183.460416 183.488194   750  19.76   6.43 0.000
183.544444 183.572222   730  19.38   6.37 0.000
183.627777 183.655556   735  19.47   6.38 0.000
183.711806 183.739583   780  20.32   6.51 0.000
183.795138 183.822916   808  20.85   6.59 0.000
183.878472 183.906250   808  20.85   6.59 0.000
183.962499 183.990277   804  20.78   6.58 0.000
184.045833 184.073611   796  20.62   6.55 0.000
184.129166 184.156944   790  20.51   6.54 0.000
184.213194 184.240972   776  20.25   6.50 0.000
184.296527 184.324306   812  20.93   6.60 0.000
184.380556 184.408333   814  20.96   6.60 0.000
184.463888 184.491666   787  20.45   6.53 0.000
184.547222 184.575000   762  19.98   6.46 0.000
184.631249 184.659027   755  19.85   6.44 0.000
184.714583 184.742361   759  19.92   6.45 0.000
184.797916 184.825694   756  19.86   6.44 0.000
184.881944 184.909722   752  19.79   6.43 0.000
184.965277 184.993056   759  19.92   6.45 0.000
185.048611 185.076389   762  19.98   6.46 0.000
185.132638 185.160416   736  19.49   6.39 0.000
185.215972 185.243750   704  18.89   6.30 0.000
185.299999 185.327777   714  19.08   6.33 0.000
185.383333 185.411111   751  19.77   6.43 0.000
185.466666 185.494444   802  20.74   6.57 0.000
185.550694 185.578472   775  20.23   6.50 0.000
185.634027 185.661806   720  19.19   6.34 0.000
185.717361 185.745139   648  17.85   6.14 0.000
185.801388 185.829166   636  17.64   6.11 0.000
185.884722 185.912500   678  18.40   6.22 0.000
185.968749 185.996527   648  17.85   6.14 0.000
186.052083 186.079861   687  18.58   6.25 0.000
186.135416 186.163194   672  18.30   6.21 0.000
186.219444 186.247222   650  17.90   6.15 0.000
186.302777 186.330556   653  17.95   6.16 0.000
186.386111 186.413889   683  18.50   6.24 0.000
186.470138 186.497916   589  16.79   5.98 0.000
186.553472 186.581250   636  17.64   6.11 0.000
186.636806 186.664583   640  17.71   6.12 0.000
186.720833 186.748611   616  17.27   6.05 0.000
186.804166 186.831944   603  17.04   6.02 0.000
186.888194 186.915972   613  17.21   6.04 0.000
186.971527 186.999306   615  17.25   6.05 0.000
187.054861 187.082639   653  17.95   6.16 0.000
187.138888 187.166666   644  17.78   6.13 0.000
187.222222 187.250000   679  18.43   6.23 0.000
187.305556 187.333333   721  19.20   6.34 0.000
187.389583 187.417361   732  19.42   6.38 0.000
187.472916 187.500694   707  18.95   6.31 0.000
187.556944 187.584722   692  18.66   6.26 0.000
187.640277 187.668056   643  17.77   6.13 0.000
187.723611 187.751389   671  18.29   6.21 0.000
187.807638 187.835416   657  18.03   6.17 0.000
187.890972 187.918750   646  17.82   6.14 0.000
187.974306 188.002083   656  18.00   6.16 0.000
188.058333 188.086111   657  18.03   6.17 0.000
188.141666 188.169444   673  18.31   6.21 0.000
188.224999 188.252777   667  18.20   6.19 0.000
188.309027 188.336806   660  18.07   6.17 0.000
188.392361 188.420139   667  18.20   6.19 0.000
188.476388 188.504166   712  19.04   6.32 0.000
188.559722 188.587500   711  19.03   6.32 0.000
188.643056 188.670833   766  20.05   6.47 0.000
188.727083 188.754861   828  21.23   6.64 0.000
188.810416 188.838194   823  21.14   6.63 0.000
188.893749 188.921527   828  21.23   6.64 0.000
188.977777 189.005556   820  21.08   6.62 0.000
189.061111 189.088889   857  21.78   6.72 0.000
189.145138 189.172916   837  21.41   6.67 0.000
189.228472 189.256250   801  20.72   6.57 0.000
189.311806 189.339583   787  20.45   6.53 0.000
189.395833 189.423611   798  20.66   6.56 0.000
189.479166 189.506944   871  22.05   6.76 0.000
189.562499 189.590277   814  20.96   6.60 0.000
189.646527 189.674306   831  21.29   6.65 0.000
189.729861 189.757639   819  21.06   6.62 0.000
189.813888 189.841666   832  21.30   6.65 0.000
189.897222 189.925000   844  21.54   6.69 0.000
189.980556 190.008333   824  21.15   6.63 0.000
190.064583 190.092361   733  19.44   6.38 0.000
190.147916 190.175694   731  19.39   6.37 0.000
190.231249 190.259027   746  19.67   6.41 0.000
190.315277 190.343056   744  19.64   6.41 0.000
190.398611 190.426389   740  19.57   6.40 0.000
190.482638 190.510416  1109  26.70   7.43 0.000
190.565972 190.593750   833  21.33   6.66 0.000
190.649306 190.677083   736  19.49   6.39 0.000
190.733333 190.761111   745  19.66   6.41 0.000
190.816666 190.844444   724  19.26   6.35 0.000
190.899999 190.927777   707  18.95   6.31 0.000
190.984027 191.011806   709  18.98   6.31 0.000
191.067361 191.095139   691  18.65   6.26 0.000
191.150694 191.178472   660  18.07   6.17 0.000
191.234722 191.262500   666  18.18   6.19 0.000
191.318056 191.345833   642  17.74   6.12 0.000
191.402083 191.429861   683  18.50   6.24 0.000
191.485416 191.513194   656  18.00   6.16 0.000
191.568749 191.596527   613  17.21   6.04 0.000
191.652777 191.680556   601  17.00   6.01 0.000
191.736111 191.763889   609  17.14   6.03 0.000
191.819444 191.847222   635  17.61   6.10 0.000
191.903472 191.931250   631  17.54   6.09 0.000
191.986806 192.014583   628  17.50   6.09 0.000
192.070833 192.098611   626  17.45   6.08 0.000
192.154166 192.181944   629  17.51   6.09 0.000
192.237499 192.265277   644  17.78   6.13 0.000
192.321527 192.349306   666  18.18   6.19 0.000
192.404861 192.432639   742  19.60   6.40 0.000
192.488194 192.515972   615  17.25   6.05 0.000
192.572222 192.600000   653  17.95   6.16 0.000
192.655556 192.683333   690  18.63   6.26 0.000
192.739583 192.767361   727  19.32   6.36 0.000
192.822916 192.850694   702  18.85   6.29 0.000
192.906249 192.934027   684  18.52   6.24 0.000
192.990277 193.018056   674  18.33   6.21 0.000
193.073611 193.101389   673  18.31   6.21 0.000
193.156944 193.184722   711  19.03   6.32 0.000
194.247222 194.275000   733  19.44   6.38 0.000
194.331249 194.359027   840  21.46   6.68 0.000
194.414583 194.442361   785  20.41   6.52 0.000
194.497916 194.525694   734  19.45   6.38 0.000
194.581944 194.609722   766  20.05   6.47 0.000
194.665277 194.693056   793  20.57   6.55 0.000
194.749306 194.777083   806  20.81   6.58 0.000
194.832638 194.860416   816  21.00   6.61 0.000
194.915972 194.943750   829  21.26   6.65 0.000
194.999999 195.027777   831  21.29   6.65 0.000
195.083333 195.111111   880  22.23   6.79 0.000
195.166666 195.194444   888  22.38   6.81 0.000
195.250694 195.278472   894  22.50   6.83 0.000
195.334027 195.361806   781  20.33   6.51 0.000
195.417361 195.445139   823  21.14   6.63 0.000
195.501388 195.529166   780  20.32   6.51 0.000
195.584722 195.612500   761  19.96   6.46 0.000
195.668749 195.696527   771  20.14   6.48 0.000
195.752083 195.779861   801  20.72   6.57 0.000
195.835416 195.863194   836  21.39   6.67 0.000
195.919444 195.947222   841  21.48   6.68 0.000
196.002777 196.030556   852  21.69   6.71 0.000
196.086111 196.113889   843  21.52   6.69 0.000
196.170138 196.197916   829  21.26   6.65 0.000
196.253472 196.281250   869  22.02   6.76 0.000
196.337499 196.365277   903  22.67   6.85 0.000
196.420833 196.448611   871  22.05   6.76 0.000
196.504166 196.531944   855  21.75   6.72 0.000
196.588194 196.615972   822  21.12   6.63 0.000
196.671527 196.699306   809  20.87   6.59 0.000
196.754861 196.782639   833  21.33   6.66 0.000
196.838888 196.866666   795  20.60   6.55 0.000
196.922222 196.950000   797  20.65   6.56 0.000
197.005556 197.033333   791  20.53   6.54 0.000
197.089583 197.117361   783  20.38   6.52 0.000
197.172916 197.200694   795  20.60   6.55 0.000
197.256944 197.284722   803  20.75   6.57 0.000
197.340277 197.368056   829  21.26   6.65 0.000
197.423611 197.451389   824  21.15   6.63 0.000
197.507638 197.535416   793  20.57   6.55 0.000
197.590972 197.618750   715  19.10   6.33 0.000
197.674306 197.702083   733  19.44   6.38 0.000
197.758333 197.786111   698  18.78   6.28 0.000
197.841666 197.869444   703  18.87   6.29 0.000
197.925694 197.953472   696  18.75   6.28 0.000
198.009027 198.036806   712  19.04   6.32 0.000
198.092361 198.120139   727  19.32   6.36 0.000
198.176388 198.204166   735  19.47   6.38 0.000
198.259722 198.287500   778  20.28   6.50 0.000
198.343056 198.370833   769  20.11   6.48 0.000
198.427083 198.454861   753  19.80   6.43 0.000
198.510416 198.538194   744  19.64   6.41 0.000
198.593749 198.621527   775  20.23   6.50 0.000
198.677777 198.705556   755  19.85   6.44 0.000
198.761111 198.788889   704  18.89   6.30 0.000
198.845138 198.872916   700  18.82   6.29 0.000
198.928472 198.956250   698  18.78   6.28 0.000
199.011806 199.039583   725  19.29   6.36 0.000
199.095833 199.123611   779  20.30   6.51 0.000
199.179166 199.206944   786  20.44   6.53 0.000
199.262499 199.290277   825  21.18   6.64 0.000
199.346527 199.374306   822  21.12   6.63 0.000
199.429861 199.457639   799  20.68   6.56 0.000
199.513888 199.541666   772  20.17   6.49 0.000
199.597222 199.625000   794  20.59   6.55 0.000
199.680556 199.708333   602  17.01   6.01 0.000
199.764583 199.792361   644  17.78   6.13 0.000
199.847916 199.875694   663  18.13   6.18 0.000
199.931249 199.959027   710  19.00   6.31 0.000
200.015277 200.043056   682  18.49   6.24 0.000
200.098611 200.126389   743  19.63   6.41 0.000
200.181944 200.209722   771  20.14   6.48 0.000
200.265972 200.293750   742  19.60   6.40 0.000
200.349306 200.377083   684  18.52   6.24 0.000
200.433333 200.461111   690  18.63   6.26 0.000
200.516666 200.544444   689  18.62   6.26 0.000
200.599999 200.627777   691  18.65   6.26 0.000
200.684027 200.711806   702  18.85   6.29 0.000
200.767361 200.795139   697  18.76   6.28 0.000
200.850694 200.878472   674  18.33   6.21 0.000
200.934722 200.962500   612  17.20   6.04 0.000
201.018056 201.045833   608  17.13   6.03 0.000
201.102083 201.129861   608  17.13   6.03 0.000
201.185416 201.213194   646  17.82   6.14 0.000
201.268749 201.296527   657  18.03   6.17 0.000
201.352777 201.380556   776  20.25   6.50 0.000
201.436111 201.463889   747  19.70   6.42 0.000
201.519444 201.547222   745  19.66   6.41 0.000
201.603472 201.631250   767  20.07   6.47 0.000
201.686806 201.714583   779  20.30   6.51 0.000
201.770833 201.798611   758  19.91   6.45 0.000
201.854166 201.881944   748  19.71   6.42 0.000
201.937499 201.965277   744  19.64   6.41 0.000
202.021527 202.049306   741  19.58   6.40 0.000
202.104861 202.132639   735  19.47   6.38 0.000
202.188194 202.215972   730  19.38   6.37 0.000
202.272222 202.300000   765  20.04   6.47 0.000
202.355556 202.383333   766  20.05   6.47 0.000
202.438888 202.466666   713  19.06   6.32 0.000
202.522916 202.550694   727  19.32   6.36 0.000
202.606249 202.634027   720  19.19   6.34 0.000
202.690277 202.718056   725  19.29   6.36 0.000
202.773611 202.801389   775  20.23   6.50 0.000
202.856944 202.884722   758  19.91   6.45 0.000
202.940972 202.968750   755  19.85   6.44 0.000
203.024306 203.052083   782  20.36   6.52 0.000
203.107638 203.135416   780  20.32   6.51 0.000
203.191666 203.219444   770  20.13   6.48 0.000
203.274999 203.302777   792  20.54   6.54 0.000
203.359027 203.386806   768  20.10   6.48 0.000
203.442361 203.470139   751  19.77   6.43 0.000
203.525694 203.553472   715  19.10   6.33 0.000
203.609722 203.637500   707  18.95   6.31 0.000
203.693056 203.720833   713  19.06   6.32 0.000
203.776388 203.804166   695  18.72   6.27 0.000
203.860416 203.888194   698  18.78   6.28 0.000
203.943749 203.971527   711  19.03   6.32 0.000
204.027083 204.054861   709  18.98   6.31 0.000
204.111111 204.138889   705  18.91   6.30 0.000
204.194444 204.222222   698  18.78   6.28 0.000
204.278472 204.306250   695  18.72   6.27 0.000
