data/obs/c2h6/WDCGG/event/CH0005R.20050101000000.20160915102628.online_gc.ethane.air.1y.2h.CH01L_Agilent_ADS-GC-FID_cn10450060_RIG.CH01L_ADS_GC_FID_VOCAIR_RIGI..nas
58 1001
Reimann, Stefan
CH01L, Swiss Federal Laboratories for Materials Science and Technology, EMPA, Section Air Pollution, Überlandstrasse 133, , 8600, Dübendorf, Switzerland
Reimann, Stefan
EMEP GAW-WDCRG
1 1
2005 01 01 2016 09 15
0.083333
days from file reference point
3
1 1 1
999.999999 99999 9.999
end_time of measurement, days from the file reference point
ethane, pmol/mol
numflag ethane, no unit
0
41
Data definition:              EBAS_1.1
Set type code:                TU
Timezone:                     UTC
File name:                    CH0005R.20050101000000.20160915102628.online_gc.ethane.air.1y.2h.CH01L_Agilent_ADS-GC-FID_cn10450060_RIG.CH01L_ADS_GC_FID_VOCAIR_RIGI..nas
File creation:                20190306184550
Startdate:                    20050101000000
Revision date:                20160915102628
Statistics:                   arithmetic mean
Data level:                   
Period code:                  1y
Resolution code:              2h
Sample duration:              40mn
Orig. time res.:              2h
Station code:                 CH0005R
Platform code:                CH0005S
Station name:                 Rigi
Station GAW-ID:               RIG
Station latitude:             47.0675
Station longitude:            8.463889
Station altitude:             1031.0m
Measurement height:           4.0m
Regime:                       IMG
Component:                    ethane
Unit:                         pmol/mol
Matrix:                       air
Instrument type:              online_gc
Laboratory code:              CH01L
Instrument name:              Agilent_ADS-GC-FID_cn10450060_RIG
Method ref:                   CH01L_ADS_GC_FID_VOCAIR_RIGI
Inlet description:            above the roof
Volume std. temperature:      273.15 K
Volume std. pressure:         1013.25 hPa
Detection limit:              9.0 pmol/mol
Detection limit expl.:        Determined by integration of a baseline signal multiplied by a factor of 3, detection     limit flag 147
Measurement uncertainty expl.: Includes reproducibility (precision) + systematic errors (accuracy)
Zero/negative values code:    Zero/negative impossible
Zero/negative values:         Neg. values don't appear because data was processed and neg data taken out
Originator:                   Reimann, Stefan, , , , , , , , , 
Submitter:                    Reimann, Stefan, , , , , , , , , 
Comment:                      "No SOP currently available, o3 removed with an ozone scrubber, nafion dryer, Calibration interval:1/month calibration interval"
starttime endtime C2H6 flag_C2H6
[from data line 942]
 78.500000  78.583333  1989 0.000
 78.583333  78.666667  1923 0.000
 78.666667  78.750000  1900 0.000
 78.750000  78.833333  1991 0.000
 78.833333  78.916667  1845 0.000
 78.916667  79.000000  1923 0.000
 79.000000  79.083333  1864 0.000
 79.083333  79.166667  1998 0.000
 79.166667  79.250000  1943 0.000
 79.250000  79.333333  1870 0.000
 79.333333  79.416667  1927 0.000
 79.416667  79.500000  1876 0.000
 79.500000  79.583333 99999 0.999
 79.583333  79.666667 99999 0.999
 79.666667  79.750000  2143 0.000
 79.750000  79.833333  2074 0.000
 79.833333  79.916667  1951 0.000
 79.916667  80.000000  1846 0.000
 80.000000  80.083333 99999 0.999
 80.083333  80.166667 99999 0.999
 80.166667  80.250000 99999 0.999
 80.250000  80.333333 99999 0.999
 80.333333  80.416667 99999 0.999
 80.416667  80.500000 99999 0.999
 80.500000  80.583333 99999 0.999
 80.583333  80.666667 99999 0.999
 80.666667  80.750000 99999 0.999
 80.750000  80.833333 99999 0.999
 80.833333  80.916667 99999 0.999
 80.916667  81.000000 99999 0.999
 81.000000  81.083333 99999 0.999
 81.083333  81.166667 99999 0.999
 81.166667  81.250000 99999 0.999
 81.250000  81.333333 99999 0.999
 81.333333  81.416667 99999 0.999
 81.416667  81.500000 99999 0.999
 81.500000  81.583333 99999 0.999
 81.583333  81.666667 99999 0.999
 81.666667  81.750000  2064 0.000
 81.750000  81.833333  1935 0.000
 81.833333  81.916667  2090 0.000
 81.916667  82.000000  2009 0.000
 82.000000  82.083333  2138 0.000
 82.083333  82.166667  2283 0.000
 82.166667  82.250000  2084 0.000
 82.250000  82.333333  2049 0.000
 82.333333  82.416667  2139 0.000
 82.416667  82.500000  2238 0.000
 82.500000  82.583333  2015 0.000
 82.583333  82.666667  2085 0.000
 82.666667  82.750000  2173 0.000
 82.750000  82.833333  2045 0.000
 82.833333  82.916667  1775 0.000
 82.916667  83.000000  1830 0.000
 83.000000  83.083333  1867 0.000
 83.083333  83.166667  1775 0.000
 83.166667  83.250000  1813 0.000
 83.250000  83.333333  1966 0.000
 83.333333  83.416667  1880 0.000
 83.416667  83.500000  1836 0.000
 83.500000  83.583333  1916 0.000
 83.583333  83.666667  1927 0.000
 83.666667  83.750000  1961 0.000
 83.750000  83.833333  1901 0.000
 83.833333  83.916667  1918 0.000
 83.916667  84.000000  1882 0.000
 84.000000  84.083333  1904 0.000
 84.083333  84.166667  1871 0.000
 84.166667  84.250000  2030 0.000
 84.250000  84.333333  1828 0.000
 84.333333  84.416667  2074 0.000
 84.416667  84.500000  2074 0.000
 84.500000  84.583333  2283 0.000
 84.583333  84.666667  2201 0.000
 84.666667  84.750000  2205 0.000
 84.750000  84.833333  2286 0.000
 84.833333  84.916667  2463 0.000
 84.916667  85.000000  2540 0.000
 85.000000  85.083333  2200 0.000
 85.083333  85.166667  1787 0.000
 85.166667  85.250000  1933 0.000
 85.250000  85.333333  2109 0.000
 85.333333  85.416667  2236 0.000
 85.416667  85.500000  2140 0.000
 85.500000  85.583333  2002 0.000
 85.583333  85.666667  1889 0.000
 85.666667  85.750000  1975 0.000
 85.750000  85.833333  1910 0.000
 85.833333  85.916667  1920 0.000
 85.916667  86.000000  1897 0.000
 86.000000  86.083333  1961 0.000
 86.083333  86.166667  1963 0.000
 86.166667  86.250000  1880 0.000
 86.250000  86.333333  1945 0.000
 86.333333  86.416667  2042 0.000
 86.416667  86.500000  1927 0.000
 86.500000  86.583333  2072 0.000
 86.583333  86.666667  2029 0.000
 86.666667  86.750000  1984 0.000
 86.750000  86.833333  1956 0.000
 86.833333  86.916667  2025 0.000
 86.916667  87.000000  2118 0.000
 87.000000  87.083333  2033 0.000
 87.083333  87.166667  1965 0.000
 87.166667  87.250000  2029 0.000
 87.250000  87.333333  2038 0.000
 87.333333  87.416667  2183 0.000
 87.416667  87.500000  2207 0.000
 87.500000  87.583333  2016 0.000
 87.583333  87.666667  2111 0.000
 87.666667  87.750000  2239 0.000
 87.750000  87.833333  2051 0.000
 87.833333  87.916667  1932 0.000
 87.916667  88.000000  2030 0.000
 88.000000  88.083333  2108 0.000
 88.083333  88.166667  1985 0.000
 88.166667  88.250000  2009 0.000
 88.250000  88.333333  2010 0.000
 88.333333  88.416667  1959 0.000
 88.416667  88.500000  2113 0.000
 88.500000  88.583333  1984 0.000
 88.583333  88.666667  2046 0.000
 88.666667  88.750000  1941 0.000
 88.750000  88.833333  1957 0.000
 88.833333  88.916667  1936 0.000
 88.916667  89.000000  2089 0.000
 89.000000  89.083333  1969 0.000
 89.083333  89.166667  2053 0.000
 89.166667  89.250000  1971 0.000
 89.250000  89.333333  2113 0.000
 89.333333  89.416667  2033 0.000
 89.416667  89.500000  2332 0.000
 89.500000  89.583333  2028 0.000
 89.583333  89.666667 99999 0.999
 89.666667  89.750000 99999 0.999
 89.750000  89.833333 99999 0.999
 89.833333  89.916667 99999 0.999
 89.916667  90.000000 99999 0.999
 90.000000  90.083333 99999 0.999
 90.083333  90.166667 99999 0.999
 90.166667  90.250000 99999 0.999
 90.250000  90.333333 99999 0.999
 90.333333  90.416667 99999 0.999
 90.416667  90.500000 99999 0.999
 90.500000  90.583333  2454 0.000
 90.583333  90.666667  2271 0.000
 90.666667  90.750000  2341 0.000
 90.750000  90.833333  2266 0.000
 90.833333  90.916667  2283 0.000
 90.916667  91.000000  2328 0.000
 91.000000  91.083333  2318 0.000
 91.083333  91.166667  2132 0.000
 91.166667  91.250000  2228 0.000
 91.250000  91.333333  2310 0.000
 91.333333  91.416667 99999 0.999
 91.416667  91.500000 99999 0.999
 91.500000  91.583333  2537 0.000
 91.583333  91.666667  2311 0.000
 91.666667  91.750000  2106 0.000
 91.750000  91.833333  2127 0.000
 91.833333  91.916667  2043 0.000
 91.916667  92.000000  1981 0.000
 92.000000  92.083333  1876 0.000
 92.083333  92.166667  1907 0.000
 92.166667  92.250000 99999 0.999
 92.250000  92.333333  2177 0.000
 92.333333  92.416667 99999 0.999
 92.416667  92.500000  2354 0.000
 92.500000  92.583333  2162 0.000
 92.583333  92.666667  1965 0.000
 92.666667  92.750000  1875 0.000
 92.750000  92.833333 99999 0.999
 92.833333  92.916667  2007 0.000
 92.916667  93.000000 99999 0.999
 93.000000  93.083333 99999 0.999
 93.083333  93.166667 99999 0.999
 93.166667  93.250000 99999 0.999
 93.250000  93.333333 99999 0.999
 93.333333  93.416667 99999 0.999
 93.416667  93.500000 99999 0.999
 93.500000  93.583333 99999 0.999
 93.583333  93.666667 99999 0.999
 93.666667  93.750000 99999 0.999
 93.750000  93.833333 99999 0.999
 93.833333  93.916667 99999 0.999
 93.916667  94.000000 99999 0.999
 94.000000  94.083333 99999 0.999
 94.083333  94.166667 99999 0.999
 94.166667  94.250000 99999 0.999
 94.250000  94.333333 99999 0.999
 94.333333  94.416667 99999 0.999
 94.416667  94.500000 99999 0.999
 94.500000  94.583333 99999 0.999
 94.583333  94.666667 99999 0.999
 94.666667  94.750000 99999 0.999
 94.750000  94.833333 99999 0.999
 94.833333  94.916667 99999 0.999
 94.916667  95.000000 99999 0.999
 95.000000  95.083333 99999 0.999
 95.083333  95.166667 99999 0.999
 95.166667  95.250000 99999 0.999
 95.250000  95.333333 99999 0.999
 95.333333  95.416667 99999 0.999
 95.416667  95.500000 99999 0.999
 95.500000  95.583333  2472 0.000
 95.583333  95.666667  2361 0.000
 95.666667  95.750000  2309 0.000
 95.750000  95.833333  2099 0.000
 95.833333  95.916667  1832 0.000
 95.916667  96.000000  2238 0.000
 96.000000  96.083333  2183 0.000
 96.083333  96.166667  2351 0.000
 96.166667  96.250000  2405 0.000
 96.250000  96.333333  2113 0.000
 96.333333  96.416667  1970 0.000
 96.416667  96.500000  1964 0.000
 96.500000  96.583333  2035 0.000
 96.583333  96.666667  2136 0.000
 96.666667  96.750000  1967 0.000
 96.750000  96.833333  2031 0.000
 96.833333  96.916667  2109 0.000
 96.916667  97.000000  2275 0.000
 97.000000  97.083333  2192 0.000
 97.083333  97.166667  2125 0.000
 97.166667  97.250000  2147 0.000
 97.250000  97.333333  1866 0.000
 97.333333  97.416667  1804 0.000
 97.416667  97.500000  1877 0.000
 97.500000  97.583333  1944 0.000
 97.583333  97.666667  2007 0.000
 97.666667  97.750000  2039 0.000
 97.750000  97.833333  1999 0.000
 97.833333  97.916667  1983 0.000
 97.916667  98.000000  2032 0.000
 98.000000  98.083333  2046 0.000
 98.083333  98.166667  2034 0.000
 98.166667  98.250000  2040 0.000
 98.250000  98.333333  2093 0.000
 98.333333  98.416667  2163 0.000
 98.416667  98.500000  2136 0.000
 98.500000  98.583333  2168 0.000
 98.583333  98.666667  2824 0.000
 98.666667  98.750000  2709 0.000
 98.750000  98.833333  2781 0.000
 98.833333  98.916667  2747 0.000
 98.916667  99.000000  2735 0.000
 99.000000  99.083333  2688 0.000
 99.083333  99.166667  2740 0.000
 99.166667  99.250000  2761 0.000
 99.250000  99.333333  2727 0.000
 99.333333  99.416667  2719 0.000
 99.416667  99.500000  2535 0.000
 99.500000  99.583333  2488 0.000
 99.583333  99.666667  2303 0.000
 99.666667  99.750000  2285 0.000
 99.750000  99.833333  2210 0.000
 99.833333  99.916667  2273 0.000
 99.916667 100.000000  2304 0.000
100.000000 100.083333  2236 0.000
100.083333 100.166667  2295 0.000
100.166667 100.250000  2278 0.000
100.250000 100.333333  2385 0.000
100.333333 100.416667 99999 0.999
100.416667 100.500000 99999 0.999
100.500000 100.583333 99999 0.999
100.583333 100.666667 99999 0.999
100.666667 100.750000 99999 0.999
100.750000 100.833333  2248 0.000
100.833333 100.916667  2251 0.000
100.916667 101.000000  2291 0.000
101.000000 101.083333  2273 0.000
101.083333 101.166667  2283 0.000
101.166667 101.250000  2325 0.000
101.250000 101.333333  2364 0.000
101.333333 101.416667  2372 0.000
101.416667 101.500000  2360 0.000
101.500000 101.583333  2242 0.000
101.583333 101.666667  2281 0.000
101.666667 101.750000  2266 0.000
101.750000 101.833333  2292 0.000
101.833333 101.916667  2335 0.000
101.916667 102.000000  2366 0.000
102.000000 102.083333  2298 0.000
102.083333 102.166667  2276 0.000
102.166667 102.250000  2293 0.000
102.250000 102.333333  2314 0.000
102.333333 102.416667  2361 0.000
102.416667 102.500000  2417 0.000
102.500000 102.583333  2260 0.000
102.583333 102.666667  2329 0.000
102.666667 102.750000  2416 0.000
102.750000 102.833333  2438 0.000
102.833333 102.916667  2416 0.000
102.916667 103.000000  2330 0.000
103.000000 103.083333  2259 0.000
103.083333 103.166667  2247 0.000
103.166667 103.250000  2326 0.000
103.250000 103.333333  2300 0.000
103.333333 103.416667  2265 0.000
103.416667 103.500000  2296 0.000
103.500000 103.583333  2225 0.000
103.583333 103.666667  2010 0.000
103.666667 103.750000  2058 0.000
103.750000 103.833333  1995 0.000
103.833333 103.916667  2084 0.000
103.916667 104.000000  2005 0.000
104.000000 104.083333  1920 0.000
104.083333 104.166667  1965 0.000
104.166667 104.250000  1976 0.000
104.250000 104.333333  1935 0.000
104.333333 104.416667  1802 0.000
104.416667 104.500000  2281 0.000
104.500000 104.583333  2032 0.000
104.583333 104.666667  1968 0.000
104.666667 104.750000  2027 0.000
104.750000 104.833333  1912 0.000
104.833333 104.916667  1866 0.000
104.916667 105.000000  1840 0.000
105.000000 105.083333  1893 0.000
105.083333 105.166667  1924 0.000
105.166667 105.250000  2000 0.000
105.250000 105.333333  1863 0.000
105.333333 105.416667  1974 0.000
105.416667 105.500000  2063 0.000
105.500000 105.583333  2048 0.000
105.583333 105.666667  2077 0.000
105.666667 105.750000  2757 0.000
105.750000 105.833333  1789 0.000
105.833333 105.916667  2108 0.000
105.916667 106.000000  2062 0.000
106.000000 106.083333  2095 0.000
106.083333 106.166667  1971 0.000
106.166667 106.250000  2198 0.000
106.250000 106.333333  2191 0.000
106.333333 106.416667  2022 0.000
106.416667 106.500000  2276 0.000
106.500000 106.583333  2545 0.000
106.583333 106.666667  2530 0.000
106.666667 106.750000  2496 0.000
106.750000 106.833333  2514 0.000
106.833333 106.916667  2577 0.000
106.916667 107.000000  2668 0.000
107.000000 107.083333  2215 0.000
107.083333 107.166667  2320 0.000
107.166667 107.250000  2477 0.000
107.250000 107.333333  2444 0.000
107.333333 107.416667  2355 0.000
107.416667 107.500000  2330 0.000
107.500000 107.583333  2169 0.000
107.583333 107.666667  2038 0.000
107.666667 107.750000  2162 0.000
107.750000 107.833333  2052 0.000
107.833333 107.916667  2099 0.000
107.916667 108.000000  2123 0.000
108.000000 108.083333  2192 0.000
108.083333 108.166667  2251 0.000
108.166667 108.250000  1952 0.000
108.250000 108.333333  1739 0.000
108.333333 108.416667  1767 0.000
108.416667 108.500000  1790 0.000
108.500000 108.583333  1801 0.000
108.583333 108.666667  1841 0.000
108.666667 108.750000  1828 0.000
108.750000 108.833333  1819 0.000
108.833333 108.916667  1827 0.000
108.916667 109.000000  1853 0.000
109.000000 109.083333  1849 0.000
109.083333 109.166667  1845 0.000
109.166667 109.250000  1929 0.000
109.250000 109.333333  1908 0.000
109.333333 109.416667  1972 0.000
109.416667 109.500000  1947 0.000
109.500000 109.583333  1990 0.000
109.583333 109.666667  1876 0.000
109.666667 109.750000  1906 0.000
109.750000 109.833333  1824 0.000
109.833333 109.916667  1865 0.000
109.916667 110.000000  1842 0.000
110.000000 110.083333  1802 0.000
110.083333 110.166667  1867 0.000
110.166667 110.250000  1932 0.000
110.250000 110.333333  2031 0.000
110.333333 110.416667  2294 0.000
110.416667 110.500000  2211 0.000
110.500000 110.583333  2092 0.000
110.583333 110.666667  1992 0.000
110.666667 110.750000  1973 0.000
110.750000 110.833333  1987 0.000
110.833333 110.916667  1980 0.000
110.916667 111.000000  1998 0.000
111.000000 111.083333  1946 0.000
111.083333 111.166667  2058 0.000
111.166667 111.250000  1983 0.000
111.250000 111.333333  2003 0.000
111.333333 111.416667  2042 0.000
111.416667 111.500000  2187 0.000
111.500000 111.583333  2165 0.000
111.583333 111.666667  2071 0.000
111.666667 111.750000  1989 0.000
111.750000 111.833333  1945 0.000
111.833333 111.916667  1920 0.000
111.916667 112.000000  1923 0.000
112.000000 112.083333  1909 0.000
112.083333 112.166667  1837 0.000
112.166667 112.250000  1886 0.000
112.250000 112.333333  1925 0.000
112.333333 112.416667  1853 0.000
112.416667 112.500000  1814 0.000
112.500000 112.583333  1940 0.000
112.583333 112.666667  2272 0.000
112.666667 112.750000  1823 0.000
112.750000 112.833333  1895 0.000
112.833333 112.916667  1817 0.000
112.916667 113.000000  1653 0.000
113.000000 113.083333  1811 0.000
113.083333 113.166667  1673 0.000
113.166667 113.250000  1926 0.000
113.250000 113.333333  1838 0.000
113.333333 113.416667  1821 0.000
113.416667 113.500000  1993 0.000
113.500000 113.583333  2103 0.000
113.583333 113.666667  1968 0.000
113.666667 113.750000  1905 0.000
113.750000 113.833333  1758 0.000
113.833333 113.916667  1511 0.000
113.916667 114.000000  1657 0.000
114.000000 114.083333  1680 0.000
114.083333 114.166667  2103 0.000
114.166667 114.250000  1699 0.000
114.250000 114.333333  1805 0.000
114.333333 114.416667  1871 0.000
114.416667 114.500000  1879 0.000
114.500000 114.583333  1625 0.000
114.583333 114.666667 99999 0.999
114.666667 114.750000 99999 0.999
114.750000 114.833333 99999 0.999
114.833333 114.916667 99999 0.999
114.916667 115.000000 99999 0.999
115.000000 115.083333 99999 0.999
115.083333 115.166667 99999 0.999
115.166667 115.250000 99999 0.999
115.250000 115.333333 99999 0.999
115.333333 115.416667 99999 0.999
115.416667 115.500000 99999 0.999
115.500000 115.583333  1628 0.000
115.583333 115.666667  1648 0.000
115.666667 115.750000  1570 0.000
115.750000 115.833333  1586 0.000
115.833333 115.916667  1661 0.000
115.916667 116.000000  1653 0.000
116.000000 116.083333  1662 0.000
116.083333 116.166667  1517 0.000
116.166667 116.250000  1611 0.000
116.250000 116.333333  1580 0.000
116.333333 116.416667  1566 0.000
116.416667 116.500000  1589 0.000
116.500000 116.583333  1568 0.000
116.583333 116.666667  1511 0.000
116.666667 116.750000  1475 0.000
116.750000 116.833333  1415 0.000
116.833333 116.916667  1441 0.000
116.916667 117.000000  1462 0.000
117.000000 117.083333  1445 0.000
117.083333 117.166667  1488 0.000
117.166667 117.250000  1475 0.000
117.250000 117.333333  1409 0.000
117.333333 117.416667  1460 0.000
117.416667 117.500000  1551 0.000
117.500000 117.583333  1488 0.000
