data/obs/c2h6/WDCGG/event/CH0005R.20050101000000.20160915102628.online_gc.ethane.air.1y.2h.CH01L_Agilent_ADS-GC-FID_cn10450060_RIG.CH01L_ADS_GC_FID_VOCAIR_RIGI..nas
58 1001
Reimann, Stefan
CH01L, Swiss Federal Laboratories for Materials Science and Technology, EMPA, Section Air Pollution, Überlandstrasse 133, , 8600, Dübendorf, Switzerland
Reimann, Stefan
EMEP GAW-WDCRG
1 1
2005 01 01 2016 09 15
0.083333
days from file reference point
3
1 1 1
999.999999 99999 9.999
end_time of measurement, days from the file reference point
ethane, pmol/mol
numflag ethane, no unit
0
41
Data definition:              EBAS_1.1
Set type code:                TU
Timezone:                     UTC
File name:                    CH0005R.20050101000000.20160915102628.online_gc.ethane.air.1y.2h.CH01L_Agilent_ADS-GC-FID_cn10450060_RIG.CH01L_ADS_GC_FID_VOCAIR_RIGI..nas
File creation:                20190306184550
Startdate:                    20050101000000
Revision date:                20160915102628
Statistics:                   arithmetic mean
Data level:                   
Period code:                  1y
Resolution code:              2h
Sample duration:              40mn
Orig. time res.:              2h
Station code:                 CH0005R
Platform code:                CH0005S
Station name:                 Rigi
Station GAW-ID:               RIG
Station latitude:             47.0675
Station longitude:            8.463889
Station altitude:             1031.0m
Measurement height:           4.0m
Regime:                       IMG
Component:                    ethane
Unit:                         pmol/mol
Matrix:                       air
Instrument type:              online_gc
Laboratory code:              CH01L
Instrument name:              Agilent_ADS-GC-FID_cn10450060_RIG
Method ref:                   CH01L_ADS_GC_FID_VOCAIR_RIGI
Inlet description:            above the roof
Volume std. temperature:      273.15 K
Volume std. pressure:         1013.25 hPa
Detection limit:              9.0 pmol/mol
Detection limit expl.:        Determined by integration of a baseline signal multiplied by a factor of 3, detection     limit flag 147
Measurement uncertainty expl.: Includes reproducibility (precision) + systematic errors (accuracy)
Zero/negative values code:    Zero/negative impossible
Zero/negative values:         Neg. values don't appear because data was processed and neg data taken out
Originator:                   Reimann, Stefan, , , , , , , , , 
Submitter:                    Reimann, Stefan, , , , , , , , , 
Comment:                      "No SOP currently available, o3 removed with an ozone scrubber, nafion dryer, Calibration interval:1/month calibration interval"
starttime endtime C2H6 flag_C2H6
[from data line 2824]
235.333333 235.416667  1340 0.000
235.416667 235.500000  1374 0.000
235.500000 235.583333   870 0.000
235.583333 235.666667   944 0.000
235.666667 235.750000  1522 0.000
235.750000 235.833333   808 0.000
235.833333 235.916667   772 0.000
235.916667 236.000000   869 0.000
236.000000 236.083333  1503 0.000
236.083333 236.166667  1219 0.000
236.166667 236.250000  1588 0.000
236.250000 236.333333   866 0.000
236.333333 236.416667 99999 0.999
236.416667 236.500000 99999 0.999
236.500000 236.583333 99999 0.999
236.583333 236.666667  1573 0.000
236.666667 236.750000  1656 0.000
236.750000 236.833333  1024 0.000
236.833333 236.916667  1158 0.000
236.916667 237.000000   833 0.000
237.000000 237.083333   820 0.000
237.083333 237.166667  1293 0.000
237.166667 237.250000   989 0.000
237.250000 237.333333  1373 0.000
237.333333 237.416667  1227 0.000
237.416667 237.500000   856 0.000
237.500000 237.583333  1401 0.000
237.583333 237.666667  1138 0.000
237.666667 237.750000   738 0.000
237.750000 237.833333  1232 0.000
237.833333 237.916667   782 0.000
237.916667 238.000000   867 0.000
238.000000 238.083333  1081 0.000
238.083333 238.166667   908 0.000
238.166667 238.250000  1567 0.000
238.250000 238.333333   937 0.000
238.333333 238.416667  1085 0.000
238.416667 238.500000  1017 0.000
238.500000 238.583333  1008 0.000
238.583333 238.666667  1139 0.000
238.666667 238.750000   920 0.000
238.750000 238.833333  1004 0.000
238.833333 238.916667  1296 0.000
238.916667 239.000000  1374 0.000
239.000000 239.083333  1176 0.000
239.083333 239.166667  1486 0.000
239.166667 239.250000  1727 0.000
239.250000 239.333333  1021 0.000
239.333333 239.416667  1049 0.000
239.416667 239.500000   987 0.000
239.500000 239.583333  1112 0.000
239.583333 239.666667   910 0.000
239.666667 239.750000   921 0.000
239.750000 239.833333  1170 0.000
239.833333 239.916667  1359 0.000
239.916667 240.000000   919 0.000
240.000000 240.083333   862 0.000
240.083333 240.166667  1252 0.000
240.166667 240.250000  1205 0.000
240.250000 240.333333  1950 0.000
240.333333 240.416667  1415 0.000
240.416667 240.500000   960 0.000
240.500000 240.583333  1212 0.000
240.583333 240.666667  1173 0.000
240.666667 240.750000  1309 0.000
240.750000 240.833333   907 0.000
240.833333 240.916667   905 0.000
240.916667 241.000000  1101 0.000
241.000000 241.083333  1556 0.000
241.083333 241.166667  1505 0.000
241.166667 241.250000  1580 0.000
241.250000 241.333333   923 0.000
241.333333 241.416667   949 0.000
241.416667 241.500000   926 0.000
241.500000 241.583333  1238 0.000
241.583333 241.666667  1027 0.000
241.666667 241.750000  1067 0.000
241.750000 241.833333  1337 0.000
241.833333 241.916667  1451 0.000
241.916667 242.000000  1228 0.000
242.000000 242.083333   914 0.000
242.083333 242.166667   943 0.000
242.166667 242.250000   978 0.000
242.250000 242.333333   967 0.000
242.333333 242.416667   930 0.000
242.416667 242.500000 99999 0.999
242.500000 242.583333 99999 0.999
242.583333 242.666667 99999 0.999
242.666667 242.750000 99999 0.999
242.750000 242.833333 99999 0.999
242.833333 242.916667 99999 0.999
242.916667 243.000000 99999 0.999
243.000000 243.083333 99999 0.999
243.083333 243.166667 99999 0.999
243.166667 243.250000 99999 0.999
243.250000 243.333333 99999 0.999
243.333333 243.416667 99999 0.999
243.416667 243.500000 99999 0.999
243.500000 243.583333 99999 0.999
243.583333 243.666667 99999 0.999
243.666667 243.750000 99999 0.999
243.750000 243.833333 99999 0.999
243.833333 243.916667 99999 0.999
243.916667 244.000000 99999 0.999
244.000000 244.083333 99999 0.999
244.083333 244.166667 99999 0.999
244.166667 244.250000 99999 0.999
244.250000 244.333333 99999 0.999
244.333333 244.416667 99999 0.999
244.416667 244.500000 99999 0.999
244.500000 244.583333 99999 0.999
244.583333 244.666667 99999 0.999
244.666667 244.750000  1038 0.000
244.750000 244.833333  1170 0.000
244.833333 244.916667   949 0.000
244.916667 245.000000   917 0.000
245.000000 245.083333  1074 0.000
245.083333 245.166667  1339 0.000
245.166667 245.250000  2042 0.000
245.250000 245.333333   986 0.000
245.333333 245.416667  1166 0.000
245.416667 245.500000  1510 0.000
245.500000 245.583333  1328 0.000
245.583333 245.666667  1254 0.000
245.666667 245.750000  1105 0.000
245.750000 245.833333  1217 0.000
245.833333 245.916667  1265 0.000
245.916667 246.000000  1294 0.000
246.000000 246.083333  1444 0.000
246.083333 246.166667  1195 0.000
246.166667 246.250000  1566 0.000
246.250000 246.333333   979 0.000
246.333333 246.416667  1334 0.000
246.416667 246.500000  1626 0.000
246.500000 246.583333  1735 0.000
246.583333 246.666667  1265 0.000
246.666667 246.750000  1137 0.000
246.750000 246.833333  1569 0.000
246.833333 246.916667  1069 0.000
246.916667 247.000000  1166 0.000
247.000000 247.083333  1089 0.000
247.083333 247.166667  1124 0.000
247.166667 247.250000   981 0.000
247.250000 247.333333  1186 0.000
247.333333 247.416667  1242 0.000
247.416667 247.500000  1517 0.000
247.500000 247.583333   994 0.000
247.583333 247.666667   992 0.000
247.666667 247.750000   907 0.000
247.750000 247.833333  1410 0.000
247.833333 247.916667   893 0.000
247.916667 248.000000  1899 0.000
248.000000 248.083333  1337 0.000
248.083333 248.166667  1076 0.000
248.166667 248.250000  1090 0.000
248.250000 248.333333  1168 0.000
248.333333 248.416667  1135 0.000
248.416667 248.500000  1142 0.000
248.500000 248.583333  1583 0.000
248.583333 248.666667  1476 0.000
248.666667 248.750000  1482 0.000
248.750000 248.833333  1101 0.000
248.833333 248.916667  1974 0.000
248.916667 249.000000   944 0.000
249.000000 249.083333  1334 0.000
249.083333 249.166667  1042 0.000
249.166667 249.250000  1742 0.000
249.250000 249.333333  1801 0.000
249.333333 249.416667  1295 0.000
249.416667 249.500000  1448 0.000
249.500000 249.583333  1708 0.000
249.583333 249.666667  1466 0.000
249.666667 249.750000  1158 0.000
249.750000 249.833333  1271 0.000
249.833333 249.916667  1411 0.000
249.916667 250.000000  1826 0.000
250.000000 250.083333  1274 0.000
250.083333 250.166667  1612 0.000
250.166667 250.250000  1350 0.000
250.250000 250.333333  1261 0.000
250.333333 250.416667  1459 0.000
250.416667 250.500000  1236 0.000
250.500000 250.583333  1384 0.000
250.583333 250.666667  1267 0.000
250.666667 250.750000  1059 0.000
250.750000 250.833333   960 0.000
250.833333 250.916667  1160 0.000
250.916667 251.000000   767 0.000
251.000000 251.083333  1148 0.000
251.083333 251.166667   997 0.000
251.166667 251.250000  1130 0.000
251.250000 251.333333  1235 0.000
251.333333 251.416667  1612 0.000
251.416667 251.500000  1752 0.000
251.500000 251.583333  2146 0.000
251.583333 251.666667  1344 0.000
251.666667 251.750000  1360 0.000
251.750000 251.833333  1146 0.000
251.833333 251.916667  1529 0.000
251.916667 252.000000  1037 0.000
252.000000 252.083333  1096 0.000
252.083333 252.166667  1053 0.000
252.166667 252.250000   927 0.000
252.250000 252.333333   991 0.000
252.333333 252.416667  1130 0.000
252.416667 252.500000  1108 0.000
252.500000 252.583333  1054 0.000
252.583333 252.666667  1131 0.000
252.666667 252.750000  1410 0.000
252.750000 252.833333   990 0.000
252.833333 252.916667  1722 0.000
252.916667 253.000000  1167 0.000
253.000000 253.083333  1090 0.000
253.083333 253.166667   924 0.000
253.166667 253.250000   901 0.000
253.250000 253.333333  1671 0.000
253.333333 253.416667  1510 0.000
253.416667 253.500000  1039 0.000
253.500000 253.583333  1238 0.000
253.583333 253.666667  1469 0.000
253.666667 253.750000  1237 0.000
253.750000 253.833333   887 0.000
253.833333 253.916667   959 0.000
253.916667 254.000000   913 0.000
254.000000 254.083333  1334 0.000
254.083333 254.166667   899 0.000
254.166667 254.250000  1291 0.000
254.250000 254.333333   816 0.000
254.333333 254.416667  1095 0.000
254.416667 254.500000   935 0.000
254.500000 254.583333  1098 0.000
254.583333 254.666667   938 0.000
254.666667 254.750000  1293 0.000
254.750000 254.833333   861 0.000
254.833333 254.916667  1087 0.000
254.916667 255.000000   942 0.000
255.000000 255.083333  1010 0.000
255.083333 255.166667  1172 0.000
255.166667 255.250000  1019 0.000
255.250000 255.333333  1365 0.000
255.333333 255.416667   971 0.000
255.416667 255.500000  1236 0.000
255.500000 255.583333  1066 0.000
255.583333 255.666667  1375 0.000
255.666667 255.750000  1184 0.000
255.750000 255.833333  1232 0.000
255.833333 255.916667  1557 0.000
255.916667 256.000000  1598 0.000
256.000000 256.083333  1591 0.000
256.083333 256.166667  2528 0.000
256.166667 256.250000  1309 0.000
256.250000 256.333333  1442 0.000
256.333333 256.416667  1477 0.000
256.416667 256.500000  1383 0.000
256.500000 256.583333  1392 0.000
256.583333 256.666667  1685 0.000
256.666667 256.750000  1519 0.000
256.750000 256.833333  1539 0.000
256.833333 256.916667  1584 0.000
256.916667 257.000000  1650 0.000
257.000000 257.083333  1534 0.000
257.083333 257.166667  1932 0.000
257.166667 257.250000  1335 0.000
257.250000 257.333333  1365 0.000
257.333333 257.416667  1125 0.000
257.416667 257.500000  1151 0.000
257.500000 257.583333  1253 0.000
257.583333 257.666667  1147 0.000
257.666667 257.750000  1161 0.000
257.750000 257.833333  1208 0.000
257.833333 257.916667   945 0.000
257.916667 258.000000  1025 0.000
258.000000 258.083333   881 0.000
258.083333 258.166667  1056 0.000
258.166667 258.250000  1248 0.000
258.250000 258.333333  1002 0.000
258.333333 258.416667   968 0.000
258.416667 258.500000   965 0.000
258.500000 258.583333   918 0.000
258.583333 258.666667  1124 0.000
258.666667 258.750000   942 0.000
258.750000 258.833333  1036 0.000
258.833333 258.916667   793 0.000
258.916667 259.000000   832 0.000
259.000000 259.083333  1171 0.000
259.083333 259.166667  1209 0.000
259.166667 259.250000  1196 0.000
259.250000 259.333333  1293 0.000
259.333333 259.416667  1271 0.000
259.416667 259.500000  1209 0.000
259.500000 259.583333  1147 0.000
259.583333 259.666667  1436 0.000
259.666667 259.750000  1299 0.000
259.750000 259.833333  1378 0.000
259.833333 259.916667  1559 0.000
259.916667 260.000000  1399 0.000
260.000000 260.083333  1384 0.000
260.083333 260.166667  1279 0.000
260.166667 260.250000  1305 0.000
260.250000 260.333333  1587 0.000
260.333333 260.416667  1494 0.000
260.416667 260.500000  1385 0.000
260.500000 260.583333  1419 0.000
260.583333 260.666667  1415 0.000
260.666667 260.750000  1627 0.000
260.750000 260.833333  1349 0.000
260.833333 260.916667  1239 0.000
260.916667 261.000000  2056 0.000
261.000000 261.083333  1303 0.000
261.083333 261.166667  1654 0.000
261.166667 261.250000  1330 0.000
261.250000 261.333333  1465 0.000
261.333333 261.416667  1826 0.000
261.416667 261.500000  1551 0.000
261.500000 261.583333  1440 0.000
261.583333 261.666667  1362 0.000
261.666667 261.750000  1474 0.000
261.750000 261.833333  1538 0.000
261.833333 261.916667  1472 0.000
261.916667 262.000000  1505 0.000
262.000000 262.083333  1666 0.000
262.083333 262.166667  1491 0.000
262.166667 262.250000  1539 0.000
262.250000 262.333333  1760 0.000
262.333333 262.416667  1378 0.000
262.416667 262.500000  1775 0.000
262.500000 262.583333  1914 0.000
262.583333 262.666667  1923 0.000
262.666667 262.750000  1870 0.000
262.750000 262.833333  1801 0.000
262.833333 262.916667  1198 0.000
262.916667 263.000000  1137 0.000
263.000000 263.083333  1652 0.000
263.083333 263.166667  1314 0.000
263.166667 263.250000  1390 0.000
263.250000 263.333333  1564 0.000
263.333333 263.416667  1827 0.000
263.416667 263.500000  1824 0.000
263.500000 263.583333  1725 0.000
263.583333 263.666667  1726 0.000
263.666667 263.750000  1699 0.000
263.750000 263.833333  1844 0.000
263.833333 263.916667  1472 0.000
263.916667 264.000000  1454 0.000
264.000000 264.083333  1582 0.000
264.083333 264.166667  2105 0.000
264.166667 264.250000  1541 0.000
264.250000 264.333333  1474 0.000
264.333333 264.416667  1468 0.000
264.416667 264.500000  1558 0.000
264.500000 264.583333  1763 0.000
264.583333 264.666667  1531 0.000
264.666667 264.750000  1500 0.000
264.750000 264.833333  1446 0.000
264.833333 264.916667  1492 0.000
264.916667 265.000000  1498 0.000
265.000000 265.083333  1457 0.000
265.083333 265.166667  1420 0.000
265.166667 265.250000  1478 0.000
265.250000 265.333333  1385 0.000
265.333333 265.416667  1455 0.000
265.416667 265.500000  1487 0.000
265.500000 265.583333  1443 0.000
265.583333 265.666667  1417 0.000
265.666667 265.750000  1492 0.000
265.750000 265.833333  1483 0.000
265.833333 265.916667  1461 0.000
265.916667 266.000000  2156 0.000
266.000000 266.083333  1458 0.000
266.083333 266.166667  2356 0.000
266.166667 266.250000  1459 0.000
266.250000 266.333333  1719 0.000
266.333333 266.416667  1521 0.000
266.416667 266.500000  2390 0.000
266.500000 266.583333  1328 0.000
266.583333 266.666667  1500 0.000
266.666667 266.750000  1890 0.000
266.750000 266.833333  1424 0.000
266.833333 266.916667  1415 0.000
266.916667 267.000000  2048 0.000
267.000000 267.083333  1982 0.000
267.083333 267.166667 99999 0.999
267.166667 267.250000  1434 0.000
267.250000 267.333333  1609 0.000
267.333333 267.416667  1571 0.000
267.416667 267.500000  1412 0.000
267.500000 267.583333  1705 0.000
267.583333 267.666667  1419 0.000
267.666667 267.750000  1469 0.000
267.750000 267.833333  1266 0.000
267.833333 267.916667  1287 0.000
267.916667 268.000000  1493 0.000
268.000000 268.083333  1192 0.000
268.083333 268.166667  1433 0.000
268.166667 268.250000  1309 0.000
268.250000 268.333333  1246 0.000
268.333333 268.416667  1358 0.000
268.416667 268.500000 99999 0.999
268.500000 268.583333 99999 0.999
268.583333 268.666667 99999 0.999
268.666667 268.750000 99999 0.999
268.750000 268.833333 99999 0.999
268.833333 268.916667 99999 0.999
268.916667 269.000000 99999 0.999
269.000000 269.083333 99999 0.999
269.083333 269.166667 99999 0.999
269.166667 269.250000 99999 0.999
269.250000 269.333333 99999 0.999
269.333333 269.416667  1138 0.000
269.416667 269.500000  1120 0.000
269.500000 269.583333  1210 0.000
269.583333 269.666667  1214 0.000
269.666667 269.750000  1278 0.000
269.750000 269.833333  1196 0.000
269.833333 269.916667  1050 0.000
269.916667 270.000000  1082 0.000
270.000000 270.083333  1348 0.000
270.083333 270.166667  1545 0.000
270.166667 270.250000  1120 0.000
270.250000 270.333333  1130 0.000
270.333333 270.416667  1175 0.000
270.416667 270.500000  1250 0.000
270.500000 270.583333  1143 0.000
270.583333 270.666667  1381 0.000
270.666667 270.750000  1345 0.000
270.750000 270.833333  1212 0.000
270.833333 270.916667  1390 0.000
270.916667 271.000000   965 0.000
271.000000 271.083333  1050 0.000
271.083333 271.166667  1066 0.000
271.166667 271.250000  1278 0.000
271.250000 271.333333  1424 0.000
271.333333 271.416667  1202 0.000
271.416667 271.500000  1291 0.000
271.500000 271.583333  1739 0.000
271.583333 271.666667  1092 0.000
271.666667 271.750000  1081 0.000
271.750000 271.833333  1054 0.000
271.833333 271.916667  1980 0.000
271.916667 272.000000  1363 0.000
272.000000 272.083333  1142 0.000
272.083333 272.166667  1722 0.000
272.166667 272.250000  1157 0.000
272.250000 272.333333  1142 0.000
272.333333 272.416667  1176 0.000
272.416667 272.500000  1463 0.000
272.500000 272.583333  1261 0.000
272.583333 272.666667  1366 0.000
272.666667 272.750000  1306 0.000
272.750000 272.833333  1435 0.000
272.833333 272.916667  1278 0.000
272.916667 273.000000  1095 0.000
273.000000 273.083333  1686 0.000
273.083333 273.166667  1146 0.000
273.166667 273.250000  1225 0.000
273.250000 273.333333  1408 0.000
273.333333 273.416667  1228 0.000
273.416667 273.500000  1134 0.000
273.500000 273.583333  1630 0.000
273.583333 273.666667  1107 0.000
273.666667 273.750000   967 0.000
273.750000 273.833333  1094 0.000
273.833333 273.916667  1063 0.000
273.916667 274.000000  1003 0.000
274.000000 274.083333  1203 0.000
274.083333 274.166667   979 0.000
274.166667 274.250000  1091 0.000
274.250000 274.333333   938 0.000
274.333333 274.416667   958 0.000
274.416667 274.500000   998 0.000
