data/obs/c2h6/WDCGG/event/CH0001G.20110101000500.20170425145159.online_gc.ethane.air.1y.2h.CH01L_Agilent_GC-MS-MEDUSA_Medusa-12_JFJ.CH01L_VOC_AIR_MEDUSA-12.lev2.nas
68 1001
Hill, Matz; Reimann, Stefan
CH01L, Swiss Federal Laboratories for Materials Science and Technology, EMPA, Section Air Pollution, Überlandstrasse 133, , 8600, Dübendorf, Switzerland
Hill, Matz
ACTRIS EMEP GAW-WDCGG-node GAW-WDCRG
1 1
2011 01 01 2017 04 25
0
days from file reference point
5
1 1 1 1 1
999.999999 99999 9999 999 9.999
end_time of measurement, days from the file reference point
ethane, pmol/mol, Statistics=arithmetic mean, Detection limit=1.1 pmol/mol
ethane, pmol/mol, Statistics=expanded uncertainty 2sigma
ethane, pmol/mol, Statistics=precision
numflag, no unit
0
49
Data definition:              EBAS_1.1
Set type code:                TI
Timezone:                     UTC
File name:                    CH0001G.20110101000500.20170425145159.online_gc.ethane.air.1y.2h.CH01L_Agilent_GC-MS-MEDUSA_Medusa-12_JFJ.CH01L_VOC_AIR_MEDUSA-12.lev2.nas
File creation:                20190306184543
Startdate:                    20110101000500
Revision date:                20170425145159
Version:                      3
Version description:          third revision, manually inspected
Data level:                   2
Period code:                  1y
Resolution code:              2h
Sample duration:              20mn
Orig. time res.:              2h
Station code:                 CH0001G
Platform code:                CH0001S
Station name:                 Jungfraujoch
Station GAW-ID:               JFJ
Station latitude:             46.5475
Station longitude:            7.985
Station altitude:             3578.0m
Measurement height:           4.0m
Regime:                       IMG
Component:                    ethane
Unit:                         pmol/mol
Matrix:                       air
Instrument type:              online_gc
Laboratory code:              CH01L
Instrument name:              Agilent_GC-MS-MEDUSA_Medusa-12_JFJ
Instrument manufacturer:      AGAGE+Agilent+Agilent
Instrument model:             MEDUSA+6890N+5975B
Instrument serial number:     Medusa-12
Method ref:                   CH01L_VOC_AIR_MEDUSA-12
Standard method:              None
Calibration scale:            SIO-p
Inlet type:                   Hat or hood
Inlet description:            above the roof
Volume std. temperature:      273.15 K
Volume std. pressure:         1013.25 hPa
Detection limit expl.:        Determined by instrument counting statistics, no detection limit flag used
Measurement uncertainty expl.: Includes reproducibility (precision) + systematic errors (accuracy)
Zero/negative values code:    Zero/negative impossible
Zero/negative values:         Zero and neg. values don't appear because data was processed and zero/neg data taken out
Originator:                   Hill, Matz, matthias.hill@empa.ch, Swiss Federal Laboratories for Materials Science and Technology, Empa, Air Pollution/Environmental Technology, Ueberlandstrasse 129, , CH-8600, Duebendorf, Switzerland
Originator:                   Reimann, Stefan, , , , , , , , , 
Submitter:                    Hill, Matz, matthias.hill@empa.ch, Swiss Federal Laboratories for Materials Science and Technology, Empa, Air Pollution/Environmental Technology, Ueberlandstrasse 129, , CH-8600, Duebendorf, Switzerland
Acknowledgement:              Request acknowledgement details from data originator
Comment:                      "No SOP currently available, MEDUSA. Sample volume: 2L, trap at -170degC, trap material Hayesep D, Nafion dryer, no O3 removal, 2-hourly calibration interval"
starttime endtime C2H6 C2H6 C2H6 flag
[from data line 2233]
166.596528 166.610417   983   62   3 0.000
166.679861 166.693750   986   63   3 0.000
166.721528 166.735417   954   61   3 0.000
166.804861 166.818750   957   61   2 0.000
166.846528 166.860417   946   60   2 0.000
166.929861 166.943750   902   57   2 0.000
166.971528 166.985417   930   59   2 0.000
167.054861 167.068750   974   62   2 0.000
167.096528 167.110417  1024   65   2 0.000
167.179861 167.193750   975   62   2 0.000
167.221528 167.235417 99999 9999 999 0.999
167.304861 167.318750  1145   73   2 0.000
167.346528 167.360417  1125   71   2 0.000
167.429861 167.443750  1053   67   2 0.000
167.471528 167.485417  1037   66   2 0.000
167.554861 167.568750  1003   64   2 0.000
167.596528 167.610417   999   63   2 0.000
167.679861 167.693750  1003   64   2 0.000
167.721528 167.735417  1052   67   2 0.000
167.804861 167.818750   984   62   2 0.000
167.846528 167.860417   954   60   2 0.000
167.929861 167.943750   922   58   2 0.000
167.971528 167.985417   939   60   2 0.000
168.054861 168.068750   934   59   2 0.000
168.096528 168.110417   915   58   2 0.000
168.179861 168.193750   847   54   2 0.000
168.221528 168.235417   865   55   2 0.000
168.304861 168.318750   860   54   2 0.000
168.346528 168.360417   905   57   2 0.000
168.430556 168.444444   893   57   2 0.000
168.472222 168.486111   884   56   2 0.000
168.555556 168.569444   879   56   1 0.000
168.597222 168.611111   891   56   2 0.000
168.680556 168.694444   886   56   2 0.000
168.722222 168.736111   894   57   2 0.000
168.805556 168.819444 99999 9999 999 0.999
168.847222 168.861111 99999 9999 999 0.999
168.930556 168.944444   906   57   2 0.000
168.972222 168.986111 99999 9999 999 0.999
169.055556 169.069444   907   58   3 0.000
169.097222 169.111111   924   59   3 0.000
169.180556 169.194444   900   57   4 0.000
169.222222 169.236111   905   58   4 0.000
169.305556 169.319444   888   57   3 0.000
169.347222 169.361111   904   58   3 0.000
169.430556 169.444444   927   59   3 0.000
169.472222 169.486111   923   59   3 0.000
169.555556 169.569444   921   59   3 0.000
169.597222 169.611111   944   60   3 0.000
169.680556 169.694444   890   57   3 0.000
169.722222 169.736111   900   57   3 0.000
169.805556 169.819444 99999 9999 999 0.999
169.847222 169.861111   985   63   3 0.000
169.930556 169.944444   897   57   3 0.000
169.972222 169.986111   853   54   2 0.000
170.055556 170.069444   769   49   2 0.000
170.097222 170.111111   746   47   2 0.000
170.180556 170.194444   732   46   1 0.000
170.222222 170.236111   768   49   1 0.000
170.305556 170.319444   703   45   2 0.000
170.347222 170.361111   706   45   2 0.000
170.430556 170.444444   809   51   2 0.000
170.472222 170.486111   820   52   2 0.000
170.555556 170.569444   712   45   2 0.000
170.597222 170.611111   732   46   2 0.000
170.680556 170.694444   734   47   2 0.000
170.722222 170.736111   774   49   2 0.000
170.805556 170.819444   703   45   2 0.000
170.847222 170.861111   720   46   2 0.000
170.930556 170.944444   794   51   3 0.000
170.972222 170.986111   786   50   3 0.000
171.055556 171.069444   729   46   3 0.000
171.097222 171.111111   729   46   3 0.000
171.180556 171.194444   680   43   2 0.000
171.222222 171.236111   658   42   2 0.000
171.305556 171.319444   704   45   2 0.000
171.347222 171.361111   758   48   3 0.000
171.430556 171.444444   707   45   2 0.000
171.472222 171.486111   715   45   2 0.000
171.555556 171.569444   728   46   2 0.000
171.597222 171.611111   746   47   2 0.000
171.680556 171.694444   744   47   2 0.000
171.722222 171.736111   756   48   3 0.000
171.805556 171.819444   712   45   3 0.000
171.847222 171.861111   720   46   3 0.000
171.930556 171.944444   716   46   3 0.000
171.972222 171.986111   748   48   3 0.000
172.055556 172.069444   746   48   3 0.000
172.097222 172.111111   706   45   3 0.000
172.347222 172.361111   767   49   3 0.000
172.388889 172.402778   784   50   3 0.000
172.472222 172.486111   710   45   3 0.000
172.513889 172.527778   718   46   3 0.000
172.597222 172.611111   689   44   3 0.000
172.638889 172.652778   687   44   3 0.000
172.722222 172.736111   709   45   2 0.000
172.763889 172.777778   756   48   2 0.000
172.847222 172.861111   732   46   2 0.000
172.888889 172.902778   757   48   2 0.000
172.972222 172.986111   740   47   2 0.000
173.013889 173.027778   791   50   2 0.000
173.097222 173.111111   802   51   2 0.000
173.138889 173.152778   810   51   2 0.000
173.222222 173.236111   815   52   2 0.000
173.263889 173.277778   858   54   2 0.000
173.347222 173.361111   850   54   2 0.000
173.388889 173.402778   854   54   2 0.000
173.472222 173.486111   894   57   2 0.000
173.513889 173.527778   882   56   2 0.000
173.597222 173.611111   858   54   2 0.000
173.638889 173.652778   853   54   2 0.000
173.722222 173.736111   835   53   2 0.000
173.763889 173.777778   852   54   2 0.000
173.847222 173.861111   839   53   2 0.000
173.888889 173.902778   865   55   3 0.000
173.972222 173.986111   865   55   3 0.000
174.013889 174.027778   880   56   3 0.000
174.097222 174.111111   854   54   3 0.000
174.138889 174.152778   868   55   3 0.000
174.222222 174.236111   841   53   3 0.000
174.263889 174.277778   854   54   3 0.000
174.347222 174.361111 99999 9999 999 0.999
174.388889 174.402778   939   60   3 0.000
174.472222 174.486111   945   60   3 0.000
174.513889 174.527778   955   61   3 0.000
174.597222 174.611111   916   58   3 0.000
174.638889 174.652778   933   59   3 0.000
174.722222 174.736111   938   60   3 0.000
174.763889 174.777778   971   62   3 0.000
174.847222 174.861111   960   61   3 0.000
174.888889 174.902778   945   60   3 0.000
174.972222 174.986111   939   60   3 0.000
175.013889 175.027778   959   61   3 0.000
175.097917 175.111806   879   56   2 0.000
175.139583 175.153472   935   59   2 0.000
175.222917 175.236806   844   54   2 0.000
175.264583 175.278472   827   52   2 0.000
175.347917 175.361806   704   45   2 0.000
175.389583 175.403472   650   41   2 0.000
175.472917 175.486806   682   43   2 0.000
175.514583 175.528472   712   45   2 0.000
175.597917 175.611806   739   47   2 0.000
175.639583 175.653472   784   50   2 0.000
175.722917 175.736806   788   50   2 0.000
175.764583 175.778472   792   50   2 0.000
175.847917 175.861806   707   45   2 0.000
175.889583 175.903472   801   51   2 0.000
175.972917 175.986806   820   52   2 0.000
176.014583 176.028472   852   54   2 0.000
176.097917 176.111806   695   44   2 0.000
176.139583 176.153472   681   43   2 0.000
176.681250 176.695139   523   33   2 0.000
176.722917 176.736806   537   34   2 0.000
176.806250 176.820139   493   31   1 0.000
176.847917 176.861806   468   30   1 0.000
176.931250 176.945139   496   32   1 0.000
176.972917 176.986806   541   34   2 0.000
177.056250 177.070139   527   33   1 0.000
177.097917 177.111806   555   35   2 0.000
177.181250 177.195139   509   32   2 0.000
177.222917 177.236806   509   32   2 0.000
177.306250 177.320139   581   37   2 0.000
177.347917 177.361806   688   44   2 0.000
177.431250 177.445139   734   47   2 0.000
177.472917 177.486806   754   48   2 0.000
177.556250 177.570139   670   43   2 0.000
177.597917 177.611806   728   46   2 0.000
177.681250 177.695139   775   49   2 0.000
177.722917 177.736806   779   49   2 0.000
177.806250 177.820139   796   51   2 0.000
177.847917 177.861806   832   53   2 0.000
177.931250 177.945139   809   51   2 0.000
177.972917 177.986806   824   52   2 0.000
178.056250 178.070139   819   52   2 0.000
178.097917 178.111806   864   55   3 0.000
178.181250 178.195139   837   53   2 0.000
178.222917 178.236806   823   52   2 0.000
178.568750 178.582639 99999 9999 999 0.999
178.610417 178.624306 99999 9999 999 0.999
178.693750 178.707639 99999 9999 999 0.999
178.735417 178.749306 99999 9999 999 0.999
178.824306 178.838194   785   50   2 0.000
178.865278 178.879167   811   51   2 0.000
178.949306 178.963194   812   51   2 0.000
178.990278 179.004167   842   53   2 0.000
179.074306 179.088194   814   52   2 0.000
179.115278 179.129167   822   52   2 0.000
179.199306 179.213194   795   50   1 0.000
179.240278 179.254167   734   46   1 0.000
179.324306 179.338194   762   48   1 0.000
179.365278 179.379167   734   47   1 0.000
179.449306 179.463194   688   44   1 0.000
179.490278 179.504167   691   44   1 0.000
179.574306 179.588194   633   40   1 0.000
179.615278 179.629167   655   41   1 0.000
179.699306 179.713194   640   40   1 0.000
179.740278 179.754167   692   44   1 0.000
179.824306 179.838194   650   41   0 0.000
179.865278 179.879167   670   42   0 0.000
179.949306 179.963194   623   39   1 0.000
179.990278 180.004167   673   43   1 0.000
180.074306 180.088194   770   49   1 0.000
180.115278 180.129167   880   56   1 0.000
180.199306 180.213194   993   63   1 0.000
180.240278 180.254167  1003   63   1 0.000
180.324306 180.338194   966   61   1 0.000
180.365278 180.379167   967   61   1 0.000
180.449306 180.463194   845   53   1 0.000
180.490278 180.504167   844   53   1 0.000
180.574306 180.588194   860   54   1 0.000
180.615278 180.629167   914   58   1 0.000
180.699306 180.713194   944   60   2 0.000
180.740278 180.754167   981   62   2 0.000
180.824306 180.838194   946   60   2 0.000
180.865278 180.879167 99999 9999 999 0.999
180.949306 180.963194   945   60   2 0.000
180.990278 181.004167   964   61   2 0.000
181.074306 181.088194   957   61   2 0.000
181.115278 181.129167   944   60   2 0.000
181.199306 181.213194   901   57   2 0.000
181.240278 181.254167   917   58   2 0.000
186.330556 186.344444 99999 9999 999 0.999
186.372222 186.386111 99999 9999 999 0.999
186.455556 186.469444 99999 9999 999 0.999
186.497222 186.511111 99999 9999 999 0.999
186.580556 186.594444   798   51   4 0.000
186.622222 186.636111   834   53   4 0.000
186.705556 186.719444   834   53   4 0.000
186.747222 186.761111   851   54   4 0.000
186.830556 186.844444   816   52   3 0.000
186.872222 186.886111   841   54   3 0.000
186.955556 186.969444   829   53   3 0.000
186.997222 187.011111   855   54   3 0.000
187.080556 187.094444   820   52   3 0.000
187.122222 187.136111   830   53   3 0.000
187.205556 187.219444   831   53   2 0.000
187.247222 187.261111   849   54   2 0.000
187.330556 187.344444   875   55   1 0.000
187.372222 187.386111   911   58   2 0.000
187.455556 187.469444   951   60   2 0.000
187.497222 187.511111   998   63   2 0.000
187.580556 187.594444   949   60   2 0.000
187.622222 187.636111   958   61   2 0.000
187.872222 187.886111   871   55   1 0.000
187.913889 187.927778   864   55   1 0.000
187.997222 188.011111   836   53   1 0.000
188.038889 188.052778   842   53   1 0.000
188.122222 188.136111   809   51   1 0.000
188.163889 188.177778   841   53   1 0.000
188.247222 188.261111   855   54   1 0.000
188.288889 188.302778   870   55   1 0.000
188.372222 188.386111   846   54   1 0.000
188.413889 188.427778   858   54   1 0.000
188.497222 188.511111   838   53   1 0.000
188.538889 188.552778   846   54   1 0.000
188.622917 188.636806   815   52   1 0.000
188.664583 188.678472   837   53   1 0.000
188.747917 188.761806   827   52   2 0.000
188.789583 188.803472   854   54   2 0.000
188.872917 188.886806   844   53   2 0.000
188.914583 188.928472   849   54   2 0.000
188.997917 189.011806   812   51   2 0.000
189.039583 189.053472   824   52   2 0.000
189.122917 189.136806   801   51   2 0.000
189.164583 189.178472   823   52   2 0.000
189.247917 189.261806   796   51   2 0.000
189.289583 189.303472   802   51   2 0.000
189.372917 189.386806   775   49   2 0.000
189.414583 189.428472   783   50   2 0.000
189.497917 189.511806   758   48   2 0.000
189.539583 189.553472   761   48   2 0.000
189.622917 189.636806   747   47   2 0.000
189.664583 189.678472   767   49   2 0.000
189.747917 189.761806   779   49   2 0.000
189.789583 189.803472   786   50   2 0.000
189.872917 189.886806   772   49   2 0.000
189.914583 189.928472   824   52   2 0.000
189.997917 190.011806   778   49   2 0.000
190.039583 190.053472   789   50   2 0.000
190.122917 190.136806   776   49   2 0.000
190.164583 190.178472   809   51   2 0.000
190.247917 190.261806   788   50   2 0.000
190.289583 190.303472   798   51   2 0.000
190.372917 190.386806   773   49   2 0.000
190.414583 190.428472   790   50   2 0.000
190.497917 190.511806   785   50   2 0.000
190.539583 190.553472   767   49   2 0.000
190.622917 190.636806   727   46   2 0.000
190.664583 190.678472   743   47   2 0.000
190.747917 190.761806   727   46   1 0.000
190.789583 190.803472   743   47   1 0.000
190.872917 190.886806   683   43   1 0.000
190.914583 190.928472   697   44   1 0.000
190.997917 191.011806   702   45   1 0.000
191.039583 191.053472   737   47   1 0.000
191.122917 191.136806   694   44   3 0.000
191.164583 191.178472   730   47   4 0.000
191.247917 191.261806   720   47   5 0.000
191.289583 191.303472   742   48   5 0.000
191.372917 191.386806 99999 9999 999 0.999
191.414583 191.428472   742   48   5 0.000
191.497917 191.511806   731   48   5 0.000
191.539583 191.553472   753   49   5 0.000
191.825694 191.839583   719   47   5 0.000
191.867361 191.881250   721   47   5 0.000
191.950694 191.964583   724   47   5 0.000
191.992361 192.006250   701   46   5 0.000
192.075694 192.089583   692   44   4 0.000
192.117361 192.131250   697   45   4 0.000
192.200694 192.214583   691   44   4 0.000
192.242361 192.256250   714   45   1 0.000
192.325694 192.339583   716   45   1 0.000
192.422917 192.436806   696   44   1 0.000
192.464583 192.478472   713   45   1 0.000
192.547917 192.561806   672   43   1 0.000
192.589583 192.603472   680   43   1 0.000
192.672917 192.686806   752   48   1 0.000
192.714583 192.728472   782   49   1 0.000
192.797917 192.811806   725   46   1 0.000
192.839583 192.853472   730   46   1 0.000
192.922917 192.936806   775   49   2 0.000
192.964583 192.978472   731   46   2 0.000
193.047917 193.061806   621   39   1 0.000
193.089583 193.103472   788   50   2 0.000
193.172917 193.186806   804   51   2 0.000
193.214583 193.228472   819   52   2 0.000
193.297917 193.311806   826   52   2 0.000
193.339583 193.353472   837   53   2 0.000
193.422917 193.436806  1100   70   3 0.000
193.464583 193.478472   981   62   2 0.000
193.547917 193.561806   948   60   2 0.000
193.589583 193.603472   740   47   2 0.000
193.672917 193.686806   810   51   2 0.000
193.714583 193.728472   800   51   2 0.000
193.797917 193.811806   783   50   2 0.000
193.839583 193.853472   807   51   2 0.000
193.922917 193.936806   786   50   2 0.000
193.964583 193.978472   821   52   2 0.000
194.047917 194.061806   820   52   2 0.000
194.089583 194.103472   837   53   2 0.000
194.172917 194.186806   844   54   2 0.000
194.214583 194.228472   858   54   2 0.000
194.297917 194.311806   847   54   3 0.000
194.339583 194.353472   847   54   3 0.000
194.422917 194.436806   809   51   3 0.000
194.464583 194.478472   852   54   3 0.000
194.547917 194.561806   832   53   3 0.000
194.589583 194.603472   868   55   3 0.000
194.672917 194.686806   877   56   3 0.000
194.714583 194.728472   896   57   3 0.000
194.797917 194.811806   845   54   3 0.000
194.839583 194.853472   859   55   3 0.000
194.922917 194.936806 99999 9999 999 0.999
194.964583 194.978472 99999 9999 999 0.999
195.047917 195.061806 99999 9999 999 0.999
195.089583 195.103472 99999 9999 999 0.999
195.172917 195.186806 99999 9999 999 0.999
195.214583 195.228472 99999 9999 999 0.999
195.402083 195.415972 99999 9999 999 0.999
195.443750 195.457639 99999 9999 999 0.999
195.572222 195.586111 99999 9999 999 0.999
195.614583 195.628472 99999 9999 999 0.999
195.697222 195.711111   817   52   2 0.000
195.739583 195.753472   836   53   2 0.000
195.822222 195.836111   812   52   2 0.000
195.864583 195.878472   831   53   2 0.000
195.947222 195.961111   838   53   2 0.000
195.989583 196.003472   791   50   2 0.000
196.072222 196.086111   826   52   2 0.000
196.114583 196.128472   851   54   2 0.000
196.197222 196.211111   832   53   2 0.000
