data/obs/c2h6/WDCGG/event/CH0001G.20140101014600.20170425145159.online_gc.ethane.air.50w.2h.CH01L_Agilent_GC-MS-MEDUSA_Medusa-12_JFJ.CH01L_VOC_AIR_MEDUSA-12.lev2.nas
68 1001
Hill, Matz; Reimann, Stefan
CH01L, Swiss Federal Laboratories for Materials Science and Technology, EMPA, Section Air Pollution, Überlandstrasse 133, , 8600, Dübendorf, Switzerland
Hill, Matz
ACTRIS EMEP GAW-WDCGG-node GAW-WDCRG
1 1
2014 01 01 2017 04 25
0
days from file reference point
5
1 1 1 1 1
999.999999 99999.999 9999.999 999.999 9.999
end_time of measurement, days from the file reference point
ethane, pmol/mol, Statistics=arithmetic mean, Detection limit=1.1 pmol/mol
ethane, pmol/mol, Statistics=expanded uncertainty 2sigma
ethane, pmol/mol, Statistics=precision
numflag, no unit
0
49
Data definition:              EBAS_1.1
Set type code:                TI
Timezone:                     UTC
File name:                    CH0001G.20140101014600.20170425145159.online_gc.ethane.air.50w.2h.CH01L_Agilent_GC-MS-MEDUSA_Medusa-12_JFJ.CH01L_VOC_AIR_MEDUSA-12.lev2.nas
File creation:                20190306184544
Startdate:                    20140101014600
Revision date:                20170425145159
Version:                      3
Version description:          second revision, manually inspected
Data level:                   2
Period code:                  50w
Resolution code:              2h
Sample duration:              20mn
Orig. time res.:              2h
Station code:                 CH0001G
Platform code:                CH0001S
Station name:                 Jungfraujoch
Station GAW-ID:               JFJ
Station latitude:             46.5475
Station longitude:            7.985
Station altitude:             3578.0m
Measurement height:           4.0m
Regime:                       IMG
Component:                    ethane
Unit:                         pmol/mol
Matrix:                       air
Instrument type:              online_gc
Laboratory code:              CH01L
Instrument name:              Agilent_GC-MS-MEDUSA_Medusa-12_JFJ
Instrument manufacturer:      AGAGE+Agilent+Agilent
Instrument model:             MEDUSA+6890N+5975B
Instrument serial number:     Medusa-12
Method ref:                   CH01L_VOC_AIR_MEDUSA-12
Standard method:              None
Calibration scale:            SIO-p
Inlet type:                   Hat or hood
Inlet description:            above the roof
Volume std. temperature:      273.15 K
Volume std. pressure:         1013.25 hPa
Detection limit expl.:        Determined by instrument counting statistics, no detection limit flag used
Measurement uncertainty expl.: Includes reproducibility (precision) + systematic errors (accuracy)
Zero/negative values code:    Zero/negative impossible
Zero/negative values:         Zero and neg. values do not appear because data was processed and zero/neg data taken out
Originator:                   Hill, Matz, matthias.hill@empa.ch, Swiss Federal Laboratories for Materials Science and Technology, Empa, Air Pollution/Environmental Technology, Ueberlandstrasse 129, , CH-8600, Duebendorf, Switzerland
Originator:                   Reimann, Stefan, , , , , , , , , 
Submitter:                    Hill, Matz, matthias.hill@empa.ch, Swiss Federal Laboratories for Materials Science and Technology, Empa, Air Pollution/Environmental Technology, Ueberlandstrasse 129, , CH-8600, Duebendorf, Switzerland
Acknowledgement:              Request acknowledgement details from data originator
Comment:                      "No SOP currently available, MEDUSA. Sample volume: 2L, trap at -170degC, trap material Hayesep D, Nafion dryer, no O3 removal, 2-hourly calibration interval"
starttime endtime C2H6 C2H6 C2H6 flag
[from data line 2328]
190.708333 190.722222   931.557   58.972   1.278 0.000
190.798611 190.812500   915.557   57.959   1.256 0.000
190.843750 190.857639   982.843   62.223   1.398 0.000
190.934028 190.947917   992.492   62.834   1.412 0.000
190.979167 190.993056  1034.927   65.487   1.036 0.000
191.069444 191.083333   988.040   62.520   0.989 0.000
191.114583 191.128472   984.309   62.277   0.870 0.000
191.204861 191.218750   974.817   61.677   0.862 0.000
191.250000 191.263889  1022.321   64.684   0.925 0.000
191.340278 191.354167  1045.880   66.173   0.923 0.000
191.385417 191.399306  1085.101   68.656   0.983 0.000
191.475694 191.489583  1018.825   64.463   0.925 0.000
191.520833 191.534722   964.823   61.051   0.956 0.000
191.611111 191.625000   961.814   60.865   1.024 0.000
191.656250 191.670139   963.134   60.949   1.028 0.000
191.746528 191.760417   970.360   61.405   1.023 0.000
191.791667 191.805556 99999.999 9999.999 999.999 0.999
191.881944 191.895833 99999.999 9999.999 999.999 0.999
191.927083 191.940972 99999.999 9999.999 999.999 0.999
192.017361 192.031250 99999.999 9999.999 999.999 0.999
192.062500 192.076389 99999.999 9999.999 999.999 0.999
192.677083 192.690972 99999.999 9999.999 999.999 0.999
192.694444 192.708333 99999.999 9999.999 999.999 0.999
192.784722 192.798611 99999.999 9999.999 999.999 0.999
192.829861 192.843750 99999.999 9999.999 999.999 0.999
192.920139 192.934028 99999.999 9999.999 999.999 0.999
192.965278 192.979167 99999.999 9999.999 999.999 0.999
193.055556 193.069444 99999.999 9999.999 999.999 0.999
193.100694 193.114583 99999.999 9999.999 999.999 0.999
193.236111 193.250000 99999.999 9999.999 999.999 0.999
193.326389 193.340278 99999.999 9999.999 999.999 0.999
193.371528 193.385417 99999.999 9999.999 999.999 0.999
193.461806 193.475694 99999.999 9999.999 999.999 0.999
193.506944 193.520833 99999.999 9999.999 999.999 0.999
193.597222 193.611111 99999.999 9999.999 999.999 0.999
193.642361 193.656250 99999.999 9999.999 999.999 0.999
193.760417 193.774306 99999.999 9999.999 999.999 0.999
193.777778 193.791667 99999.999 9999.999 999.999 0.999
193.868056 193.881944 99999.999 9999.999 999.999 0.999
193.913194 193.927083 99999.999 9999.999 999.999 0.999
194.003472 194.017361 99999.999 9999.999 999.999 0.999
194.048611 194.062500 99999.999 9999.999 999.999 0.999
194.138889 194.152778 99999.999 9999.999 999.999 0.999
194.184028 194.197917 99999.999 9999.999 999.999 0.999
194.302083 194.315972 99999.999 9999.999 999.999 0.999
194.319444 194.333333 99999.999 9999.999 999.999 0.999
194.409722 194.423611 99999.999 9999.999 999.999 0.999
194.454861 194.468750 99999.999 9999.999 999.999 0.999
194.545139 194.559028 99999.999 9999.999 999.999 0.999
194.590278 194.604167 99999.999 9999.999 999.999 0.999
194.680556 194.694444 99999.999 9999.999 999.999 0.999
194.725694 194.739583 99999.999 9999.999 999.999 0.999
194.843750 194.857639 99999.999 9999.999 999.999 0.999
194.861111 194.875000 99999.999 9999.999 999.999 0.999
194.951389 194.965278 99999.999 9999.999 999.999 0.999
194.996528 195.010417 99999.999 9999.999 999.999 0.999
195.086806 195.100694 99999.999 9999.999 999.999 0.999
195.131944 195.145833 99999.999 9999.999 999.999 0.999
195.222222 195.236111 99999.999 9999.999 999.999 0.999
195.267361 195.281250 99999.999 9999.999 999.999 0.999
195.385417 195.399306 99999.999 9999.999 999.999 0.999
195.402778 195.416667 99999.999 9999.999 999.999 0.999
195.493056 195.506944 99999.999 9999.999 999.999 0.999
195.538194 195.552083 99999.999 9999.999 999.999 0.999
195.628472 195.642361 99999.999 9999.999 999.999 0.999
195.673611 195.687500 99999.999 9999.999 999.999 0.999
195.763889 195.777778 99999.999 9999.999 999.999 0.999
195.809028 195.822917 99999.999 9999.999 999.999 0.999
195.927083 195.940972 99999.999 9999.999 999.999 0.999
195.944444 195.958333 99999.999 9999.999 999.999 0.999
196.034722 196.048611 99999.999 9999.999 999.999 0.999
196.079861 196.093750 99999.999 9999.999 999.999 0.999
196.170139 196.184028 99999.999 9999.999 999.999 0.999
196.215278 196.229167   801.051   50.688   0.792 0.000
196.305556 196.319444   751.021   47.522   0.742 0.000
196.350694 196.364583   756.770   47.887   0.773 0.000
196.468750 196.482639   619.762   39.219   0.654 0.000
196.486111 196.500000   588.891   37.264   0.602 0.000
196.576389 196.590278   589.502   37.303   0.602 0.000
196.621528 196.635417   625.673   39.592   0.650 0.000
196.711806 196.725694   652.435   41.286   0.678 0.000
196.756944 196.770833   643.827   40.743   0.692 0.000
196.847222 196.861111   569.364   36.031   0.612 0.000
196.892361 196.906250   600.812   38.022   0.663 0.000
196.982639 196.996528   624.425   39.516   0.689 0.000
197.027778 197.041667   621.073   39.307   0.725 0.000
197.118056 197.131944   611.431   38.697   0.714 0.000
197.163194 197.177083   592.787   37.528   0.836 0.000
197.253472 197.267361   484.741   30.688   0.684 0.000
197.298611 197.312500   444.174   28.126   0.695 0.000
197.388889 197.402778   457.426   28.966   0.715 0.000
197.434028 197.447917   514.815   32.598   0.785 0.000
197.552083 197.565972   552.783   35.002   0.846 0.000
197.569444 197.583333   572.648   36.257   0.845 0.000
197.659722 197.673611   614.811   38.926   0.907 0.000
197.704861 197.718750   626.689   39.679   0.931 0.000
197.795139 197.809028   652.147   41.291   0.969 0.000
197.840278 197.854167   670.044   42.425   1.005 0.000
197.930556 197.944444   669.590   42.396   1.004 0.000
197.975694 197.989583   675.874   42.794   1.013 0.000
198.093750 198.107639   689.640   43.669   1.066 0.000
198.111111 198.125000   671.877   42.541   1.003 0.000
198.201389 198.215278   642.272   40.666   0.959 0.000
198.246528 198.260417   641.374   40.606   0.920 0.000
198.336806 198.350694   666.213   42.176   0.927 0.000
198.381944 198.395833   672.868   42.599   0.955 0.000
198.472222 198.486111   684.111   43.319   1.057 0.000
198.517361 198.531250   663.460   42.016   1.077 0.000
198.635417 198.649306   684.574   43.355   1.130 0.000
198.652778 198.666667   682.588   43.229   1.126 0.000
198.743056 198.756944   682.690   43.233   1.101 0.000
198.788194 198.802083   671.931   42.552   1.088 0.000
198.878472 198.892361   727.924   46.100   1.198 0.000
198.923611 198.937500   730.091   46.240   1.221 0.000
199.013889 199.027778   722.211   45.750   1.297 0.000
199.059028 199.072917   727.054   46.059   1.320 0.000
199.645833 199.659722   751.012   47.576   1.356 0.000
199.718750 199.732639   748.969   47.453   1.413 0.000
199.781250 199.795139   747.667   47.371   1.411 0.000
199.826389 199.840278   710.890   45.036   1.303 0.000
199.916667 199.930556   731.285   46.330   1.353 0.000
199.961806 199.975694   753.695   47.746   1.367 0.000
200.052083 200.065972   782.009   49.545   1.461 0.000
200.097222 200.111111   704.306   44.620   1.301 0.000
200.260417 200.274306 99999.999 9999.999 999.999 0.999
200.322917 200.336806   858.435   54.390   1.632 0.000
200.368056 200.381944   810.173   51.333   1.545 0.000
200.458333 200.472222   878.113   55.629   1.603 0.000
200.503472 200.517361   881.243   55.823   1.567 0.000
200.593750 200.607639   879.615   55.719   1.554 0.000
200.638889 200.652778   795.369   50.384   1.427 0.000
200.729167 200.743056   749.790   47.497   1.345 0.000
200.802083 200.815972   725.309   45.948   1.319 0.000
200.864583 200.878472   799.408   50.643   1.454 0.000
200.909722 200.923611   844.856   53.547   1.743 0.000
201.000000 201.013889   859.814   54.495   1.774 0.000
201.045139 201.059028   858.672   54.413   1.697 0.000
201.135417 201.149306   857.802   54.358   1.696 0.000
201.180556 201.194444   891.302   56.481   1.763 0.000
201.270833 201.284722   894.219   56.666   1.769 0.000
201.343750 201.357639   871.898   55.249   1.701 0.000
201.406250 201.420139   864.794   54.798   1.687 0.000
201.451389 201.465278   867.907   54.979   1.550 0.000
201.541667 201.555556   864.584   54.768   1.544 0.000
201.586806 201.600694   864.395   54.751   1.500 0.000
201.677083 201.690972   864.204   54.739   1.500 0.000
201.722222 201.736111   865.604   54.817   1.399 0.000
201.812500 201.826389   819.907   51.923   1.325 0.000
201.885417 201.899306   822.861   52.110   1.328 0.000
201.947917 201.961806   875.297   55.431   1.412 0.000
201.993056 202.006944   941.898   59.646   1.498 0.000
202.083333 202.097222   941.194   59.602   1.497 0.000
202.128472 202.142361   958.636   60.702   1.478 0.000
202.218750 202.232639   906.222   57.383   1.397 0.000
202.263889 202.277778   929.834   58.877   1.429 0.000
202.354167 202.368056   888.740   56.275   1.366 0.000
202.427083 202.440972   879.346   55.682   1.372 0.000
202.489583 202.503472   840.272   53.208   1.311 0.000
202.534722 202.548611   856.711   54.250   1.348 0.000
202.625000 202.638889   874.412   55.371   1.376 0.000
202.670139 202.684028   904.792   57.289   1.362 0.000
202.760417 202.774306   786.533   49.801   1.184 0.000
202.805556 202.819444   833.787   52.789   1.211 0.000
202.895833 202.909722   845.496   53.530   1.228 0.000
202.968750 202.982639   863.969   54.667   0.816 0.000
203.031250 203.045139   862.953   54.602   0.815 0.000
203.076389 203.090278   858.785   54.331   0.682 0.000
203.166667 203.180556   836.863   52.945   0.664 0.000
203.211806 203.225694   819.083   51.820   0.652 0.000
203.302083 203.315972   811.619   51.348   0.646 0.000
203.347222 203.361111   818.278   51.769   0.663 0.000
203.437500 203.451389   827.805   52.372   0.671 0.000
203.510417 203.524306   831.369   52.597   0.653 0.000
203.572917 203.586806   862.133   54.543   0.677 0.000
203.618056 203.631944   840.062   53.143   0.593 0.000
203.708333 203.722222   849.236   53.724   0.599 0.000
203.753472 203.767361   849.614   53.749   0.621 0.000
203.843750 203.857639   845.354   53.479   0.617 0.000
203.888889 203.902778   914.630   57.863   0.692 0.000
203.979167 203.993056   982.320   62.145   0.744 0.000
204.052083 204.065972   967.256   61.193   0.744 0.000
204.114583 204.128472   867.887   54.906   0.667 0.000
204.159722 204.173611   837.240   52.969   0.679 0.000
204.250000 204.263889   811.260   51.325   0.658 0.000
204.295139 204.309028   824.926   52.192   0.706 0.000
204.385417 204.399306   838.335   53.040   0.718 0.000
204.430556 204.444444   813.251   51.448   0.590 0.000
204.520833 204.534722 99999.999 9999.999 999.999 0.999
204.654861 204.668750 99999.999 9999.999 999.999 0.999
204.700000 204.713889 99999.999 9999.999 999.999 0.999
204.790278 204.804167 99999.999 9999.999 999.999 0.999
204.835417 204.849306 99999.999 9999.999 999.999 0.999
204.925694 204.939583 99999.999 9999.999 999.999 0.999
204.970833 204.984722 99999.999 9999.999 999.999 0.999
205.061111 205.075000 99999.999 9999.999 999.999 0.999
205.106250 205.120139 99999.999 9999.999 999.999 0.999
205.196528 205.210417 99999.999 9999.999 999.999 0.999
205.272222 205.286111 99999.999 9999.999 999.999 0.999
206.310417 206.324306   818.971   51.926   1.832 0.000
206.355556 206.369444   793.070   50.284   1.774 0.000
206.445833 206.459722   808.888   51.281   1.774 0.000
206.490972 206.504861   812.981   51.541   1.783 0.000
206.581250 206.595139   807.051   51.171   1.813 0.000
206.626389 206.640278   799.927   50.719   1.797 0.000
207.258333 207.272222 99999.999 9999.999 999.999 0.999
207.348611 207.362500   863.641   54.733   1.743 0.000
207.393750 207.407639   850.321   53.897   1.779 0.000
207.511806 207.525694   835.470   52.947   1.686 0.000
207.529167 207.543056   867.361   54.961   1.695 0.000
207.619444 207.633333   839.065   53.175   1.693 0.000
207.664583 207.678472   847.155   53.682   1.662 0.000
207.754861 207.768750   831.993   52.727   1.682 0.000
207.800000 207.813889   833.518   52.818   1.637 0.000
207.890278 207.904167   847.256   53.694   1.706 0.000
207.935417 207.949306   852.099   54.001   1.718 0.000
208.053472 208.067361   854.373   54.151   1.768 0.000
208.070833 208.084722   852.034   53.996   1.709 0.000
208.161111 208.175000   846.667   53.661   1.739 0.000
208.206250 208.220139   848.743   53.759   1.464 0.000
208.296528 208.310417   855.020   54.157   1.475 0.000
208.341667 208.355556   854.006   54.081   1.364 0.000
208.431944 208.445833   845.784   53.560   1.351 0.000
208.477083 208.490972   864.494   54.739   1.319 0.000
208.595139 208.609028   928.798   58.793   1.218 0.000
208.612500 208.626389   916.629   58.030   1.289 0.000
208.702778 208.716667   966.357   61.178   1.359 0.000
208.747917 208.761806   890.553   56.385   1.315 0.000
208.838194 208.852083   922.118   58.383   1.361 0.000
208.883333 208.897222   918.237   58.134   1.317 0.000
208.973611 208.987500   938.367   59.409   1.346 0.000
209.018750 209.032639   873.455   55.295   1.214 0.000
209.136806 209.150694   873.745   55.316   1.237 0.000
209.154167 209.168056   845.389   53.518   1.165 0.000
209.244444 209.258333   937.679   59.360   1.292 0.000
209.289583 209.303472   938.298   59.398   1.272 0.000
209.379861 209.393750   916.824   58.038   1.243 0.000
209.425000 209.438889   898.769   56.911   1.388 0.000
209.515278 209.529167   870.903   55.146   1.345 0.000
209.560417 209.574306   869.370   55.050   1.354 0.000
209.678472 209.692361   889.997   56.359   1.409 0.000
209.695833 209.709722   887.360   56.186   1.350 0.000
209.786111 209.800000   878.964   55.655   1.337 0.000
209.831250 209.845139   880.137   55.734   1.386 0.000
209.921528 209.935417   873.463   55.311   1.376 0.000
209.966667 209.980556   871.201   55.170   1.395 0.000
210.056944 210.070833   876.891   55.531   1.404 0.000
210.102083 210.115972   884.272   55.999   1.425 0.000
210.220139 210.234028 99999.999 9999.999 999.999 0.999
210.237500 210.251389 99999.999 9999.999 999.999 0.999
210.327778 210.341667   977.740   61.912   1.521 0.000
210.372917 210.386806 99999.999 9999.999 999.999 0.999
210.463194 210.477083  1061.092   67.195   1.692 0.000
210.508333 210.522222  1093.788   69.283   1.912 0.000
210.598611 210.612500   988.718   62.627   1.728 0.000
210.643750 210.657639   955.780   60.544   1.701 0.000
210.761806 210.775694   977.132   61.894   1.708 0.000
210.779167 210.793056   996.108   63.094   1.726 0.000
210.869444 210.883333  1011.966   64.098   1.754 0.000
210.914583 210.928472  1009.944   63.980   1.839 0.000
211.004861 211.018750   914.953   57.963   1.666 0.000
211.050000 211.063889   941.074   59.614   1.683 0.000
211.140278 211.154167   922.501   58.437   1.650 0.000
211.185417 211.199306   922.711   58.451   1.652 0.000
211.303472 211.317361   872.228   55.253   1.562 0.000
211.320833 211.334722   887.520   56.216   1.542 0.000
211.411111 211.425000   909.316   57.597   1.580 0.000
211.456250 211.470139   887.059   56.160   1.271 0.000
211.546528 211.560417   901.299   57.062   1.292 0.000
211.591667 211.605556   889.924   56.344   1.303 0.000
211.681944 211.695833   864.761   54.751   1.266 0.000
211.727083 211.740972   869.921   55.081   1.309 0.000
211.845139 211.859028   857.943   54.324   1.307 0.000
211.862500 211.876389   848.271   53.708   1.255 0.000
211.952778 211.966667   905.212   57.313   1.339 0.000
211.997917 212.011806   919.470   58.213   1.329 0.000
212.088194 212.102083   952.451   60.301   1.377 0.000
212.133333 212.147222   980.412   62.082   1.531 0.000
212.223611 212.237500  1020.468   64.619   1.594 0.000
212.268750 212.282639   996.105   63.095   1.740 0.000
212.386806 212.400694   950.175   60.202   1.796 0.000
212.404167 212.418056   973.997   61.711   1.841 0.000
212.494444 212.508333  1005.651   63.716   1.900 0.000
212.539583 212.553472  1039.276   65.833   1.842 0.000
212.629861 212.643750  1050.343   66.534   1.862 0.000
212.675000 212.688889  1026.106   64.987   1.710 0.000
212.765278 212.779167   956.348   60.570   1.603 0.000
212.810417 212.824306   972.930   61.623   1.660 0.000
212.928472 212.942361  1012.350   64.112   1.650 0.000
212.945833 212.959722   991.243   62.775   1.616 0.000
213.036111 213.050000  1012.465   64.114   1.605 0.000
