data/obs/c2h6/WDCGG/event/CH0005R.20010701020000.20160915102628.online_gc.ethane.air.6mo.2h.CH01L_Agilent_ADS-GC-FID_cn10450060_RIG.CH01L_ADS_GC_FID_VOCAIR_RIGI..nas
58 1001
Reimann, Stefan
CH01L, Swiss Federal Laboratories for Materials Science and Technology, EMPA, Section Air Pollution, Überlandstrasse 133, , 8600, Dübendorf, Switzerland
Reimann, Stefan
EMEP GAW-WDCRG
1 1
2001 01 01 2016 09 15
0.083333
days from file reference point
3
1 1 1
999.999999 99999 9.999
end_time of measurement, days from the file reference point
ethane, pmol/mol
numflag ethane, no unit
0
41
Data definition:              EBAS_1.1
Set type code:                TU
Timezone:                     UTC
File name:                    CH0005R.20010701020000.20160915102628.online_gc.ethane.air.6mo.2h.CH01L_Agilent_ADS-GC-FID_cn10450060_RIG.CH01L_ADS_GC_FID_VOCAIR_RIGI..nas
File creation:                20190306184549
Startdate:                    20010701020000
Revision date:                20160915102628
Statistics:                   arithmetic mean
Data level:                   
Period code:                  6mo
Resolution code:              2h
Sample duration:              40mn
Orig. time res.:              2h
Station code:                 CH0005R
Platform code:                CH0005S
Station name:                 Rigi
Station GAW-ID:               RIG
Station latitude:             47.0675
Station longitude:            8.463889
Station altitude:             1031.0m
Measurement height:           4.0m
Regime:                       IMG
Component:                    ethane
Unit:                         pmol/mol
Matrix:                       air
Instrument type:              online_gc
Laboratory code:              CH01L
Instrument name:              Agilent_ADS-GC-FID_cn10450060_RIG
Method ref:                   CH01L_ADS_GC_FID_VOCAIR_RIGI
Inlet description:            above the roof
Volume std. temperature:      273.15 K
Volume std. pressure:         1013.25 hPa
Detection limit:              9.0 pmol/mol
Detection limit expl.:        Determined by integration of a baseline signal multiplied by a factor of 3, detection     limit flag 147
Measurement uncertainty expl.: Includes reproducibility (precision) + systematic errors (accuracy)
Zero/negative values code:    Zero/negative impossible
Zero/negative values:         Neg. values don't appear because data was processed and neg data taken out
Originator:                   Reimann, Stefan, , , , , , , , , 
Submitter:                    Reimann, Stefan, , , , , , , , , 
Comment:                      "No SOP currently available, o3 removed with an ozone scrubber, nafion dryer, Calibration interval:1/month calibration interval"
starttime endtime C2H6 flag_C2H6
[from data line 1883]
338.000000 338.083333 99999 0.999
338.083333 338.166667 99999 0.999
338.166667 338.250000 99999 0.999
338.250000 338.333333 99999 0.999
338.333333 338.416667 99999 0.999
338.416667 338.500000 99999 0.999
338.500000 338.583333 99999 0.999
338.583333 338.666667 99999 0.999
338.666667 338.750000 99999 0.999
338.750000 338.833333 99999 0.999
338.833333 338.916667 99999 0.999
338.916667 339.000000  1383 0.000
339.000000 339.083333  1457 0.000
339.083333 339.166667 99999 0.999
339.166667 339.250000  1451 0.000
339.250000 339.333333 99999 0.999
339.333333 339.416667  1434 0.000
339.416667 339.500000  1589 0.000
339.500000 339.583333 99999 0.999
339.583333 339.666667  1852 0.000
339.666667 339.750000  2078 0.000
339.750000 339.833333  2254 0.000
339.833333 339.916667  2146 0.000
339.916667 340.000000  2104 0.000
340.000000 340.083333  2172 0.000
340.083333 340.166667  2128 0.000
340.166667 340.250000  2132 0.000
340.250000 340.333333  2185 0.000
340.333333 340.416667  2295 0.000
340.416667 340.500000  2275 0.000
340.500000 340.583333  2366 0.000
340.583333 340.666667  2451 0.000
340.666667 340.750000  2458 0.000
340.750000 340.833333  2556 0.000
340.833333 340.916667  2620 0.000
340.916667 341.000000  2528 0.000
341.000000 341.083333  2673 0.000
341.083333 341.166667  2685 0.000
341.166667 341.250000  2483 0.000
341.250000 341.333333  2331 0.000
341.333333 341.416667  2201 0.000
341.416667 341.500000  2189 0.000
341.500000 341.583333  2116 0.000
341.583333 341.666667  2382 0.000
341.666667 341.750000  2326 0.000
341.750000 341.833333  2233 0.000
341.833333 341.916667  2205 0.000
341.916667 342.000000  2391 0.000
342.000000 342.083333  2622 0.000
342.083333 342.166667  2710 0.000
342.166667 342.250000  2717 0.000
342.250000 342.333333  2670 0.000
342.333333 342.416667  2537 0.000
342.416667 342.500000  2508 0.000
342.500000 342.583333  2591 0.000
342.583333 342.666667  2613 0.000
342.666667 342.750000  2668 0.000
342.750000 342.833333  2711 0.000
342.833333 342.916667  2740 0.000
342.916667 343.000000  2737 0.000
343.000000 343.083333  2687 0.000
343.083333 343.166667  2591 0.000
343.166667 343.250000  2563 0.000
343.250000 343.333333  2498 0.000
343.333333 343.416667  2510 0.000
343.416667 343.500000  2470 0.000
343.500000 343.583333  2794 0.000
343.583333 343.666667  2797 0.000
343.666667 343.750000  2799 0.000
343.750000 343.833333  2761 0.000
343.833333 343.916667  2790 0.000
343.916667 344.000000  2750 0.000
344.000000 344.083333  2791 0.000
344.083333 344.166667  2705 0.000
344.166667 344.250000  2671 0.000
344.250000 344.333333  2603 0.000
344.333333 344.416667  2590 0.000
344.416667 344.500000  2797 0.000
344.500000 344.583333  2673 0.000
344.583333 344.666667  2792 0.000
344.666667 344.750000  2909 0.000
344.750000 344.833333  2891 0.000
344.833333 344.916667  2498 0.000
344.916667 345.000000  2475 0.000
345.000000 345.083333  2943 0.000
345.083333 345.166667  3101 0.000
345.166667 345.250000  3031 0.000
345.250000 345.333333  2901 0.000
345.333333 345.416667  2836 0.000
345.416667 345.500000  2518 0.000
345.500000 345.583333  2635 0.000
345.583333 345.666667  2656 0.000
345.666667 345.750000  2588 0.000
345.750000 345.833333  2527 0.000
345.833333 345.916667  2435 0.000
345.916667 346.000000  2685 0.000
346.000000 346.083333  2512 0.000
346.083333 346.166667  2392 0.000
346.166667 346.250000  2240 0.000
346.250000 346.333333  2557 0.000
346.333333 346.416667  2298 0.000
346.416667 346.500000  2272 0.000
346.500000 346.583333  2060 0.000
346.583333 346.666667  2167 0.000
346.666667 346.750000  2406 0.000
346.750000 346.833333  2547 0.000
346.833333 346.916667  3217 0.000
346.916667 347.000000  3698 0.000
347.000000 347.083333  3836 0.000
347.083333 347.166667  3729 0.000
347.166667 347.250000  3862 0.000
347.250000 347.333333  3958 0.000
347.333333 347.416667  4107 0.000
347.416667 347.500000  4219 0.000
347.500000 347.583333  4336 0.000
347.583333 347.666667  4379 0.000
347.666667 347.750000  4348 0.000
347.750000 347.833333  4364 0.000
347.833333 347.916667  4475 0.000
347.916667 348.000000  4467 0.000
348.000000 348.083333  4540 0.000
348.083333 348.166667  4603 0.000
348.166667 348.250000  4628 0.000
348.250000 348.333333  4651 0.000
348.333333 348.416667  4697 0.000
348.416667 348.500000  4774 0.000
348.500000 348.583333  4776 0.000
348.583333 348.666667  4807 0.000
348.666667 348.750000  4790 0.000
348.750000 348.833333  4914 0.000
348.833333 348.916667  4763 0.000
348.916667 349.000000  4763 0.000
349.000000 349.083333  4836 0.000
349.083333 349.166667  4594 0.000
349.166667 349.250000  4321 0.000
349.250000 349.333333  4082 0.000
349.333333 349.416667  3807 0.000
349.416667 349.500000  3649 0.000
349.500000 349.583333  3284 0.000
349.583333 349.666667  3209 0.000
349.666667 349.750000  2891 0.000
349.750000 349.833333  2953 0.000
349.833333 349.916667  2823 0.000
349.916667 350.000000  2714 0.000
350.000000 350.083333  2735 0.000
350.083333 350.166667  2876 0.000
350.166667 350.250000  2748 0.000
350.250000 350.333333  2979 0.000
350.333333 350.416667  3126 0.000
350.416667 350.500000  2905 0.000
350.500000 350.583333  3043 0.000
350.583333 350.666667  2936 0.000
350.666667 350.750000  2987 0.000
350.750000 350.833333  2614 0.000
350.833333 350.916667  2463 0.000
350.916667 351.000000  2287 0.000
351.000000 351.083333  2462 0.000
351.083333 351.166667  2232 0.000
351.166667 351.250000  2094 0.000
351.250000 351.333333  2037 0.000
351.333333 351.416667  2657 0.000
351.416667 351.500000  2564 0.000
351.500000 351.583333  2724 0.000
351.583333 351.666667  2718 0.000
351.666667 351.750000  2671 0.000
351.750000 351.833333  2564 0.000
351.833333 351.916667  2447 0.000
351.916667 352.000000  2440 0.000
352.000000 352.083333  2451 0.000
352.083333 352.166667  2240 0.000
352.166667 352.250000  2158 0.000
352.250000 352.333333  2196 0.000
352.333333 352.416667  2217 0.000
352.416667 352.500000  2207 0.000
352.500000 352.583333  2187 0.000
352.583333 352.666667  2224 0.000
352.666667 352.750000  2238 0.000
352.750000 352.833333  1943 0.000
352.833333 352.916667  2325 0.000
352.916667 353.000000  2377 0.000
353.000000 353.083333  2451 0.000
353.083333 353.166667  1718 0.000
353.166667 353.250000  1963 0.000
353.250000 353.333333  1827 0.000
353.333333 353.416667  2006 0.000
353.416667 353.500000  1961 0.000
353.500000 353.583333  2041 0.000
353.583333 353.666667  2041 0.000
353.666667 353.750000  2107 0.000
353.750000 353.833333  2489 0.000
353.833333 353.916667  2362 0.000
353.916667 354.000000  2704 0.000
354.000000 354.083333  2450 0.000
354.083333 354.166667  2341 0.000
354.166667 354.250000  2537 0.000
354.250000 354.333333  2819 0.000
354.333333 354.416667  2484 0.000
354.416667 354.500000  2130 0.000
354.500000 354.583333  2004 0.000
354.583333 354.666667  2002 0.000
354.666667 354.750000  2158 0.000
354.750000 354.833333  1974 0.000
354.833333 354.916667  2056 0.000
354.916667 355.000000  1969 0.000
355.000000 355.083333  2076 0.000
355.083333 355.166667  1970 0.000
355.166667 355.250000  1918 0.000
355.250000 355.333333  1802 0.000
355.333333 355.416667  1827 0.000
355.416667 355.500000  1775 0.000
355.500000 355.583333  1972 0.000
355.583333 355.666667  2158 0.000
355.666667 355.750000  2139 0.000
355.750000 355.833333  2329 0.000
355.833333 355.916667  2250 0.000
355.916667 356.000000  2236 0.000
356.000000 356.083333  2155 0.000
356.083333 356.166667  2307 0.000
356.166667 356.250000  2404 0.000
356.250000 356.333333  2349 0.000
356.333333 356.416667  2263 0.000
356.416667 356.500000  2345 0.000
356.500000 356.583333  2302 0.000
356.583333 356.666667  2422 0.000
356.666667 356.750000  2498 0.000
356.750000 356.833333  2597 0.000
356.833333 356.916667  2395 0.000
356.916667 357.000000  2342 0.000
357.000000 357.083333  2382 0.000
357.083333 357.166667  2376 0.000
357.166667 357.250000  2362 0.000
357.250000 357.333333  2396 0.000
357.333333 357.416667  2409 0.000
357.416667 357.500000  2453 0.000
357.500000 357.583333  2528 0.000
357.583333 357.666667  2430 0.000
357.666667 357.750000  2510 0.000
357.750000 357.833333  2317 0.000
357.833333 357.916667  2282 0.000
357.916667 358.000000  2178 0.000
358.000000 358.083333  2146 0.000
358.083333 358.166667  2094 0.000
358.166667 358.250000  1985 0.000
358.250000 358.333333  2086 0.000
358.333333 358.416667  1925 0.000
358.416667 358.500000  1965 0.000
358.500000 358.583333  1943 0.000
358.583333 358.666667  1882 0.000
358.666667 358.750000  1912 0.000
358.750000 358.833333  1723 0.000
358.833333 358.916667  1912 0.000
358.916667 359.000000  1910 0.000
359.000000 359.083333  1991 0.000
359.083333 359.166667  1816 0.000
359.166667 359.250000  1966 0.000
359.250000 359.333333  2276 0.000
359.333333 359.416667  2345 0.000
359.416667 359.500000  2225 0.000
359.500000 359.583333  2344 0.000
359.583333 359.666667  2403 0.000
359.666667 359.750000  2219 0.000
359.750000 359.833333  2082 0.000
359.833333 359.916667  2126 0.000
359.916667 360.000000  2073 0.000
360.000000 360.083333  2297 0.000
360.083333 360.166667  2154 0.000
360.166667 360.250000  2101 0.000
360.250000 360.333333  2044 0.000
360.333333 360.416667  1948 0.000
360.416667 360.500000  1962 0.000
360.500000 360.583333  1896 0.000
360.583333 360.666667  1931 0.000
360.666667 360.750000  1816 0.000
360.750000 360.833333  1910 0.000
360.833333 360.916667  2159 0.000
360.916667 361.000000  1847 0.000
361.000000 361.083333  2003 0.000
361.083333 361.166667  1810 0.000
361.166667 361.250000  1727 0.000
361.250000 361.333333  1770 0.000
361.333333 361.416667  1581 0.000
361.416667 361.500000  1618 0.000
361.500000 361.583333  1534 0.000
361.583333 361.666667  1460 0.000
361.666667 361.750000  1362 0.000
361.750000 361.833333  1329 0.000
361.833333 361.916667  1305 0.000
361.916667 362.000000  1292 0.000
362.000000 362.083333  1387 0.000
362.083333 362.166667  1308 0.000
362.166667 362.250000  1400 0.000
362.250000 362.333333  1442 0.000
362.333333 362.416667  1463 0.000
362.416667 362.500000  1533 0.000
362.500000 362.583333  1596 0.000
362.583333 362.666667  1499 0.000
362.666667 362.750000  1404 0.000
362.750000 362.833333  1364 0.000
362.833333 362.916667  1324 0.000
362.916667 363.000000  1356 0.000
363.000000 363.083333  1512 0.000
363.083333 363.166667  1628 0.000
363.166667 363.250000  2022 0.000
363.250000 363.333333  2177 0.000
363.333333 363.416667 99999 0.999
363.416667 363.500000 99999 0.999
363.500000 363.583333 99999 0.999
363.583333 363.666667 99999 0.999
363.666667 363.750000 99999 0.999
363.750000 363.833333 99999 0.999
363.833333 363.916667 99999 0.999
363.916667 364.000000 99999 0.999
364.000000 364.083333 99999 0.999
364.083333 364.166667 99999 0.999
364.166667 364.250000 99999 0.999
364.250000 364.333333 99999 0.999
364.333333 364.416667 99999 0.999
364.416667 364.500000 99999 0.999
364.500000 364.583333 99999 0.999
364.583333 364.666667 99999 0.999
364.666667 364.750000 99999 0.999
364.750000 364.833333 99999 0.999
364.833333 364.916667 99999 0.999
364.916667 365.000000 99999 0.999
