data/obs/c2h6/WDCGG/event/CH0001G.20150101225000.20170425145159.online_gc.ethane.air.1y.2h.CH01L_Agilent_GC-MS-MEDUSA_Medusa-12_JFJ.CH01L_VOC_AIR_MEDUSA-12.lev2.nas
68 1001
Hill, Matz; Reimann, Stefan
CH01L, Swiss Federal Laboratories for Materials Science and Technology, EMPA, Section Air Pollution, Überlandstrasse 133, , 8600, Dübendorf, Switzerland
Hill, Matz
ACTRIS EMEP GAW-WDCGG-node GAW-WDCRG
1 1
2015 01 01 2017 04 25
0
days from file reference point
5
1 1 1 1 1
999.999999 99999.999 9999.999 999.999 9.999
end_time of measurement, days from the file reference point
ethane, pmol/mol, Statistics=arithmetic mean, Detection limit=1.1 pmol/mol
ethane, pmol/mol, Statistics=expanded uncertainty 2sigma
ethane, pmol/mol, Statistics=precision
numflag, no unit
0
49
Data definition:              EBAS_1.1
Set type code:                TI
Timezone:                     UTC
File name:                    CH0001G.20150101225000.20170425145159.online_gc.ethane.air.1y.2h.CH01L_Agilent_GC-MS-MEDUSA_Medusa-12_JFJ.CH01L_VOC_AIR_MEDUSA-12.lev2.nas
File creation:                20190306184544
Startdate:                    20150101225000
Revision date:                20170425145159
Version:                      3
Version description:          second revision, manually inspected
Data level:                   2
Period code:                  1y
Resolution code:              2h
Sample duration:              20mn
Orig. time res.:              2h
Station code:                 CH0001G
Platform code:                CH0001S
Station name:                 Jungfraujoch
Station GAW-ID:               JFJ
Station latitude:             46.5475
Station longitude:            7.985
Station altitude:             3578.0m
Measurement height:           4.0m
Regime:                       IMG
Component:                    ethane
Unit:                         pmol/mol
Matrix:                       air
Instrument type:              online_gc
Laboratory code:              CH01L
Instrument name:              Agilent_GC-MS-MEDUSA_Medusa-12_JFJ
Instrument manufacturer:      AGAGE+Agilent+Agilent
Instrument model:             MEDUSA+6890N+5975B
Instrument serial number:     Medusa-12
Method ref:                   CH01L_VOC_AIR_MEDUSA-12
Standard method:              None
Calibration scale:            SIO-p
Inlet type:                   Hat or hood
Inlet description:            above the roof
Volume std. temperature:      273.15 K
Volume std. pressure:         1013.25 hPa
Detection limit expl.:        Determined by instrument counting statistics, no detection limit flag used
Measurement uncertainty expl.: Includes reproducibility (precision) + systematic errors (accuracy)
Zero/negative values code:    Zero/negative impossible
Zero/negative values:         Zero and neg. values do not appear because data was processed and zero/neg data taken out
Originator:                   Hill, Matz, matthias.hill@empa.ch, Swiss Federal Laboratories for Materials Science and Technology, Empa, Air Pollution/Environmental Technology, Ueberlandstrasse 129, , CH-8600, Duebendorf, Switzerland
Originator:                   Reimann, Stefan, , , , , , , , , 
Submitter:                    Hill, Matz, matthias.hill@empa.ch, Swiss Federal Laboratories for Materials Science and Technology, Empa, Air Pollution/Environmental Technology, Ueberlandstrasse 129, , CH-8600, Duebendorf, Switzerland
Acknowledgement:              Request acknowledgement details from data originator
Comment:                      "No SOP currently available, MEDUSA. Sample volume: 2L, trap at -170degC, trap material Hayesep D, Nafion dryer, no O3 removal, 2-hourly calibration interval"
starttime endtime C2H6 C2H6 C2H6 flag
[from data line 2037]
166.702778 166.716667  1019.403   64.994   4.107 0.000
166.793056 166.806944 99999.999 9999.999 999.999 0.999
166.838194 166.852083 99999.999 9999.999 999.999 0.999
166.928472 166.942361  1118.239   71.295   4.505 0.000
166.973611 166.987500 99999.999 9999.999 999.999 0.999
167.063889 167.077778 99999.999 9999.999 999.999 0.999
167.136806 167.150694   965.254   61.669   4.366 0.000
167.199306 167.213194 99999.999 9999.999 999.999 0.999
167.244444 167.258333  1060.050   67.822   5.124 0.000
167.334722 167.348611 99999.999 9999.999 999.999 0.999
167.379861 167.393750 99999.999 9999.999 999.999 0.999
167.470139 167.484028 99999.999 9999.999 999.999 0.999
167.515278 167.529167 99999.999 9999.999 999.999 0.999
167.605556 167.619444  1160.471   74.505   6.407 0.000
167.678472 167.692361 99999.999 9999.999 999.999 0.999
167.740972 167.754861 99999.999 9999.999 999.999 0.999
167.786111 167.800000 99999.999 9999.999 999.999 0.999
167.876389 167.890278  1215.459   77.975   6.533 0.000
167.921528 167.935417  1278.189   81.999   6.870 0.000
168.011806 168.025694  1287.683   82.421   6.338 0.000
168.056944 168.070833  1248.883   80.014   6.392 0.000
168.147222 168.161111  1201.377   76.872   5.833 0.000
168.220139 168.234028  1180.385   75.690   6.241 0.000
168.282639 168.296528 99999.999 9999.999 999.999 0.999
168.327778 168.341667 99999.999 9999.999 999.999 0.999
168.513889 168.527778 99999.999 9999.999 999.999 0.999
168.559028 168.572917 99999.999 9999.999 999.999 0.999
168.875000 168.888889   776.221   49.769   4.089 0.000
168.920139 168.934028   797.234   51.073   4.065 0.000
169.010417 169.024306   678.441   43.416   3.311 0.000
169.055556 169.069444   705.832   45.122   3.285 0.000
169.145833 169.159722   882.513   56.475   4.305 0.000
169.218750 169.232639   896.382   57.302   4.170 0.000
169.281250 169.295139   976.177   62.403   4.541 0.000
169.326389 169.340278  1014.264   64.786   4.534 0.000
169.416667 169.430556  1100.847   70.285   4.809 0.000
169.461806 169.475694  1118.281   71.398   4.885 0.000
169.552083 169.565972  1121.271   71.605   4.957 0.000
169.597222 169.611111  1137.867   72.635   4.920 0.000
169.687500 169.701389  1155.229   73.774   5.109 0.000
169.760417 169.774306  1184.469   75.626   5.182 0.000
169.822917 169.836806  1197.500   76.438   5.165 0.000
169.868056 169.881944  1206.722   76.932   4.844 0.000
169.958333 169.972222  1186.335   75.596   4.616 0.000
170.003472 170.017361  1185.477   75.571   4.733 0.000
170.093750 170.107639  1160.646   73.998   4.673 0.000
170.138889 170.152778  1175.758   74.994   4.861 0.000
170.725694 170.739583  1130.322   72.194   5.038 0.000
170.770833 170.784722  1135.269   72.510   5.060 0.000
170.861111 170.875000  1144.072   73.095   5.179 0.000
170.906250 170.920139  1150.471   73.504   5.208 0.000
170.996528 171.010417  1115.611   71.268   5.020 0.000
171.041667 171.055556  1112.437   71.065   5.005 0.000
171.184028 171.197917  1085.085   69.320   4.888 0.000
171.302083 171.315972 99999.999 9999.999 999.999 0.999
171.319444 171.333333 99999.999 9999.999 999.999 0.999
171.431944 171.445833 99999.999 9999.999 999.999 0.999
171.477083 171.490972 99999.999 9999.999 999.999 0.999
171.595139 171.609028   852.762   54.476   3.834 0.000
171.612500 171.626389   882.620   56.349   3.845 0.000
171.702778 171.716667   927.751   59.191   3.895 0.000
171.747917 171.761806   955.829   60.969   3.961 0.000
171.838194 171.852083   970.026   61.888   4.073 0.000
171.883333 171.897222   995.819   63.568   4.308 0.000
171.973611 171.987500   935.654   59.769   4.198 0.000
172.018750 172.032639   937.682   59.925   4.302 0.000
172.136806 172.150694  1102.615   70.462   5.046 0.000
172.154167 172.168056  1147.532   73.339   5.273 0.000
172.244444 172.258333  1193.093   75.935   4.249 0.000
172.289583 172.303472  1190.998   75.819   4.317 0.000
172.379861 172.393750  1152.538   73.370   4.178 0.000
172.425000 172.438889  1116.784   71.064   3.915 0.000
172.515278 172.529167  1024.655   65.202   3.592 0.000
172.560417 172.574306  1003.580   63.781   3.135 0.000
172.678472 172.692361   981.279   62.366   3.078 0.000
172.695833 172.709722  1006.601   63.955   3.053 0.000
172.786111 172.800000  1013.564   64.398   3.074 0.000
172.831250 172.845139  1023.694   65.014   2.960 0.000
172.921528 172.935417   962.780   61.146   2.784 0.000
172.966667 172.980556   943.480   59.942   2.849 0.000
173.056944 173.070833  1001.600   63.635   3.024 0.000
173.102083 173.115972  1000.520   63.564   3.011 0.000
173.220139 173.234028   883.762   56.166   2.758 0.000
173.237500 173.251389   926.744   58.887   2.840 0.000
173.327778 173.341667   901.977   57.313   2.764 0.000
173.372917 173.386806   877.989   55.794   2.716 0.000
173.463194 173.477083   928.861   59.027   2.873 0.000
173.508333 173.522222   940.986   59.818   3.015 0.000
173.598611 173.612500   974.392   61.942   3.123 0.000
173.643750 173.657639  1006.790   64.074   3.572 0.000
173.761806 173.775694  1029.413   65.523   3.689 0.000
173.779167 173.793056  1044.792   66.515   3.802 0.000
173.869444 173.883333  1081.139   68.829   3.935 0.000
173.914583 173.928472  1075.781   68.423   3.622 0.000
174.004861 174.018750  1082.676   68.861   3.645 0.000
174.050000 174.063889  1089.812   69.265   3.425 0.000
174.140278 174.154167  1091.942   69.401   3.432 0.000
174.185417 174.199306  1099.301   69.818   3.192 0.000
174.303472 174.317361  1063.216   67.515   3.022 0.000
174.320833 174.334722  1060.571   67.347   3.015 0.000
174.411111 174.425000  1059.577   67.284   3.012 0.000
174.456250 174.470139  1090.965   69.292   3.187 0.000
174.546528 174.560417  1094.863   69.540   3.198 0.000
174.591667 174.605556  1096.502   69.669   3.337 0.000
174.681944 174.695833  1078.752   68.542   3.283 0.000
174.727083 174.740972  1079.444   68.613   3.426 0.000
174.845139 174.859028  1076.959   68.492   3.600 0.000
174.862500 174.876389 99999.999 9999.999 999.999 0.999
174.952778 174.966667  1092.542   69.483   3.652 0.000
174.997917 175.011806  1109.617   70.577   3.743 0.000
175.088194 175.102083 99999.999 9999.999 999.999 0.999
175.133333 175.147222  1113.586   70.886   4.016 0.000
175.223611 175.237500  1076.367   68.517   3.882 0.000
175.268750 175.282639  1072.010   68.280   4.041 0.000
175.386806 175.400694 99999.999 9999.999 999.999 0.999
175.404167 175.418056 99999.999 9999.999 999.999 0.999
175.494444 175.508333 99999.999 9999.999 999.999 0.999
175.539583 175.553472 99999.999 9999.999 999.999 0.999
175.629861 175.643750 99999.999 9999.999 999.999 0.999
175.675000 175.688889 99999.999 9999.999 999.999 0.999
175.990972 176.004861 99999.999 9999.999 999.999 0.999
176.036111 176.050000 99999.999 9999.999 999.999 0.999
176.126389 176.140278 99999.999 9999.999 999.999 0.999
176.171528 176.185417 99999.999 9999.999 999.999 0.999
176.261806 176.275694 99999.999 9999.999 999.999 0.999
176.306944 176.320833 99999.999 9999.999 999.999 0.999
176.397222 176.411111 99999.999 9999.999 999.999 0.999
176.470139 176.484028 99999.999 9999.999 999.999 0.999
176.532639 176.546528 99999.999 9999.999 999.999 0.999
176.577778 176.591667 99999.999 9999.999 999.999 0.999
176.668056 176.681944 99999.999 9999.999 999.999 0.999
176.713194 176.727083 99999.999 9999.999 999.999 0.999
176.803472 176.817361 99999.999 9999.999 999.999 0.999
176.848611 176.862500 99999.999 9999.999 999.999 0.999
176.938889 176.952778 99999.999 9999.999 999.999 0.999
176.984028 176.997917 99999.999 9999.999 999.999 0.999
177.074306 177.088194 99999.999 9999.999 999.999 0.999
177.119444 177.133333 99999.999 9999.999 999.999 0.999
177.706250 177.720139 99999.999 9999.999 999.999 0.999
177.751389 177.765278 99999.999 9999.999 999.999 0.999
177.841667 177.855556 99999.999 9999.999 999.999 0.999
177.886806 177.900694 99999.999 9999.999 999.999 0.999
177.977083 177.990972 99999.999 9999.999 999.999 0.999
178.022222 178.036111 99999.999 9999.999 999.999 0.999
178.164583 178.178472 99999.999 9999.999 999.999 0.999
178.254861 178.268750 99999.999 9999.999 999.999 0.999
178.300000 178.313889 99999.999 9999.999 999.999 0.999
178.390278 178.404167 99999.999 9999.999 999.999 0.999
178.435417 178.449306 99999.999 9999.999 999.999 0.999
178.553472 178.567361 99999.999 9999.999 999.999 0.999
178.570833 178.584722 99999.999 9999.999 999.999 0.999
178.661111 178.675000 99999.999 9999.999 999.999 0.999
178.706250 178.720139 99999.999 9999.999 999.999 0.999
178.796528 178.810417 99999.999 9999.999 999.999 0.999
178.841667 178.855556 99999.999 9999.999 999.999 0.999
178.931944 178.945833 99999.999 9999.999 999.999 0.999
178.977083 178.990972 99999.999 9999.999 999.999 0.999
179.095139 179.109028 99999.999 9999.999 999.999 0.999
179.112500 179.126389 99999.999 9999.999 999.999 0.999
179.202778 179.216667 99999.999 9999.999 999.999 0.999
179.247917 179.261806 99999.999 9999.999 999.999 0.999
179.338194 179.352083 99999.999 9999.999 999.999 0.999
179.383333 179.397222 99999.999 9999.999 999.999 0.999
179.473611 179.487500 99999.999 9999.999 999.999 0.999
179.518750 179.532639 99999.999 9999.999 999.999 0.999
179.636806 179.650694 99999.999 9999.999 999.999 0.999
179.654167 179.668056 99999.999 9999.999 999.999 0.999
179.744444 179.758333 99999.999 9999.999 999.999 0.999
179.789583 179.803472 99999.999 9999.999 999.999 0.999
179.879861 179.893750 99999.999 9999.999 999.999 0.999
179.925000 179.938889 99999.999 9999.999 999.999 0.999
180.015278 180.029167 99999.999 9999.999 999.999 0.999
180.060417 180.074306 99999.999 9999.999 999.999 0.999
180.178472 180.192361 99999.999 9999.999 999.999 0.999
180.195833 180.209722 99999.999 9999.999 999.999 0.999
180.286111 180.300000 99999.999 9999.999 999.999 0.999
180.331250 180.345139 99999.999 9999.999 999.999 0.999
180.421528 180.435417 99999.999 9999.999 999.999 0.999
180.466667 180.480556 99999.999 9999.999 999.999 0.999
180.556944 180.570833 99999.999 9999.999 999.999 0.999
180.602083 180.615972 99999.999 9999.999 999.999 0.999
180.720139 180.734028   782.942   49.604   1.460 0.000
180.737500 180.751389   877.545   55.645   2.004 0.000
180.827778 180.841667   684.602   43.411   1.564 0.000
180.872917 180.886806   657.510   41.708   1.601 0.000
180.963194 180.977083   712.451   45.193   1.734 0.000
181.008333 181.022222   619.366   39.305   1.613 0.000
181.098611 181.112500   719.988   45.690   1.875 0.000
181.143750 181.157639 99999.999 9999.999 999.999 0.999
181.261806 181.275694   679.713   43.140   1.803 0.000
181.279167 181.293056   671.360   42.610   1.782 0.000
181.369444 181.383333   680.015   43.159   1.805 0.000
181.414583 181.428472   698.403   44.341   1.940 0.000
181.504861 181.518750   722.137   45.848   2.005 0.000
181.550000 181.563889   767.411   48.729   2.168 0.000
181.640278 181.654167   817.349   51.900   2.309 0.000
181.685417 181.699306   857.926   54.510   2.606 0.000
181.803472 181.817361   883.893   56.165   2.711 0.000
181.820833 181.834722   880.844   56.092   3.271 0.000
181.911111 181.925000   819.420   52.181   3.043 0.000
181.956250 181.970139   840.826   53.564   3.207 0.000
182.046528 182.060417   707.799   45.090   2.700 0.000
182.091667 182.105556   717.161   45.712   2.841 0.000
182.181944 182.195833 99999.999 9999.999 999.999 0.999
182.227083 182.240972   699.861   44.640   2.895 0.000
182.345139 182.359028   695.037   44.357   2.970 0.000
182.362500 182.376389   698.247   44.562   2.984 0.000
182.452778 182.466667   698.755   44.595   2.986 0.000
182.497917 182.511806   707.849   45.205   3.136 0.000
182.588194 182.602083   760.772   48.585   3.370 0.000
182.633333 182.647222   774.960   49.548   3.633 0.000
182.949306 182.963194   684.849   43.718   2.967 0.000
182.994444 183.008333   694.623   44.342   3.010 0.000
183.084722 183.098611 99999.999 9999.999 999.999 0.999
183.129861 183.143750 99999.999 9999.999 999.999 0.999
183.220139 183.234028 99999.999 9999.999 999.999 0.999
183.265278 183.279167   644.505   41.120   2.708 0.000
183.412500 183.426389 99999.999 9999.999 999.999 0.999
183.457639 183.471528 99999.999 9999.999 999.999 0.999
183.547917 183.561806   680.647   43.363   2.608 0.000
183.593056 183.606944   691.381   44.022   2.545 0.000
183.683333 183.697222   709.806   45.135   2.339 0.000
183.728472 183.742361   704.226   44.780   2.320 0.000
183.846528 183.860417   724.679   45.948   1.626 0.000
183.863889 183.877778   739.654   46.897   1.660 0.000
183.954167 183.968056   776.852   49.256   1.743 0.000
183.999306 184.013194 99999.999 9999.999 999.999 0.999
184.089583 184.103472   717.741   45.508   1.611 0.000
184.134722 184.148611   703.147   44.583   1.578 0.000
184.721528 184.735417   748.509   47.468   1.743 0.000
184.766667 184.780556   761.159   48.286   1.877 0.000
184.856944 184.870833   708.667   44.950   1.710 0.000
184.929861 184.943750   715.618   45.403   1.802 0.000
184.992361 185.006250   753.429   47.802   1.897 0.000
185.037500 185.051389   813.676   51.614   1.985 0.000
185.179861 185.193750   862.994   54.748   2.138 0.000
185.270139 185.284028   851.876   54.028   2.017 0.000
185.315278 185.329167   779.492   49.439   1.858 0.000
185.405556 185.419444   768.316   48.730   1.831 0.000
185.450694 185.464583   776.759   49.262   1.828 0.000
185.540972 185.554861   775.760   49.201   1.836 0.000
185.586111 185.600000   798.123   50.625   1.932 0.000
185.676389 185.690278   816.663   51.811   2.042 0.000
185.721528 185.735417   823.621   52.251   2.048 0.000
185.811806 185.825694   814.311   51.661   2.025 0.000
185.856944 185.870833   821.575   52.148   2.208 0.000
185.947222 185.961111   805.394   51.121   2.164 0.000
185.992361 186.006250   801.394   50.855   2.082 0.000
186.082639 186.096528   798.583   50.677   2.075 0.000
186.127778 186.141667   810.690   51.451   2.139 0.000
186.218056 186.231944   799.818   50.761   2.111 0.000
186.263194 186.277083   832.496   52.842   2.240 0.000
186.353472 186.367361   899.517   57.096   2.420 0.000
186.398611 186.412500   888.242   56.364   2.289 0.000
186.488889 186.502778   888.322   56.369   2.289 0.000
186.534028 186.547917   903.822   57.366   2.411 0.000
186.624306 186.638194   878.428   55.754   2.344 0.000
186.669444 186.683333   858.847   54.524   2.367 0.000
186.759722 186.773611   818.871   51.986   2.257 0.000
186.804861 186.818750   791.819   50.248   2.058 0.000
186.895139 186.909028   760.289   48.247   1.976 0.000
186.940278 186.954167   802.496   50.918   2.040 0.000
187.030556 187.044444   808.043   51.270   2.054 0.000
187.075694 187.089583   799.633   50.755   2.146 0.000
187.165972 187.179861   685.501   43.511   1.840 0.000
187.211111 187.225000   889.301   56.462   2.475 0.000
187.301389 187.315278   813.882   51.673   2.265 0.000
187.346528 187.360417   830.664   52.762   2.442 0.000
187.436806 187.450694 99999.999 9999.999 999.999 0.999
187.481944 187.495833 99999.999 9999.999 999.999 0.999
187.740278 187.754167 99999.999 9999.999 999.999 0.999
187.785417 187.799306 99999.999 9999.999 999.999 0.999
187.875694 187.889583 99999.999 9999.999 999.999 0.999
187.920833 187.934722 99999.999 9999.999 999.999 0.999
188.011111 188.025000 99999.999 9999.999 999.999 0.999
188.056250 188.070139 99999.999 9999.999 999.999 0.999
188.146528 188.160417 99999.999 9999.999 999.999 0.999
188.219444 188.233333 99999.999 9999.999 999.999 0.999
188.511806 188.525694 99999.999 9999.999 999.999 0.999
188.529167 188.543056 99999.999 9999.999 999.999 0.999
188.619444 188.633333 99999.999 9999.999 999.999 0.999
188.664583 188.678472 99999.999 9999.999 999.999 0.999
188.754861 188.768750 99999.999 9999.999 999.999 0.999
188.800000 188.813889 99999.999 9999.999 999.999 0.999
188.890278 188.904167 99999.999 9999.999 999.999 0.999
188.935417 188.949306 99999.999 9999.999 999.999 0.999
189.053472 189.067361 99999.999 9999.999 999.999 0.999
189.070833 189.084722 99999.999 9999.999 999.999 0.999
189.161111 189.175000 99999.999 9999.999 999.999 0.999
189.206250 189.220139 99999.999 9999.999 999.999 0.999
