data/obs/c2h6/WDCGG/event/CH0005R.20110101001000.20160915102628.online_gc.ethane.air.1y.2h.CH01L_Agilent_ADS-GC-FID_cn10450060_RIG.CH01L_ADS_GC_FID_VOCAIR_RIGI.lev2.nas
67 1001
Hill, Matz; Reimann, Stefan
CH01L, Swiss Federal Laboratories for Materials Science and Technology, EMPA, Section Air Pollution, Überlandstrasse 133, , 8600, Dübendorf, Switzerland
Hill, Matz
ACTRIS EMEP GAW-WDCRG
1 1
2011 01 01 2016 09 15
0
days from file reference point
5
1 1 1 1 1
999.999999 99999 9999 999 9.999
end_time of measurement, days from the file reference point
ethane, pmol/mol, Statistics=arithmetic mean, Data level=, Standard method=, Calibration scale=, Inlet type=, Detection limit=9.0 pmol/mol
ethane, pmol/mol, Revision date=20150330000000, Statistics=expanded uncertainty 2sigma
ethane, pmol/mol, Revision date=20150330000000, Statistics=precision
numflag, no unit
0
48
Data definition:              EBAS_1.1
Set type code:                TI
Timezone:                     UTC
File name:                    CH0005R.20110101001000.20160915102628.online_gc.ethane.air.1y.2h.CH01L_Agilent_ADS-GC-FID_cn10450060_RIG.CH01L_ADS_GC_FID_VOCAIR_RIGI.lev2.nas
File creation:                20190306184552
Startdate:                    20110101001000
Revision date:                20160915102628
Version:                      2
Version description:          initial revision, manually inspected, removed all data for butenes and pentenes
Data level:                   2
Period code:                  1y
Resolution code:              2h
Sample duration:              40mn
Station code:                 CH0005R
Platform code:                CH0005S
Station name:                 Rigi
Station GAW-ID:               RIG
Station latitude:             47.0675
Station longitude:            8.463889
Station altitude:             1031.0m
Measurement height:           3.0m
Regime:                       IMG
Component:                    ethane
Unit:                         pmol/mol
Matrix:                       air
Instrument type:              online_gc
Laboratory code:              CH01L
Instrument name:              Agilent_ADS-GC-FID_cn10450060_RIG
Instrument manufacturer:      Agilent
Instrument model:             6890GC/FID
Instrument serial number:     cn10450060
Method ref:                   CH01L_ADS_GC_FID_VOCAIR_RIGI
Standard method:              None
Calibration scale:            NPL
Inlet type:                   Hat or hood
Inlet description:            ambient air is brought into the cabin through a main inlet line at a flow rate of 300 lpm. From the main inlet line short stainless steel tubes are used to bring the air samples to the instruments.
Volume std. temperature:      273.15 K
Volume std. pressure:         1013.25 hPa
Detection limit expl.:        Determined by instrument counting statistics, no detection limit flag used
Measurement uncertainty expl.: Includes reproducibility (precision) + systematic errors (accuracy)
Zero/negative values code:    Zero/negative impossible
Zero/negative values:         Zero and neg. values don't appear because data was processed and zero/neg data taken out
Originator:                   Hill, Matz, matthias.hill@empa.ch, Swiss Federal Laboratories for Materials Science and Technology, Empa, Air Pollution/Environmental Technology, Ueberlandstrasse 129, , CH-8600, Duebendorf, Switzerland
Originator:                   Reimann, Stefan, , , , , , , , , 
Submitter:                    Hill, Matz, matthias.hill@empa.ch, Swiss Federal Laboratories for Materials Science and Technology, Empa, Air Pollution/Environmental Technology, Ueberlandstrasse 129, , CH-8600, Duebendorf, Switzerland
Acknowledgement:              Request acknowledgement details from data originator
Comment:                      "No SOP currently available, o3 not removed, nafion dryer, Calibration interval:1/two weeks"
starttime endtime C2H6 C2H6 C2H6 flag
[from data line 1489]
127.979167 128.006944  1483   32   6 0.000
128.062500 128.090278  1531   33   6 0.000
128.145833 128.173611  1521   33   6 0.000
128.229167 128.256944  1498   32   6 0.000
128.312500 128.340278  1771   38   7 0.000
128.395833 128.423611  1690   36   6 0.000
128.479167 128.506944  1873   40   7 0.000
128.562500 128.590278  1723   37   6 0.000
128.645833 128.673611  1630   35   6 0.000
128.729167 128.756944  1608   35   6 0.000
128.812500 128.840278  1654   35   6 0.000
128.895833 128.923611  1651   35   6 0.000
128.979167 129.006944  1664   36   6 0.000
129.062500 129.090278  1670   36   6 0.000
129.145833 129.173611  1660   36   6 0.000
129.229167 129.256944  1662   36   6 0.000
129.312500 129.340278  1690   36   6 0.000
129.395833 129.423611  1691   36   6 0.000
129.479167 129.506944  1828   39   7 0.000
129.562500 129.590278  1709   37   6 0.000
129.645833 129.673611  1548   33   6 0.000
129.729167 129.756944  1652   35   6 0.000
129.812500 129.840278  1697   36   6 0.000
129.895833 129.923611  1643   35   6 0.000
129.979167 130.006944  1657   35   6 0.000
130.062500 130.090278  1645   35   6 0.000
130.145833 130.173611  1625   35   6 0.000
130.229167 130.256944  1605   34   6 0.000
130.312500 130.340278  1591   34   6 0.000
130.395833 130.423611  1815   39   7 0.000
130.479167 130.506944  1726   37   7 0.000
130.562500 130.590278  1688   36   6 0.000
130.645833 130.673611  1597   34   6 0.000
130.729167 130.756944  1428   31   6 0.000
130.812500 130.840278  1329   29   6 0.000
130.895833 130.923611  1289   28   6 0.000
130.979167 131.006944  1258   28   6 0.000
131.062500 131.090278  1295   28   6 0.000
131.145833 131.173611  1302   28   6 0.000
131.229167 131.256944  1272   28   6 0.000
131.312500 131.340278  1335   29   6 0.000
131.395833 131.423611  1297   28   6 0.000
131.479167 131.506944  1236   27   6 0.000
131.562500 131.590278  1253   27   6 0.000
131.645833 131.673611  1045   23   5 0.000
131.729167 131.756944  1060   24   5 0.000
131.812500 131.840278  1061   24   5 0.000
131.895833 131.923611  1196   26   5 0.000
131.979167 132.006944  1297   28   6 0.000
132.062500 132.090278  1434   31   6 0.000
132.145833 132.173611  1434   31   6 0.000
132.229167 132.256944  1429   31   6 0.000
132.312500 132.340278  1480   32   6 0.000
132.395833 132.423611  1428   31   6 0.000
132.479167 132.506944  1380   30   6 0.000
132.562500 132.590278  1346   29   6 0.000
132.645833 132.673611  1323   29   6 0.000
132.729167 132.756944  1338   29   6 0.000
132.812500 132.840278  1335   29   6 0.000
132.895833 132.923611  1329   29   6 0.000
132.979167 133.006944  1235   27   6 0.000
133.062500 133.090278  1161   26   5 0.000
133.145833 133.173611  1155   25   5 0.000
133.229167 133.256944  1179   26   5 0.000
133.312500 133.340278  1186   26   5 0.000
133.395833 133.423611  1233   27   6 0.000
133.479167 133.506944  1306   28   6 0.000
133.562500 133.590278  1340   29   6 0.000
133.645833 133.673611  1414   31   6 0.000
133.729167 133.756944  1524   33   6 0.000
133.812500 133.840278  1488   32   6 0.000
133.895833 133.923611  1470   32   6 0.000
133.979167 134.006944  1359   30   6 0.000
134.062500 134.090278  1372   30   6 0.000
134.145833 134.173611  1459   32   6 0.000
134.229167 134.256944  1490   32   6 0.000
134.312500 134.340278  1505   32   6 0.000
134.395833 134.423611  1487   32   6 0.000
134.479167 134.506944  1463   32   6 0.000
134.562500 134.590278  1474   32   6 0.000
134.645833 134.673611  1498   32   6 0.000
134.729167 134.756944  1501   32   6 0.000
134.812500 134.840278  1515   33   6 0.000
134.895833 134.923611  1508   33   6 0.000
134.979167 135.006944  1500   32   6 0.000
135.062500 135.090278  1492   32   6 0.000
135.145833 135.173611  1498   32   6 0.000
135.229167 135.256944  1506   32   6 0.000
135.312500 135.340278  1515   33   6 0.000
135.395833 135.423611  1506   32   6 0.000
135.479167 135.506944  1481   32   6 0.000
135.562500 135.590278  1498   32   6 0.000
135.645833 135.673611  1438   31   6 0.000
135.729167 135.756944  1452   31   6 0.000
135.812500 135.840278  1437   31   6 0.000
135.895833 135.923611  1428   31   6 0.000
135.979167 136.006944  1437   31   6 0.000
136.062500 136.090278  1434   31   6 0.000
136.145833 136.173611  1398   30   6 0.000
136.229167 136.256944  1361   30   6 0.000
136.312500 136.340278  1377   30   6 0.000
136.395833 136.423611  1391   30   6 0.000
136.479167 136.506944  1373   30   6 0.000
136.562500 136.590278  1268   28   6 0.000
136.645833 136.673611  1025   23   5 0.000
136.729167 136.756944   993   22   5 0.000
136.812500 136.840278   972   22   5 0.000
136.895833 136.923611  1004   22   5 0.000
136.979167 137.006944  1006   23   5 0.000
137.062500 137.090278   954   21   5 0.000
137.145833 137.173611   951   21   5 0.000
137.229167 137.256944   988   22   5 0.000
137.312500 137.340278  1049   23   5 0.000
137.395833 137.423611  1104   24   5 0.000
137.479167 137.506944   987   22   5 0.000
137.562500 137.590278  1001   22   5 0.000
137.645833 137.673611   956   22   5 0.000
137.729167 137.756944   935   21   5 0.000
137.812500 137.840278   929   21   5 0.000
137.895833 137.923611   965   22   5 0.000
137.979167 138.006944  1042   23   5 0.000
138.062500 138.090278  1049   23   5 0.000
138.145833 138.173611  1118   25   5 0.000
138.229167 138.256944  1114   25   5 0.000
138.312500 138.340278  1106   24   5 0.000
138.395833 138.423611  1112   25   5 0.000
138.479167 138.506944  1095   24   5 0.000
138.562500 138.590278  1079   24   5 0.000
138.645833 138.673611  1114   25   5 0.000
138.729167 138.756944  1284   28   6 0.000
138.812500 138.840278  1165   26   5 0.000
138.895833 138.923611  1176   26   5 0.000
138.979167 139.006944  1189   26   5 0.000
139.062500 139.090278  1168   26   5 0.000
139.145833 139.173611  1181   26   5 0.000
139.229167 139.256944  1192   26   5 0.000
139.312500 139.340278  1168   26   5 0.000
139.395833 139.423611  1143   25   5 0.000
139.479167 139.506944  1114   25   5 0.000
139.562500 139.590278  1113   25   5 0.000
139.645833 139.673611  1103   24   5 0.000
139.729167 139.756944  1115   25   5 0.000
139.812500 139.840278  1107   25   5 0.000
139.895833 139.923611  1119   25   5 0.000
139.979167 140.006944  1066   24   5 0.000
140.062500 140.090278  1083   24   5 0.000
140.145833 140.173611  1077   24   5 0.000
140.229167 140.256944  1114   25   5 0.000
140.312500 140.340278  1128   25   5 0.000
140.395833 140.423611  1221   27   5 0.000
140.479167 140.506944  1147   25   5 0.000
140.562500 140.590278  1086   24   5 0.000
140.645833 140.673611  1069   24   5 0.000
140.729167 140.756944  1061   24   5 0.000
140.812500 140.840278  1057   24   5 0.000
140.895833 140.923611  1080   24   5 0.000
140.979167 141.006944  1075   24   5 0.000
141.062500 141.090278  1101   24   5 0.000
141.145833 141.173611  1108   25   5 0.000
141.229167 141.256944  1114   25   5 0.000
141.312500 141.340278  1123   25   5 0.000
141.395833 141.423611  1153   25   5 0.000
141.479167 141.506944  1145   25   5 0.000
141.562500 141.590278  1064   24   5 0.000
141.645833 141.673611  1076   24   5 0.000
141.729167 141.756944  1088   24   5 0.000
141.812500 141.840278  1096   24   5 0.000
141.895833 141.923611  1078   24   5 0.000
141.979167 142.006944  1075   24   5 0.000
142.062500 142.090278  1127   25   5 0.000
142.145833 142.173611  1254   27   6 0.000
142.229167 142.256944  1246   27   6 0.000
142.312500 142.340278  1231   27   5 0.000
142.395833 142.423611  1209   27   5 0.000
142.479167 142.506944  1184   26   5 0.000
142.562500 142.590278  1146   25   5 0.000
142.645833 142.673611  1143   25   5 0.000
142.729167 142.756944  1146   25   5 0.000
142.812500 142.840278  1149   25   5 0.000
142.895833 142.923611  1140   25   5 0.000
142.979167 143.006944  1131   25   5 0.000
143.062500 143.090278  1139   25   5 0.000
143.145833 143.173611  1122   25   5 0.000
143.229167 143.256944  1121   25   5 0.000
143.312500 143.340278  1104   24   5 0.000
143.395833 143.423611  1189   26   5 0.000
143.479167 143.506944  1149   25   5 0.000
143.562500 143.590278  1068   24   5 0.000
143.645833 143.673611  1018   23   5 0.000
143.729167 143.756944  1158   26   5 0.000
143.812500 143.840278  1217   27   5 0.000
143.895833 143.923611  1231   27   5 0.000
143.979167 144.006944  1135   25   5 0.000
144.062500 144.090278  1164   26   5 0.000
144.145833 144.173611  1192   26   5 0.000
144.229167 144.256944  1268   28   6 0.000
144.312500 144.340278  1336   29   6 0.000
144.395833 144.423611  1320   29   6 0.000
144.479167 144.506944  1316   29   6 0.000
144.562500 144.590278  1307   28   6 0.000
144.645833 144.673611  1291   28   6 0.000
144.729167 144.756944  1306   28   6 0.000
144.812500 144.840278  1299   28   6 0.000
144.895833 144.923611  1263   28   6 0.000
144.979167 145.006944  1179   26   5 0.000
145.062500 145.090278  1164   26   5 0.000
145.145833 145.173611  1143   25   5 0.000
145.229167 145.256944  1156   25   5 0.000
145.312500 145.340278  1158   26   5 0.000
145.395833 145.423611  1155   25   5 0.000
145.479167 145.506944  1100   24   5 0.000
151.576389 151.604167  1439   31   6 0.000
151.659722 151.687500  1470   32   6 0.000
151.743056 151.770833  1341   29   6 0.000
151.826389 151.854167  1344   29   6 0.000
151.909722 151.937500  1352   29   6 0.000
151.993056 152.020833  1351   29   6 0.000
152.076389 152.104167  1354   29   6 0.000
152.159722 152.187500  1346   29   6 0.000
152.243056 152.270833  1355   29   6 0.000
152.326389 152.354167  1367   30   6 0.000
152.409722 152.437500  1395   30   6 0.000
152.493056 152.520833  1411   31   6 0.000
152.576389 152.604167  1408   31   6 0.000
152.659722 152.687500  1372   30   6 0.000
152.743056 152.770833  1342   29   6 0.000
152.826389 152.854167  1332   29   6 0.000
152.909722 152.937500  1301   28   6 0.000
152.993056 153.020833  1312   29   6 0.000
153.076389 153.104167  1322   29   6 0.000
153.159722 153.187500  1311   29   6 0.000
153.243056 153.270833  1342   29   6 0.000
153.326389 153.354167  1371   30   6 0.000
153.409722 153.437500  1352   29   6 0.000
153.493056 153.520833  1324   29   6 0.000
153.576389 153.604167  1317   29   6 0.000
153.659722 153.687500  1312   29   6 0.000
153.743056 153.770833  1292   28   6 0.000
153.826389 153.854167  1271   28   6 0.000
153.909722 153.937500  1263   28   6 0.000
153.993056 154.020833  1245   27   6 0.000
154.076389 154.104167  1287   28   6 0.000
154.159722 154.187500  1304   28   6 0.000
154.243056 154.270833  1354   29   6 0.000
154.326389 154.354167  1291   28   6 0.000
154.409722 154.437500  1338   29   6 0.000
154.493056 154.520833  1329   29   6 0.000
154.576389 154.604167  1311   29   6 0.000
154.659722 154.687500  1336   29   6 0.000
154.743056 154.770833  1341   29   6 0.000
154.826389 154.854167  1223   27   5 0.000
154.909722 154.937500  1311   29   6 0.000
154.993056 155.020833  1145   25   5 0.000
155.076389 155.104167  1180   26   5 0.000
155.159722 155.187500  1199   26   5 0.000
155.243056 155.270833  1194   26   5 0.000
155.326389 155.354167  1206   26   5 0.000
155.409722 155.437500  1146   25   5 0.000
155.493056 155.520833  1136   25   5 0.000
155.576389 155.604167  1037   23   5 0.000
155.659722 155.687500  1073   24   5 0.000
155.743056 155.770833  1082   24   5 0.000
155.826389 155.854167  1054   23   5 0.000
155.909722 155.937500  1020   23   5 0.000
155.993056 156.020833  1063   24   5 0.000
156.076389 156.104167  1038   23   5 0.000
156.159722 156.187500  1050   23   5 0.000
156.243056 156.270833  1037   23   5 0.000
156.326389 156.354167  1012   23   5 0.000
156.409722 156.437500  1011   23   5 0.000
156.493056 156.520833   999   22   5 0.000
156.576389 156.604167  1001   22   5 0.000
156.659722 156.687500   998   22   5 0.000
156.743056 156.770833  1010   23   5 0.000
156.826389 156.854167   998   22   5 0.000
156.909722 156.937500  1006   23   5 0.000
156.993056 157.020833  1011   23   5 0.000
157.076389 157.104167  1007   23   5 0.000
157.159722 157.187500  1014   23   5 0.000
157.243056 157.270833  1042   23   5 0.000
157.326389 157.354167  1130   25   5 0.000
157.409722 157.437500  1104   24   5 0.000
157.493056 157.520833  1061   24   5 0.000
157.576389 157.604167  1088   24   5 0.000
157.659722 157.687500  1011   23   5 0.000
157.743056 157.770833   984   22   5 0.000
157.826389 157.854167  1000   22   5 0.000
157.909722 157.937500  1052   23   5 0.000
157.993056 158.020833  1013   23   5 0.000
158.076389 158.104167  1004   22   5 0.000
158.159722 158.187500  1003   22   5 0.000
158.243056 158.270833  1016   23   5 0.000
158.326389 158.354167  1015   23   5 0.000
158.409722 158.437500  1063   24   5 0.000
158.493056 158.520833  1179   26   5 0.000
158.576389 158.604167  1163   26   5 0.000
158.659722 158.687500  1152   25   5 0.000
158.743056 158.770833  1140   25   5 0.000
158.826389 158.854167  1149   25   5 0.000
158.909722 158.937500  1151   25   5 0.000
158.993056 159.020833  1122   25   5 0.000
159.076389 159.104167  1111   25   5 0.000
159.159722 159.187500  1124   25   5 0.000
159.243056 159.270833  1178   26   5 0.000
159.326389 159.354167  1119   25   5 0.000
159.409722 159.437500  1168   26   5 0.000
159.493056 159.520833  1139   25   5 0.000
159.576389 159.604167  1139   25   5 0.000
159.659722 159.687500  1132   25   5 0.000
159.743056 159.770833  1116   25   5 0.000
159.826389 159.854167  1086   24   5 0.000
159.909722 159.937500  1086   24   5 0.000
159.993056 160.020833  1089   24   5 0.000
160.076389 160.104167  1103   24   5 0.000
160.159722 160.187500  1116   25   5 0.000
160.243056 160.270833  1115   25   5 0.000
160.326389 160.354167  1178   26   5 0.000
160.409722 160.437500  1236   27   6 0.000
160.493056 160.520833  1179   26   5 0.000
160.576389 160.604167  1131   25   5 0.000
160.659722 160.687500  1100   24   5 0.000
160.743056 160.770833  1090   24   5 0.000
160.826389 160.854167  1007   23   5 0.000
160.909722 160.937500  1005   22   5 0.000
160.993056 161.020833   987   22   5 0.000
161.076389 161.104167   996   22   5 0.000
161.159722 161.187500  1073   24   5 0.000
161.243056 161.270833  1076   24   5 0.000
161.326389 161.354167  1027   23   5 0.000
161.409722 161.437500  1018   23   5 0.000
161.493056 161.520833   989   22   5 0.000
161.576389 161.604167   981   22   5 0.000
161.659722 161.687500   987   22   5 0.000
161.743056 161.770833   982   22   5 0.000
161.826389 161.854167   984   22   5 0.000
161.909722 161.937500   993   22   5 0.000
161.993056 162.020833   999   22   5 0.000
162.076389 162.104167   980   22   5 0.000
162.159722 162.187500  1000   22   5 0.000
162.243056 162.270833  1010   23   5 0.000
162.326389 162.354167  1041   23   5 0.000
162.409722 162.437500  1051   23   5 0.000
162.493056 162.520833  1019   23   5 0.000
162.576389 162.604167  1002   22   5 0.000
162.659722 162.687500  1001   22   5 0.000
162.743056 162.770833  1023   23   5 0.000
162.826389 162.854167  1004   22   5 0.000
162.909722 162.937500  1005   22   5 0.000
162.993056 163.020833  1060   24   5 0.000
163.076389 163.104167  1072   24   5 0.000
163.159722 163.187500  1043   23   5 0.000
163.243056 163.270833  1031   23   5 0.000
163.326389 163.354167  1059   24   5 0.000
163.409722 163.437500  1019   23   5 0.000
163.493056 163.520833   965   22   5 0.000
163.576389 163.604167   815   19   5 0.000
163.659722 163.687500   733   17   4 0.000
163.743056 163.770833   775   18   5 0.000
163.826389 163.854167   780   18   5 0.000
163.909722 163.937500   707   17   4 0.000
163.993056 164.020833   711   17   4 0.000
164.076389 164.104167   723   17   4 0.000
164.159722 164.187500   700   17   4 0.000
164.243056 164.270833   709   17   4 0.000
164.326389 164.354167   721   17   4 0.000
164.409722 164.437500   726   17   4 0.000
164.493056 164.520833   717   17   4 0.000
164.576389 164.604167   731   17   4 0.000
164.659722 164.687500   788   18   5 0.000
164.743056 164.770833   788   18   5 0.000
164.826389 164.854167   783   18   5 0.000
