data/obs/c2h6/WDCGG/event/CH0001G.20160101011700.20180208000000.online_gc.ethane.air.1y.2h.CH01L_Agilent_GC-MS-MEDUSA_Medusa-12_JFJ.CH01L_VOC_AIR_MEDUSA-12.lev2.nas
70 1001
Hill, Matz; Reimann, Stefan; Vollmer, Martin K.
CH01L, Swiss Federal Laboratories for Materials Science and Technology, EMPA, Section Air Pollution, Überlandstrasse 133, , 8600, Dübendorf, Switzerland
Hill, Matz
ACTRIS EMEP GAW-WDCRG
1 1
2016 01 01 2018 02 08
0
days from file reference point
5
1 1 1 1 1
999.999999 99999.999 9999.999 999.999 9.999
end_time of measurement, days from the file reference point
ethane, pmol/mol, Statistics=arithmetic mean, Detection limit=1.1 pmol/mol
ethane, pmol/mol, Statistics=expanded uncertainty 2sigma
ethane, pmol/mol, Statistics=precision
numflag, no unit
0
51
Data definition:              EBAS_1.1
Set type code:                TI
Timezone:                     UTC
File name:                    CH0001G.20160101011700.20180208000000.online_gc.ethane.air.1y.2h.CH01L_Agilent_GC-MS-MEDUSA_Medusa-12_JFJ.CH01L_VOC_AIR_MEDUSA-12.lev2.nas
File creation:                20190306184545
Startdate:                    20160101011700
Revision date:                20180208000000
Version:                      2
Version description:          Second submission
Data level:                   2
Period code:                  1y
Resolution code:              2h
Sample duration:              20mn
Orig. time res.:              2h
Station code:                 CH0001G
Platform code:                CH0001S
Station name:                 Jungfraujoch
Station GAW-ID:               JFJ
Station latitude:             46.5475
Station longitude:            7.985
Station altitude:             3578.0m
Measurement altitude:         3580.0m
Measurement height:           2.0m
Regime:                       IMG
Component:                    ethane
Unit:                         pmol/mol
Matrix:                       air
Instrument type:              online_gc
Laboratory code:              CH01L
Instrument name:              Agilent_GC-MS-MEDUSA_Medusa-12_JFJ
Instrument manufacturer:      AGAGE+Agilent+Agilent
Instrument model:             MEDUSA+6890N+5975B
Instrument serial number:     Medusa-12
Method ref:                   CH01L_VOC_AIR_MEDUSA-12
Standard method:              None
Calibration scale:            SIO-p
Inlet type:                   Hat or hood
Inlet description:            above the roof
Volume std. temperature:      273.15 K
Volume std. pressure:         1013.25 hPa
Detection limit expl.:        Determined by instrument counting statistics, no detection limit flag used
Measurement uncertainty expl.: Includes reproducibility (precision) + systematic errors (accuracy)
Zero/negative values code:    Zero/negative impossible
Zero/negative values:         Zero and neg. values do not appear because data was processed and zero/neg data taken out
Originator:                   Hill, Matz, matthias.hill@empa.ch, Swiss Federal Laboratories for Materials Science and Technology, Empa, Air Pollution/Environmental Technology, Ueberlandstrasse 129, , CH-8600, Duebendorf, Switzerland
Originator:                   Reimann, Stefan, , , , , , , , , 
Originator:                   Vollmer, Martin K., martin.vollmer@empa.ch, Swiss Federal Laboratories for Materials Science and Technology, Empa, Air Pollution/Environmental Technology, Ueberlandstrasse 129, , CH-8600, Duebendorf, Switzerland
Submitter:                    Hill, Matz, matthias.hill@empa.ch, Swiss Federal Laboratories for Materials Science and Technology, Empa, Air Pollution/Environmental Technology, Ueberlandstrasse 129, , CH-8600, Duebendorf, Switzerland
Acknowledgement:              Request acknowledgement details from data originator
Comment:                      "No SOP currently available, MEDUSA. Sample volume: 2L, trap at -170degC, trap material Hayesep D, Nafion dryer, no O3 removal, 2-hourly calibration interval"
starttime endtime C2H6 C2H6 C2H6 flag
[from data line 2037]
161.488194 161.502083 99999.999 9999.999 999.999 0.999
161.578472 161.592361 99999.999 9999.999 999.999 0.999
161.623611 161.637500 99999.999 9999.999 999.999 0.999
161.713889 161.727778 99999.999 9999.999 999.999 0.999
161.759028 161.772917 99999.999 9999.999 999.999 0.999
161.849306 161.863194 99999.999 9999.999 999.999 0.999
161.894444 161.908333 99999.999 9999.999 999.999 0.999
161.984722 161.998611 99999.999 9999.999 999.999 0.999
162.029861 162.043750 99999.999 9999.999 999.999 0.999
162.120139 162.134028 99999.999 9999.999 999.999 0.999
162.165278 162.179167 99999.999 9999.999 999.999 0.999
162.752083 162.765972 99999.999 9999.999 999.999 0.999
162.797222 162.811111 99999.999 9999.999 999.999 0.999
162.887500 162.901389 99999.999 9999.999 999.999 0.999
162.932639 162.946528 99999.999 9999.999 999.999 0.999
163.022917 163.036806 99999.999 9999.999 999.999 0.999
163.095833 163.109722 99999.999 9999.999 999.999 0.999
163.210417 163.224306 99999.999 9999.999 999.999 0.999
163.300694 163.314583 99999.999 9999.999 999.999 0.999
163.345833 163.359722 99999.999 9999.999 999.999 0.999
163.436111 163.450000 99999.999 9999.999 999.999 0.999
163.481250 163.495139 99999.999 9999.999 999.999 0.999
163.571528 163.585417 99999.999 9999.999 999.999 0.999
163.616667 163.630556 99999.999 9999.999 999.999 0.999
163.706944 163.720833 99999.999 9999.999 999.999 0.999
163.752083 163.765972 99999.999 9999.999 999.999 0.999
163.842361 163.856250 99999.999 9999.999 999.999 0.999
163.887500 163.901389 99999.999 9999.999 999.999 0.999
163.977778 163.991667 99999.999 9999.999 999.999 0.999
164.022917 164.036806 99999.999 9999.999 999.999 0.999
164.113194 164.127083 99999.999 9999.999 999.999 0.999
164.158333 164.172222 99999.999 9999.999 999.999 0.999
164.248611 164.262500 99999.999 9999.999 999.999 0.999
164.293750 164.307639 99999.999 9999.999 999.999 0.999
164.384028 164.397917 99999.999 9999.999 999.999 0.999
164.429167 164.443056 99999.999 9999.999 999.999 0.999
164.519444 164.533333 99999.999 9999.999 999.999 0.999
164.564583 164.578472 99999.999 9999.999 999.999 0.999
164.654861 164.668750 99999.999 9999.999 999.999 0.999
164.700000 164.713889 99999.999 9999.999 999.999 0.999
164.790278 164.804167 99999.999 9999.999 999.999 0.999
164.835417 164.849306 99999.999 9999.999 999.999 0.999
164.925694 164.939583 99999.999 9999.999 999.999 0.999
164.970833 164.984722 99999.999 9999.999 999.999 0.999
165.061111 165.075000 99999.999 9999.999 999.999 0.999
165.106250 165.120139 99999.999 9999.999 999.999 0.999
165.196528 165.210417 99999.999 9999.999 999.999 0.999
165.241667 165.255556 99999.999 9999.999 999.999 0.999
165.331944 165.345833 99999.999 9999.999 999.999 0.999
165.377083 165.390972 99999.999 9999.999 999.999 0.999
165.467361 165.481250 99999.999 9999.999 999.999 0.999
165.512500 165.526389 99999.999 9999.999 999.999 0.999
165.598611 165.612500 99999.999 9999.999 999.999 0.999
165.643750 165.657639 99999.999 9999.999 999.999 0.999
165.761806 165.775694   959.566   61.205   3.967 0.000
165.779861 165.793750   975.054   62.370   4.667 0.000
165.870139 165.884028   970.137   62.056   4.643 0.000
165.915278 165.929167   967.561   61.805   4.336 0.000
166.005556 166.019444   961.263   61.403   4.308 0.000
166.050694 166.064583   956.604   61.039   4.043 0.000
166.140972 166.154861   958.919   61.187   4.053 0.000
166.186111 166.200000   975.844   62.253   4.074 0.000
166.304167 166.318056   993.731   63.395   4.149 0.000
166.321528 166.335417  1003.301   63.989   4.127 0.000
166.411806 166.425694   998.354   63.673   4.107 0.000
166.456944 166.470833   992.280   63.252   3.946 0.000
166.547222 166.561111   997.699   63.597   3.968 0.000
166.592361 166.606250   999.175   63.659   3.844 0.000
166.682639 166.696528  1024.051   65.244   3.939 0.000
166.727778 166.741667  1070.031   68.141   3.979 0.000
166.845833 166.859722  1068.265   68.002   3.858 0.000
166.863194 166.877083  1023.217   65.105   3.563 0.000
166.953472 166.967361   971.890   61.832   3.350 0.000
166.998611 167.012500   963.974   61.338   3.370 0.000
167.088889 167.102778   998.871   63.610   3.718 0.000
167.134028 167.147917   998.307   63.604   3.842 0.000
167.224306 167.238194   965.436   61.717   4.491 0.000
167.269444 167.283333   990.426   63.324   4.641 0.000
167.387500 167.401389  1047.158   67.129   5.480 0.000
167.404861 167.418750  1010.718   64.793   5.290 0.000
167.495139 167.509028  1022.600   65.775   5.990 0.000
167.540278 167.554167  1017.460   65.400   5.838 0.000
167.630556 167.644444   984.689   63.410   5.965 0.000
167.675694 167.689583   967.296   62.364   6.055 0.000
167.991667 168.005556   941.831   60.633   5.661 0.000
168.036806 168.050694   935.538   60.161   5.440 0.000
168.127083 168.140972   922.558   59.395   5.552 0.000
168.172222 168.186111   912.395   58.748   5.511 0.000
168.262500 168.276389   904.828   58.297   5.560 0.000
168.307639 168.321528   904.201   58.256   5.556 0.000
168.397917 168.411806   901.391   58.071   5.527 0.000
168.470833 168.484722   911.909   58.823   5.785 0.000
168.533333 168.547222   895.948   57.717   5.486 0.000
168.578472 168.592361   905.611   58.269   5.357 0.000
168.668750 168.682639   916.077   58.974   5.503 0.000
168.713889 168.727778   914.719   58.886   5.494 0.000
168.804167 168.818056   931.664   59.979   5.601 0.000
168.849306 168.863194   962.536   61.966   5.787 0.000
168.939583 168.953472   958.319   61.742   5.886 0.000
168.984722 168.998611   950.871   61.333   6.024 0.000
169.075000 169.088889   951.152   61.331   5.974 0.000
169.120139 169.134028   958.585   61.799   5.991 0.000
169.706944 169.720833   984.153   62.672   3.658 0.000
169.752083 169.765972   981.486   62.478   3.544 0.000
169.842361 169.856250   977.510   62.251   3.643 0.000
169.887500 169.901389   985.629   62.800   3.806 0.000
169.977778 169.991667   981.517   62.557   3.870 0.000
170.022917 170.036806   983.908   62.900   4.584 0.000
170.165278 170.179167   979.180   62.871   5.423 0.000
170.255556 170.269444  1013.958   65.078   5.540 0.000
170.300694 170.314583  1035.237   66.512   5.853 0.000
170.390972 170.404861  1027.162   65.994   5.808 0.000
170.436111 170.450000  1032.354   66.334   5.855 0.000
170.554167 170.568056  1043.782   67.139   6.117 0.000
170.571528 170.585417  1043.868   67.076   5.927 0.000
170.661806 170.675694  1053.120   67.746   6.190 0.000
170.706944 170.720833  1049.578   67.468   6.032 0.000
170.797222 170.811111  1058.489   68.041   6.083 0.000
170.842361 170.856250  1071.612   68.918   6.251 0.000
170.932639 170.946528  1051.445   67.631   6.161 0.000
170.977778 170.991667  1051.890   67.636   6.097 0.000
171.095833 171.109722   982.378   63.175   5.719 0.000
171.113194 171.127083   956.272   61.431   5.384 0.000
171.203472 171.217361   914.289   58.734   5.147 0.000
171.248611 171.262500   924.388   59.586   5.755 0.000
171.338889 171.352778   930.333   59.969   5.792 0.000
171.384028 171.397917   948.302   61.188   6.059 0.000
171.474306 171.488194   923.065   59.559   5.898 0.000
171.519444 171.533333   959.114   61.846   6.027 0.000
171.637500 171.651389   950.025   61.334   6.157 0.000
171.654861 171.668750   944.648   60.929   5.976 0.000
171.745139 171.759028   890.996   57.468   5.637 0.000
171.790278 171.804167   909.346   58.785   6.083 0.000
171.880556 171.894444   774.478   50.066   5.181 0.000
171.925694 171.939583   771.051   49.855   5.183 0.000
172.015972 172.029861   741.808   47.964   4.986 0.000
172.061111 172.075000   698.048   44.966   4.267 0.000
172.179167 172.193056   615.074   39.483   3.378 0.000
172.196528 172.210417   587.401   37.671   3.121 0.000
172.286806 172.300694   686.230   44.010   3.647 0.000
172.331944 172.345833   829.349   53.090   4.100 0.000
172.422222 172.436111   585.201   37.461   2.893 0.000
172.467361 172.481250   533.394   34.137   2.612 0.000
172.557639 172.571528   520.456   33.309   2.549 0.000
172.602778 172.616667   583.922   37.373   2.867 0.000
172.720833 172.734722   599.690   38.417   3.055 0.000
172.738194 172.752083   544.950   34.927   2.830 0.000
172.828472 172.842361   510.408   32.713   2.651 0.000
172.873611 172.887500   510.472   32.729   2.685 0.000
172.963889 172.977778   479.594   30.749   2.523 0.000
173.009028 173.022917   482.904   30.973   2.576 0.000
173.099306 173.113194   477.577   30.631   2.547 0.000
173.144444 173.158333   476.025   30.556   2.612 0.000
173.262500 173.276389   477.981   30.590   2.339 0.000
173.279861 173.293750   536.118   34.279   2.517 0.000
173.370833 173.384722   559.358   35.765   2.626 0.000
173.415972 173.429861   517.140   32.990   2.156 0.000
173.506250 173.520139   499.964   31.894   2.084 0.000
173.551389 173.565278   509.862   32.549   2.215 0.000
173.641667 173.655556   526.532   33.614   2.288 0.000
173.686806 173.700694   541.279   34.553   2.345 0.000
173.804861 173.818750   570.092   36.309   2.141 0.000
173.822222 173.836111   568.071   36.180   2.133 0.000
173.912500 173.926389 99999.999 9999.999 999.999 0.999
173.957639 173.971528 99999.999 9999.999 999.999 0.999
174.047917 174.061806   617.578   39.273   2.047 0.000
174.093056 174.106944   607.751   38.674   2.136 0.000
174.183333 174.197222   642.895   40.911   2.260 0.000
174.228472 174.242361   651.610   41.476   2.337 0.000
174.346528 174.360417   640.673   40.831   2.517 0.000
174.363889 174.377778   641.983   40.915   2.522 0.000
174.454167 174.468056   633.066   40.346   2.487 0.000
174.499306 174.513194   626.291   39.990   2.751 0.000
174.589583 174.603472 99999.999 9999.999 999.999 0.999
174.634722 174.648611 99999.999 9999.999 999.999 0.999
178.369444 178.383333 99999.999 9999.999 999.999 0.999
178.414583 178.428472 99999.999 9999.999 999.999 0.999
178.504861 178.518750   873.987   55.417   1.976 0.000
178.550000 178.563889   881.053   55.858   1.946 0.000
178.640278 178.654167   857.597   54.371   1.894 0.000
178.685417 178.699306   828.860   52.540   1.765 0.000
178.803472 178.817361   774.114   49.070   1.649 0.000
178.820833 178.834722   599.106   37.972   1.240 0.000
178.911111 178.925000   769.894   48.797   1.593 0.000
178.956250 178.970139   916.780   58.096   1.816 0.000
179.046528 179.060417   914.185   57.931   1.811 0.000
179.091667 179.105556   816.921   51.766   1.600 0.000
179.181944 179.195833   758.144   48.041   1.485 0.000
179.227083 179.240972   833.702   52.822   1.573 0.000
179.345139 179.359028   812.252   51.463   1.533 0.000
179.362500 179.376389   836.456   53.003   1.632 0.000
179.452778 179.466667   897.371   56.857   1.706 0.000
179.497917 179.511806   743.503   47.106   1.396 0.000
179.588194 179.602083   743.508   47.106   1.396 0.000
179.633333 179.647222   775.817   49.136   1.306 0.000
179.723611 179.737500   770.987   48.831   1.298 0.000
179.768750 179.782639   758.933   48.049   1.093 0.000
179.886806 179.900694   730.906   46.278   1.090 0.000
179.904167 179.918056   673.324   42.632   1.004 0.000
179.994444 180.008333   666.171   42.210   1.276 0.000
180.039583 180.053472   671.847   42.574   1.324 0.000
180.129861 180.143750   678.472   43.001   1.395 0.000
180.175000 180.188889   654.296   41.469   1.350 0.000
180.265278 180.279167   661.289   41.911   1.351 0.000
180.310417 180.324306   657.157   41.656   1.394 0.000
180.428472 180.442361   681.712   43.209   1.426 0.000
180.684722 180.698611 99999.999 9999.999 999.999 0.999
180.729861 180.743750 99999.999 9999.999 999.999 0.999
180.820139 180.834028   677.912   42.988   1.557 0.000
180.865278 180.879167   665.039   42.188   1.634 0.000
180.955556 180.969444   739.732   46.945   1.939 0.000
181.000694 181.014583   748.907   47.528   1.963 0.000
181.090972 181.104861   743.480   47.179   1.927 0.000
181.136111 181.150000   671.806   42.631   1.741 0.000
181.226389 181.240278   711.460   45.153   1.880 0.000
181.271528 181.285417   771.712   48.977   2.039 0.000
181.361806 181.375694   819.974   52.028   2.088 0.000
181.406944 181.420833   775.323   49.195   1.975 0.000
181.497222 181.511111   772.116   48.997   2.001 0.000
181.542361 181.556250   788.719   50.050   2.044 0.000
181.632639 181.646528   785.409   49.829   1.964 0.000
181.677778 181.691667   769.292   48.806   1.924 0.000
181.993750 182.007639   743.453   47.131   1.614 0.000
182.038889 182.052778   656.323   41.610   1.449 0.000
182.129167 182.143056   604.942   38.350   1.311 0.000
182.174306 182.188194   711.691   45.116   1.536 0.000
182.264583 182.278472   739.823   46.901   1.609 0.000
182.309722 182.323611   733.162   46.481   1.611 0.000
182.427778 182.441667   640.107   40.582   1.407 0.000
182.445139 182.459028   652.665   41.378   1.435 0.000
182.535417 182.549306   713.291   45.223   1.579 0.000
182.580556 182.594444   779.360   49.416   1.755 0.000
182.670833 182.684722   794.820   50.398   1.802 0.000
182.715972 182.729861   812.827   51.540   1.843 0.000
182.806250 182.820139   816.894   51.778   1.708 0.000
182.851389 182.865278   811.396   51.429   1.696 0.000
182.969444 182.983333   837.387   53.041   1.456 0.000
182.986806 183.000694   848.735   53.760   1.475 0.000
183.077083 183.090972   836.292   52.967   1.410 0.000
183.122222 183.136111   820.549   51.972   1.402 0.000
183.709028 183.722917   749.697   47.498   1.407 0.000
183.754167 183.768056   773.947   49.036   1.460 0.000
183.844444 183.858333   883.646   55.992   1.719 0.000
183.889583 183.903472   915.525   58.041   2.001 0.000
183.979861 183.993750   906.141   57.444   1.962 0.000
184.052778 184.066667   887.331   56.292   2.203 0.000
184.167361 184.181250   838.332   53.179   2.051 0.000
184.257639 184.271528   792.120   50.250   1.950 0.000
184.302778 184.316667   801.351   50.839   1.996 0.000
184.393056 184.406944   710.403   45.070   1.775 0.000
184.438194 184.452083   669.552   42.492   1.759 0.000
184.528472 184.542361   673.185   42.732   1.821 0.000
184.573611 184.587500   683.290   43.386   1.923 0.000
184.663889 184.677778   709.607   45.058   2.003 0.000
184.709028 184.722917   727.697   46.206   2.052 0.000
184.799306 184.813194   718.159   45.601   2.025 0.000
184.844444 184.858333   696.564   44.228   1.959 0.000
184.934722 184.948611   716.765   45.520   2.065 0.000
184.979861 184.993750   816.704   51.872   2.380 0.000
185.070139 185.084028   811.609   51.548   2.365 0.000
185.115278 185.129167   825.060   52.416   2.479 0.000
185.205556 185.219444   910.082   57.818   2.735 0.000
185.250694 185.264583   917.990   58.318   2.744 0.000
185.340972 185.354861   912.028   57.939   2.726 0.000
185.386111 185.400000   856.065   54.383   2.553 0.000
185.477083 185.490972   709.929   45.099   2.118 0.000
185.522222 185.536111   637.563   40.503   1.908 0.000
185.612500 185.626389   683.841   43.443   2.046 0.000
185.657639 185.671528   668.335   42.460   2.012 0.000
185.747917 185.761806   612.955   38.942   1.845 0.000
185.793056 185.806944   598.856   38.055   1.846 0.000
185.883333 185.897222   562.328   35.733   1.734 0.000
185.928472 185.942361   547.792   34.789   1.577 0.000
186.018750 186.032639   560.128   35.572   1.612 0.000
186.063889 186.077778   579.884   36.794   1.476 0.000
186.154167 186.168056   505.078   32.047   1.286 0.000
186.199306 186.213194   533.445   33.851   1.384 0.000
186.289583 186.303472   543.120   34.465   1.409 0.000
186.334722 186.348611   547.250   34.728   1.421 0.000
186.425000 186.438889   592.119   37.575   1.537 0.000
186.470139 186.484028   605.469   38.409   1.492 0.000
186.560417 186.574306   647.307   41.063   1.595 0.000
186.605556 186.619444   654.211   41.468   1.381 0.000
186.695833 186.709722 99999.999 9999.999 999.999 0.999
186.740972 186.754861 99999.999 9999.999 999.999 0.999
186.831250 186.845139 99999.999 9999.999 999.999 0.999
186.876389 186.890278 99999.999 9999.999 999.999 0.999
186.966667 186.980556 99999.999 9999.999 999.999 0.999
187.011806 187.025694 99999.999 9999.999 999.999 0.999
187.102083 187.115972 99999.999 9999.999 999.999 0.999
