data/obs/c2h6/WDCGG/event/CV0001G.20161231235912.20180726000000.online_gc.ethane.air.1y.3261s.CV01L_Agilent_GC-FID_7890A_G3440A.CV01L_Manual_AIR_only.lev2.nas
70 1001
Punjabi, Shalini; Carpenter, Lucy
CV01L, National Institute of Meteorology and Geophysics, , , "Espargos, Ilha do Sal 76", , , , Cape Verde
Punjabi, Shalini
ACTRIS GAW-WDCRG
1 1
2017 01 01 2018 07 26
0
days from file reference point
5
1 1 1 1 1
999.999999 99999.99 9999.99 99.99 9.999
end_time of measurement, days from the file reference point
ethane, pmol/mol, Statistics=arithmetic mean, Detection limit=4.0 pmol/mol
ethane, pmol/mol, Statistics=expanded uncertainty 2sigma
ethane, pmol/mol, Statistics=precision
numflag, no unit
0
51
Data definition:              EBAS_1.1
Set type code:                TI
Timezone:                     UTC
File name:                    CV0001G.20161231235912.20180726000000.online_gc.ethane.air.1y.3261s.CV01L_Agilent_GC-FID_7890A_G3440A.CV01L_Manual_AIR_only.lev2.nas
File creation:                20190306184556
Startdate:                    20161231235912
Revision date:                20180726000000
Version:                      2
Version description:          second revision, manually inspected
Data level:                   2
Period code:                  1y
Resolution code:              3261s
Sample duration:              20mn
Orig. time res.:              3261s
Station code:                 CV0001G
Platform code:                CV0001S
Station name:                 Cape Verde Atmospheric Observatory
Station GAW-ID:               CVO
Station setting:              Coastal
Station GAW type:             R
Station WMO region:           1
Station latitude:             16.86403
Station longitude:            -24.86752
Station altitude:             10.0m
Measurement altitude:         10.0m
Measurement height:           10.0m
Regime:                       IMG
Component:                    ethane
Unit:                         pmol/mol
Matrix:                       air
Instrument type:              online_gc
Laboratory code:              CV01L
Instrument name:              Agilent_GC-FID_7890A_G3440A
Instrument manufacturer:      MARKES+MARKES+Agilent
Instrument model:             Air Server+UNITY2+7890A GC/FID
Instrument serial number:     CN12191070
Method ref:                   CV01L_Manual_AIR_only
Standard method:              None
Calibration scale:            NPL
Calibration standard ID:      Manufacturer NPL; Batch D386632
Inlet type:                   Hat or hood
Inlet description:            Downward facing with hood, 15m total length, insulated, 1m/s flow
Detection limit expl.:        Detection limit equals 3 times the precision
Measurement uncertainty expl.: expanded uncertainity 2 sigma and it includes reproducibility (precision) + systematic error
Zero/negative values code:    Zero/negative impossible
Originator:                   Punjabi, Shalini, shalini.punjabi@york.ac.uk, National Centre for Atmospheric Science, NCAS, Wolfson Atmospheric Chemistry Laboratories, Innovation Way, , YO10 5DQ, York, Great Britain
Originator:                   Carpenter, Lucy, lucy.carpenter@york.ac.uk, National Centre for Atmospheric Science, NCAS, Wolfson Atmospheric Chemistry Laboratories, , Innovation Way, YO10 5DQ, York, Great Britain
Submitter:                    Punjabi, Shalini, shalini.punjabi@york.ac.uk, National Centre for Atmospheric Science, NCAS, Wolfson Atmospheric Chemistry Laboratories, Innovation Way, , YO10 5DQ, York, Great Britain
Acknowledgement:              Request acknowledgement details from data originator
Comment:                      Preconcentration by commercial  MARKES unit, o3  removal by heated stainless steel lines , Sterling Coolers and condensing chilllers use for water removal , monthly calibration interval
starttime endtime C2H6 C2H6 C2H6 flag
[from data line 942]
 41.324236  41.338137  1261.61   51.05  4.61 0.000
 41.362002  41.375891  1236.77   50.06  4.55 0.000
 41.399745  41.413646  1244.23   50.36  4.57 0.000
 41.437500  41.451389  1234.53   49.97  4.54 0.000
 41.475255  41.489155  1201.42   48.64  4.46 0.000
 41.513021  41.526910  1160.06   46.98  4.35 0.000
 41.550775  41.564676  1138.75   46.13  4.29 0.000
 41.588553  41.602454  1120.25   45.39  4.25 0.000
 41.626354  41.640255  1108.97   44.94  4.22 0.000
 41.664190  41.678079  1076.97   43.65  4.13 0.000
 41.701979  41.715868  1056.11   42.82  4.08 0.000
 41.739792  41.753681  1028.94   41.73  4.01 0.000
 41.777604  41.791505  1031.41   41.83  4.02 0.000
 41.815405  41.829294  1053.35   42.71  4.07 0.000
 41.853183  41.867083  1071.74   43.44  4.12 0.000
 41.890961  41.904850  1108.06   44.90  4.21 0.000
 41.928750  41.942650  1085.81   44.01  4.16 0.000
 41.966516  41.980405  1091.85   44.25  4.17 0.000
 42.004282  42.018183  1078.16   43.70  4.14 0.000
 42.042187  42.056088  1099.65   44.56  4.19 0.000
 42.079954  42.093854  1156.37   46.84  4.34 0.000
 42.117697  42.131597  1241.44   50.24  4.56 0.000
 42.155486  42.169387  1269.50   51.37  4.63 0.000
 42.193252  42.207141  1329.89   53.79  4.79 0.000
 42.231019  42.244919  1371.09   55.44  4.90 0.000
 42.268773  42.282662  1387.42   56.10  4.94 0.000
 42.306551  42.320451  1402.02   56.68  4.98 0.000
 42.344317  42.358218  1402.47   56.70  4.98 0.000
 42.382072  42.395972  1352.21   54.68  4.85 0.000
 42.419803  42.433715  1327.49   53.69  4.78 0.000
 42.457581  42.471470  1323.31   53.53  4.77 0.000
 42.495347  42.509248  1328.91   53.75  4.79 0.000
 42.533125  42.547025  1424.09   57.57  5.04 0.000
 42.570914  42.584803  1460.53   59.03  5.13 0.000
 42.608727  42.622616  1510.66   61.04  5.26 0.000
 42.646516  42.660417  1521.90   61.49  5.29 0.000
 42.684340  42.698241  1532.34   61.91  5.32 0.000
 42.722176  42.736076  1559.44   62.99  5.39 0.000
 42.760035  42.773935  1603.91   64.78  5.50 0.000
 42.798241  42.812130  1636.66   66.09  5.59 0.000
 42.836562  42.850463  1674.93   67.63  5.69 0.000
 42.874919  42.888808  1700.38   68.65  5.75 0.000
 42.913287  42.927188  1709.59   69.02  5.78 0.000
 42.951690  42.965579  1708.96   68.99  5.78 0.000
 42.990104  43.004005  1687.94   68.15  5.72 0.000
 43.028461  43.042350  1681.45   67.89  5.71 0.000
 43.066910  43.080810  1658.02   66.95  5.64 0.000
 43.105324  43.119225  1680.66   67.86  5.70 0.000
 43.143750  43.157639  1630.46   65.84  5.57 0.000
 43.182164  43.196065  1643.81   66.38  5.61 0.000
 43.220590  43.234479  1645.06   66.43  5.61 0.000
 43.259016  43.272917  1638.30   66.16  5.59 0.000
 43.297442  43.311343  1645.78   66.46  5.61 0.000
 43.335868  43.349769  1607.84   64.94  5.51 0.000
 43.374282  43.388183  1561.38   63.07  5.39 0.000
 43.412755  43.426655  1519.47   61.39  5.28 0.000
 43.451146  43.465046  1545.88   62.45  5.35 0.000
 43.489572  43.503461  1576.74   63.69  5.43 0.000
 43.528009  43.541910  1641.25   66.28  5.60 0.000
 43.566551  43.580440  1552.76   62.73  5.37 0.000
 43.605000  43.618900  1491.70   60.28  5.21 0.000
 43.643495  43.657396  1477.17   59.70  5.17 0.000
 43.681956  43.695845  1457.75   58.92  5.12 0.000
 43.720463  43.734363  1417.55   57.30  5.02 0.000
 43.759039  43.772928  1402.14   56.69  4.98 0.000
 43.797569  43.811470  1365.70   55.23  4.88 0.000
 43.836007  43.849907  1367.07   55.28  4.89 0.000
 43.874410  43.888299  1356.27   54.85  4.86 0.000
 43.912824  43.926725  1390.18   56.21  4.95 0.000
 43.951215  43.965127  1380.84   55.83  4.92 0.000
 43.989688  44.003588  1380.90   55.84  4.92 0.000
 44.028148  44.042037  1377.44   55.70  4.91 0.000
 44.066597  44.080509  1350.38   54.61  4.84 0.000
 44.105069  44.118958  1348.79   54.55  4.84 0.000
 44.143437  44.157326  1362.31   55.09  4.88 0.000
 44.181852  44.195752  1345.21   54.40  4.83 0.000
 44.220266  44.234178  1350.87   54.63  4.85 0.000
 44.258715  44.272616  1356.10   54.84  4.86 0.000
 44.297118  44.311019  1327.98   53.71  4.79 0.000
 44.335521  44.349410  1352.14   54.68  4.85 0.000
 44.373970  44.387870  1370.73   55.43  4.90 0.000
 44.412361  44.426250  1370.70   55.43  4.90 0.000
 44.450775  44.464676  1330.47   53.81  4.79 0.000
 44.489132  44.503032  1330.48   53.81  4.79 0.000
 44.527569  44.541470  1327.16   53.68  4.78 0.000
 44.565984  44.579884  1333.12   53.92  4.80 0.000
 44.604444  44.618333  1306.70   52.86  4.73 0.000
 44.642986  44.656887  1307.93   52.91  4.73 0.000
 44.681655  44.695544  1321.62   53.46  4.77 0.000
 44.720324  44.734213  1328.81   53.75  4.79 0.000
 44.759005  44.772905  1294.84   52.38  4.70 0.000
 44.797708  44.811597  1276.69   51.66  4.65 0.000
 44.836053  44.849954  1292.98   52.31  4.70 0.000
 44.874468  44.888368  1302.02   52.67  4.72 0.000
 44.912847  44.926748  1321.33   53.45  4.77 0.000
 44.951238  44.965150  1297.46   52.49  4.71 0.000
 44.989676  45.003565  1298.99   52.55  4.71 0.000
 45.028079  45.041968  1276.37   51.64  4.65 0.000
 45.066493  45.080382  1276.89   51.67  4.65 0.000
 45.104931  45.118831  1261.64   51.05  4.61 0.000
 45.143414  45.157303  1197.28   48.47  4.45 0.000
 45.181875  45.195787  1205.43   48.80  4.47 0.000
 45.220324  45.234225  1163.73   47.13  4.36 0.000
 45.258831  45.272743  1165.26   47.19  4.36 0.000
 45.297187  45.311088  1203.58   48.73  4.46 0.000
 45.335567  45.349456  1203.80   48.74  4.46 0.000
 45.373993  45.387894  1161.63   47.05  4.35 0.000
 45.412326  45.426227  1136.17   46.03  4.29 0.000
 45.450671  45.464572  1132.16   45.86  4.28 0.000
 45.489120  45.503021  1112.83   45.09  4.23 0.000
 45.527569  45.541458  1097.49   44.48  4.19 0.000
 45.566215  45.580104  1096.85   44.45  4.19 0.000
 45.604907  45.618808  1078.69   43.72  4.14 0.000
 45.643437  45.657338  1075.83   43.61  4.13 0.000
 45.681748  45.695648  1076.10   43.62  4.13 0.000
 45.719977  45.733877  1082.08   43.86  4.15 0.000
 45.758160  45.772072  1108.06   44.90  4.21 0.000
 45.796424  45.810301  1109.99   44.98  4.22 0.000
 45.834688  45.848588  1161.76   47.05  4.35 0.000
 45.872836  45.886736  1152.36   46.67  4.33 0.000
 45.910995  45.924896  1167.22   47.27  4.37 0.000
 45.949225  45.963125  1167.87   47.30  4.37 0.000
 45.987477  46.001377  1153.18   46.71  4.33 0.000
 46.025810  46.039711  1150.00   46.58  4.32 0.000
 46.064178  46.078079  1140.59   46.20  4.30 0.000
 46.102523  46.116424  1187.40   48.08  4.42 0.000
 46.140891  46.154792  1191.44   48.24  4.43 0.000
 46.179294  46.193194  1208.84   48.94  4.48 0.000
 46.217720  46.231620  1201.74   48.65  4.46 0.000
 46.256088  46.269977  1223.95   49.54  4.52 0.000
 46.294421  46.308310  1242.59   50.29  4.56 0.000
 46.332801  46.346713  1331.05   53.84  4.79 0.000
 46.371227  46.385127  1368.78   55.35  4.89 0.000
 46.409572  46.423472  1357.62   54.90  4.86 0.000
 46.447963  46.461852  1325.68   53.62  4.78 0.000
 46.486377  46.500266  1319.36   53.37  4.76 0.000
 46.524757  46.538657  1352.04   54.68  4.85 0.000
 46.563148  46.577037  1347.66   54.50  4.84 0.000
 46.601667  46.615567  1345.16   54.40  4.83 0.000
 46.640162  46.654063  1342.40   54.29  4.82 0.000
 46.678692  46.692593  1378.10   55.72  4.92 0.000
 46.717431  46.731319  1427.87   57.72  5.05 0.000
 46.756447  46.770336  1415.73   57.23  5.01 0.000
 46.795752  46.809653  1412.49   57.10  5.01 0.000
 46.834468  46.848368  1395.62   56.43  4.96 0.000
 46.872813  46.886701  1405.41   56.82  4.99 0.000
 46.911389  46.925278  1415.05   57.20  5.01 0.000
 46.950023  46.963924  1450.14   58.61  5.10 0.000
 46.988611  47.002512  1478.38   59.74  5.18 0.000
 47.027199  47.041100  1437.39   58.10  5.07 0.000
 47.065764  47.079664  1446.41   58.46  5.09 0.000
 47.104363  47.118264  1469.23   59.38  5.15 0.000
 47.142928  47.156817  1503.65   60.76  5.24 0.000
 47.181505  47.195405  1508.53   60.95  5.26 0.000
 47.220035  47.233924  1499.82   60.60  5.23 0.000
 47.258519  47.272407  1503.89   60.77  5.24 0.000
 47.297025  47.310914  1516.18   61.26  5.28 0.000
 47.335498  47.349387  1518.58   61.36  5.28 0.000
 47.373970  47.387870  1405.67   56.83  4.99 0.000
 47.412454  47.426343  1417.60   57.31  5.02 0.000
 47.450972  47.464861  1492.51   60.31  5.21 0.000
 47.489456  47.503345  1429.90   57.80  5.05 0.000
 47.527986  47.541887  1453.77   58.76  5.11 0.000
 47.566644  47.580544  1428.09   57.73  5.05 0.000
 47.605498  47.619398  1418.85   57.36  5.02 0.000
 47.644456  47.658356  1384.27   55.97  4.93 0.000
 47.683252  47.697141  1355.70   54.82  4.86 0.000
 47.721667  47.735556  1430.30   57.82  5.05 0.000
 47.759919  47.773808  1467.84   59.32  5.15 0.000
 47.798484  47.812384  1498.45   60.55  5.23 0.000
 47.836794  47.850683  1502.64   60.72  5.24 0.000
 47.875023  47.888924  1491.46   60.27  5.21 0.000
 47.913287  47.927176  1457.35   58.90  5.12 0.000
 47.951470  47.965370  1467.48   59.31  5.15 0.000
 47.989653  48.003553  1451.73   58.67  5.11 0.000
 48.027836  48.041725  1433.93   57.96  5.06 0.000
 48.066285  48.080185  1421.59   57.47  5.03 0.000
 48.104583  48.118484  1422.46   57.50  5.03 0.000
 48.142789  48.156690  1394.66   56.39  4.96 0.000
 48.180984  48.194884  1395.26   56.41  4.96 0.000
 48.219201  48.233102  1408.85   56.96  5.00 0.000
 48.257373  48.271273  1407.48   56.90  4.99 0.000
 48.295810  48.309711  1376.43   55.66  4.91 0.000
 48.334132  48.348044  1320.42   53.41  4.77 0.000
 48.372338  48.386227  1277.90   51.71  4.66 0.000
 48.410521  48.424433  1266.79   51.26  4.63 0.000
 48.448715  48.462604  1268.11   51.31  4.63 0.000
 48.486898  48.500787  1230.34   49.80  4.53 0.000
 48.525150  48.539028  1191.44   48.24  4.43 0.000
 48.563368  48.577257  1204.52   48.76  4.47 0.000
 48.601620  48.615509  1199.64   48.57  4.45 0.000
 48.639873  48.653762  1203.58   48.73  4.46 0.000
 48.678148  48.692049  1166.98   47.26  4.37 0.000
 48.716424  48.730312  1177.63   47.69  4.40 0.000
 48.754722  48.768611  1196.99   48.46  4.45 0.000
 48.792998  48.806898  1218.42   49.32  4.50 0.000
 48.831262  48.845162  1249.61   50.57  4.58 0.000
 48.869491  48.883391  1274.63   51.57  4.65 0.000
 48.907720  48.921609  1307.89   52.91  4.73 0.000
 48.945914  48.959826  1377.88   55.71  4.92 0.000
 48.984120  48.998021  1422.82   57.52  5.03 0.000
 49.022280  49.036181  1487.94   60.13  5.20 0.000
 49.060637  49.074514  1533.61   61.96  5.32 0.000
 49.098796  49.112697  1567.79   63.33  5.41 0.000
 49.137257  49.151157  1610.63   65.05  5.52 0.000
 49.175625  49.189514  1649.75   66.62  5.62 0.000
 49.213854  49.227755  1668.41   67.36  5.67 0.000
 49.252072  49.265961  1657.92   66.94  5.64 0.000
 49.290266  49.304155  1655.64   66.85  5.64 0.000
 49.328715  49.342616  1660.00   67.03  5.65 0.000
 49.367072  49.380961  1661.02   67.07  5.65 0.000
 49.405301  49.419190  1687.29   68.12  5.72 0.000
 49.443530  49.457419  1768.55   71.38  5.93 0.000
 49.481713  49.495613  1689.29   68.20  5.73 0.000
 49.519977  49.533866  1590.89   64.26  5.47 0.000
 49.558241  49.572130  1553.88   62.77  5.37 0.000
 49.596516  49.610428  1479.02   59.77  5.18 0.000
 49.634838  49.648715  1433.90   57.96  5.06 0.000
 49.673125  49.687025  1422.96   57.52  5.03 0.000
 49.711412  49.725313  1455.72   58.83  5.12 0.000
 49.749711  49.763600  1437.87   58.12  5.07 0.000
 49.788021  49.801921  1448.53   58.55  5.10 0.000
 49.826308  49.840197  1452.88   58.72  5.11 0.000
 49.864606  49.878495  1441.07   58.25  5.08 0.000
 49.902859  49.916748  1424.05   57.56  5.04 0.000
 49.941088  49.954988  1371.64   55.46  4.90 0.000
 49.979317  49.993218  1337.44   54.09  4.81 0.000
 50.017535  50.031424  1329.06   53.76  4.79 0.000
 50.055718  50.069618  1319.48   53.37  4.76 0.000
 50.093924  50.107824  1311.00   53.03  4.74 0.000
 50.132211  50.146100  1322.39   53.49  4.77 0.000
 50.170428  50.184329  1334.77   53.99  4.80 0.000
 50.208611  50.222512  1357.12   54.88  4.86 0.000
 50.246887  50.260775  1351.80   54.67  4.85 0.000
 50.285093  50.298970  1316.04   53.23  4.76 0.000
 50.323287  50.337187  1312.65   53.10  4.75 0.000
 50.361528  50.375417  1323.76   53.54  4.78 0.000
 50.399711  50.413600  1341.53   54.26  4.82 0.000
 50.437975  50.451875  1349.09   54.56  4.84 0.000
 50.476192  50.490093  1336.10   54.04  4.81 0.000
 50.514456  50.528345  1362.86   55.11  4.88 0.000
 50.552720  50.566609  1369.12   55.36  4.89 0.000
 50.591030  50.604919  1354.16   54.76  4.85 0.000
 50.629363  50.643264  1349.40   54.57  4.84 0.000
 50.667708  50.681597  1339.46   54.17  4.82 0.000
 50.706088  50.719977  1310.54   53.01  4.74 0.000
 50.744433  50.758333  1309.63   52.98  4.74 0.000
 50.782766  50.796655  1316.45   53.25  4.76 0.000
 50.821076  50.834977  1314.55   53.17  4.75 0.000
 50.859329  50.873229  1313.95   53.15  4.75 0.000
 50.897581  50.911470  1347.64   54.50  4.84 0.000
 50.935799  50.949699  1357.36   54.89  4.86 0.000
 50.973981  50.987894  1366.37   55.25  4.89 0.000
 51.012234  51.026134  1379.87   55.79  4.92 0.000
 51.050475  51.064375  1361.93   55.07  4.87 0.000
 51.088657  51.102546  1356.20   54.84  4.86 0.000
 51.126898  51.140799  1364.21   55.17  4.88 0.000
 51.165127  51.179016  1354.88   54.79  4.86 0.000
 51.203345  51.217234  1333.35   53.93  4.80 0.000
 51.241597  51.255486  1333.79   53.95  4.80 0.000
 51.279780  51.293669  1341.72   54.26  4.82 0.000
 51.318032  51.331921  1320.22   53.40  4.77 0.000
 51.356262  51.370150  1337.25   54.09  4.81 0.000
 51.394479  51.408391  1347.21   54.48  4.84 0.000
 51.432708  51.446609  1367.14   55.28  4.89 0.000
 51.470926  51.484815  1370.66   55.42  4.90 0.000
 51.509167  51.523067  1357.40   54.89  4.86 0.000
 51.547465  51.561354  1349.15   54.56  4.84 0.000
 51.585764  51.599653  1349.44   54.57  4.84 0.000
 51.624086  51.637975  1379.99   55.80  4.92 0.000
 51.661701  51.675602  1358.46   54.94  4.87 0.000
 51.700116  51.714016  1406.34   56.85  4.99 0.000
 51.738484  51.752384  1431.12   57.85  5.05 0.000
 51.776840  51.790741  1430.23   57.81  5.05 0.000
 51.815231  51.829120  1453.75   58.76  5.11 0.000
 51.853576  51.867465  1448.19   58.53  5.10 0.000
 51.891875  51.905775  1454.52   58.79  5.12 0.000
 51.930150  51.944051  1421.42   57.46  5.03 0.000
 51.968380  51.982280  1408.94   56.96  5.00 0.000
 52.006713  52.020602  1398.26   56.53  4.97 0.000
 52.044965  52.058866  1397.69   56.51  4.97 0.000
 52.083206  52.097095  1400.26   56.61  4.97 0.000
 52.121458  52.135359  1388.50   56.14  4.94 0.000
 52.159676  52.173565  1391.75   56.27  4.95 0.000
 52.197905  52.211806  1366.78   55.27  4.89 0.000
 52.236134  52.250023  1380.28   55.81  4.92 0.000
 52.274363  52.288252  1411.11   57.05  5.00 0.000
 52.312604  52.326505  1428.83   57.76  5.05 0.000
 52.350822  52.364722  1438.88   58.16  5.07 0.000
 52.389109  52.402998  1470.63   59.43  5.16 0.000
 52.427338  52.441227  1528.64   61.76  5.31 0.000
 52.465579  52.479479  1507.04   60.89  5.25 0.000
 52.503900  52.517812  1501.20   60.66  5.24 0.000
 52.542211  52.556111  1491.72   60.28  5.21 0.000
 52.580532  52.594421  1489.81   60.20  5.21 0.000
 52.618854  52.632743  1488.47   60.15  5.20 0.000
 52.657176  52.671076  1503.24   60.74  5.24 0.000
 52.695509  52.709398  1480.54   59.83  5.18 0.000
 52.733877  52.747778  1451.53   58.67  5.11 0.000
 52.772211  52.786123  1439.96   58.20  5.08 0.000
 52.810556  52.824456  1442.03   58.29  5.08 0.000
 52.848900  52.862801  1465.53   59.23  5.14 0.000
 52.887211  52.901100  1445.04   58.41  5.09 0.000
 52.925486  52.939375  1428.35   57.74  5.05 0.000
 52.963762  52.977674  1423.08   57.53  5.03 0.000
 53.002060  53.015949  1444.52   58.39  5.09 0.000
 53.040289  53.054178  1414.69   57.19  5.01 0.000
 53.078623  53.092523  1400.67   56.63  4.98 0.000
 53.116875  53.130775  1403.68   56.75  4.98 0.000
 53.155174  53.169074  1420.00   57.40  5.03 0.000
 53.193380  53.207269  1434.82   58.00  5.06 0.000
 53.231609  53.245509  1431.16   57.85  5.05 0.000
