data/obs/c2h6/WDCGG/event/CV0001G.20161231235912.20180726000000.online_gc.ethane.air.1y.3261s.CV01L_Agilent_GC-FID_7890A_G3440A.CV01L_Manual_AIR_only.lev2.nas
70 1001
Punjabi, Shalini; Carpenter, Lucy
CV01L, National Institute of Meteorology and Geophysics, , , "Espargos, Ilha do Sal 76", , , , Cape Verde
Punjabi, Shalini
ACTRIS GAW-WDCRG
1 1
2017 01 01 2018 07 26
0
days from file reference point
5
1 1 1 1 1
999.999999 99999.99 9999.99 99.99 9.999
end_time of measurement, days from the file reference point
ethane, pmol/mol, Statistics=arithmetic mean, Detection limit=4.0 pmol/mol
ethane, pmol/mol, Statistics=expanded uncertainty 2sigma
ethane, pmol/mol, Statistics=precision
numflag, no unit
0
51
Data definition:              EBAS_1.1
Set type code:                TI
Timezone:                     UTC
File name:                    CV0001G.20161231235912.20180726000000.online_gc.ethane.air.1y.3261s.CV01L_Agilent_GC-FID_7890A_G3440A.CV01L_Manual_AIR_only.lev2.nas
File creation:                20190306184556
Startdate:                    20161231235912
Revision date:                20180726000000
Version:                      2
Version description:          second revision, manually inspected
Data level:                   2
Period code:                  1y
Resolution code:              3261s
Sample duration:              20mn
Orig. time res.:              3261s
Station code:                 CV0001G
Platform code:                CV0001S
Station name:                 Cape Verde Atmospheric Observatory
Station GAW-ID:               CVO
Station setting:              Coastal
Station GAW type:             R
Station WMO region:           1
Station latitude:             16.86403
Station longitude:            -24.86752
Station altitude:             10.0m
Measurement altitude:         10.0m
Measurement height:           10.0m
Regime:                       IMG
Component:                    ethane
Unit:                         pmol/mol
Matrix:                       air
Instrument type:              online_gc
Laboratory code:              CV01L
Instrument name:              Agilent_GC-FID_7890A_G3440A
Instrument manufacturer:      MARKES+MARKES+Agilent
Instrument model:             Air Server+UNITY2+7890A GC/FID
Instrument serial number:     CN12191070
Method ref:                   CV01L_Manual_AIR_only
Standard method:              None
Calibration scale:            NPL
Calibration standard ID:      Manufacturer NPL; Batch D386632
Inlet type:                   Hat or hood
Inlet description:            Downward facing with hood, 15m total length, insulated, 1m/s flow
Detection limit expl.:        Detection limit equals 3 times the precision
Measurement uncertainty expl.: expanded uncertainity 2 sigma and it includes reproducibility (precision) + systematic error
Zero/negative values code:    Zero/negative impossible
Originator:                   Punjabi, Shalini, shalini.punjabi@york.ac.uk, National Centre for Atmospheric Science, NCAS, Wolfson Atmospheric Chemistry Laboratories, Innovation Way, , YO10 5DQ, York, Great Britain
Originator:                   Carpenter, Lucy, lucy.carpenter@york.ac.uk, National Centre for Atmospheric Science, NCAS, Wolfson Atmospheric Chemistry Laboratories, , Innovation Way, YO10 5DQ, York, Great Britain
Submitter:                    Punjabi, Shalini, shalini.punjabi@york.ac.uk, National Centre for Atmospheric Science, NCAS, Wolfson Atmospheric Chemistry Laboratories, Innovation Way, , YO10 5DQ, York, Great Britain
Acknowledgement:              Request acknowledgement details from data originator
Comment:                      Preconcentration by commercial  MARKES unit, o3  removal by heated stainless steel lines , Sterling Coolers and condensing chilllers use for water removal , monthly calibration interval
starttime endtime C2H6 C2H6 C2H6 flag
[from data line 6902]
282.175625 282.189525   472.50   19.49  2.56 0.000
282.206771 282.220660   480.16   19.80  2.58 0.000
282.237905 282.251817   476.12   19.63  2.57 0.000
282.269039 282.282951   487.64   20.09  2.60 0.000
282.300150 282.314051   498.62   20.53  2.63 0.000
282.331227 282.345116   511.69   21.05  2.66 0.000
282.362373 282.376273   504.69   20.77  2.65 0.000
282.393484 282.407384   504.54   20.77  2.65 0.000
282.424560 282.438461   506.78   20.85  2.65 0.000
282.455671 282.469572   508.07   20.91  2.65 0.000
282.486736 282.500637   502.19   20.67  2.64 0.000
282.517986 282.531875   494.86   20.38  2.62 0.000
282.549213 282.563102   501.96   20.66  2.64 0.000
282.580463 282.594352   492.84   20.30  2.61 0.000
282.611782 282.625694   495.30   20.40  2.62 0.000
282.643102 282.657002   491.33   20.24  2.61 0.000
282.674502 282.688391   482.02   19.87  2.59 0.000
282.705856 282.719757   487.88   20.10  2.60 0.000
282.737222 282.751111   469.58   19.38  2.55 0.000
282.768588 282.782488   472.83   19.50  2.56 0.000
282.799907 282.813808   490.44   20.20  2.61 0.000
282.831146 282.845046   496.69   20.45  2.62 0.000
282.862373 282.876262   505.67   20.81  2.65 0.000
282.893461 282.907361   511.10   21.03  2.66 0.000
282.924688 282.938588   501.21   20.63  2.64 0.000
282.955810 282.969699   517.76   21.29  2.68 0.000
282.986921 283.000822   527.14   21.67  2.70 0.000
283.018056 283.031956   530.10   21.78  2.71 0.000
283.049201 283.063090   543.60   22.32  2.75 0.000
283.080312 283.094201   542.73   22.29  2.74 0.000
283.111424 283.125313   546.37   22.43  2.75 0.000
283.142558 283.156447   542.33   22.27  2.74 0.000
283.173681 283.187569   545.10   22.38  2.75 0.000
283.204803 283.218692   544.94   22.38  2.75 0.000
283.235926 283.249803   545.15   22.38  2.75 0.000
283.267025 283.280914   548.53   22.52  2.76 0.000
283.298148 283.312049   546.77   22.45  2.75 0.000
283.329167 283.343067   545.43   22.39  2.75 0.000
283.360336 283.374236   554.69   22.76  2.78 0.000
283.391424 283.405324   561.51   23.04  2.79 0.000
283.422558 283.436447   574.28   23.54  2.83 0.000
283.453715 283.467616   583.26   23.90  2.85 0.000
283.484861 283.498762   580.91   23.81  2.84 0.000
283.516053 283.529954   591.74   24.24  2.87 0.000
283.547269 283.561157   602.49   24.67  2.90 0.000
283.578530 283.592431   587.82   24.09  2.86 0.000
283.609861 283.623750   583.47   23.91  2.85 0.000
283.641146 283.655035   565.86   23.21  2.80 0.000
283.672431 283.686319   565.39   23.19  2.80 0.000
283.703750 283.717650   556.39   22.83  2.78 0.000
283.735023 283.748935   536.75   22.05  2.73 0.000
283.766366 283.780255   541.50   22.24  2.74 0.000
283.797697 283.811586   537.41   22.08  2.73 0.000
283.829051 283.842940   519.00   21.34  2.68 0.000
283.860417 283.874306   523.87   21.54  2.70 0.000
283.891759 283.905648   533.46   21.92  2.72 0.000
283.923009 283.936910   538.92   22.14  2.73 0.000
283.954236 283.968125   539.01   22.14  2.73 0.000
283.985313 283.999201   546.16   22.42  2.75 0.000
284.016539 284.030440   545.83   22.41  2.75 0.000
284.047674 284.061562   553.28   22.71  2.77 0.000
284.078773 284.092674   548.42   22.51  2.76 0.000
284.109896 284.123796   549.80   22.57  2.76 0.000
284.141019 284.154907   536.99   22.06  2.73 0.000
284.172153 284.186053   534.71   21.97  2.72 0.000
284.203275 284.217176   538.59   22.12  2.73 0.000
284.234387 284.248287   529.72   21.77  2.71 0.000
284.265428 284.279329   525.08   21.58  2.70 0.000
284.296609 284.310509   530.66   21.81  2.71 0.000
284.327720 284.341620   526.48   21.64  2.70 0.000
284.358866 284.372755   524.67   21.57  2.70 0.000
284.389988 284.403866   509.99   20.98  2.66 0.000
284.421134 284.435035   503.96   20.74  2.64 0.000
284.452350 284.466250   488.60   20.13  2.60 0.000
284.483576 284.497465   494.45   20.36  2.62 0.000
284.514815 284.528704   481.60   19.85  2.59 0.000
284.546053 284.559942   487.50   20.09  2.60 0.000
284.833889 284.847789 99999.99 9999.99 99.99 0.999
284.865208 284.879109   411.98   17.09  2.40 0.000
284.896435 284.910336   411.32   17.06  2.40 0.000
284.927639 284.941539   406.13   16.86  2.39 0.000
284.958738 284.972650   407.16   16.90  2.39 0.000
284.989965 285.003866   408.88   16.96  2.40 0.000
285.021123 285.035023   410.95   17.05  2.40 0.000
285.052245 285.066146   412.73   17.12  2.41 0.000
285.083368 285.097269   416.54   17.27  2.42 0.000
285.114491 285.128391   422.30   17.50  2.43 0.000
285.145567 285.159468   430.65   17.83  2.45 0.000
285.176632 285.190532   436.50   18.06  2.47 0.000
285.207766 285.221667   442.70   18.31  2.48 0.000
285.238900 285.252801   445.98   18.44  2.49 0.000
285.270046 285.283935   457.71   18.90  2.52 0.000
285.301192 285.315081   458.76   18.94  2.53 0.000
285.332315 285.346204   454.94   18.79  2.52 0.000
285.363391 285.377292   461.61   19.06  2.53 0.000
285.394618 285.408519   463.94   19.15  2.54 0.000
285.425799 285.439687   466.29   19.24  2.55 0.000
285.456979 285.470880   466.69   19.26  2.55 0.000
285.488229 285.502118   455.59   18.82  2.52 0.000
285.519456 285.533356   455.40   18.81  2.52 0.000
285.550660 285.564560   445.09   18.40  2.49 0.000
285.582049 285.595949   437.77   18.11  2.47 0.000
285.613472 285.627361   438.08   18.12  2.47 0.000
285.644919 285.658808   437.19   18.09  2.47 0.000
285.676458 285.690625   437.13   18.09  2.47 0.000
285.707708 285.721609   439.32   18.17  2.48 0.000
285.738507 285.752396   442.40   18.29  2.48 0.000
285.769213 285.783113   439.68   18.19  2.48 0.000
285.803808 285.817697   430.08   17.81  2.45 0.000
285.831609 285.845509   436.08   18.04  2.47 0.000
285.862106 285.876007   429.51   17.78  2.45 0.000
285.892569 285.906458 99999.99 9999.99 99.99 0.999
288.571146 288.585035 99999.99 9999.99 99.99 0.999
289.714954 289.728854 99999.99 9999.99 99.99 0.999
289.742778 289.756678 99999.99 9999.99 99.99 0.999
289.773750 289.787650 99999.99 9999.99 99.99 0.999
289.804711 289.818611 99999.99 9999.99 99.99 0.999
289.835822 289.849722 99999.99 9999.99 99.99 0.999
289.867014 289.880914   919.72   37.36  3.72 0.000
289.898252 289.912153   934.84   37.96  3.76 0.000
289.929421 289.943322   961.88   39.04  3.83 0.000
289.960556 289.974456   942.49   38.27  3.78 0.000
289.991678 290.005579   922.31   37.46  3.73 0.000
290.022766 290.036667   910.14   36.97  3.70 0.000
290.053877 290.067766   891.35   36.22  3.65 0.000
290.085023 290.098924   871.17   35.41  3.60 0.000
290.116157 290.130046   863.38   35.10  3.58 0.000
290.147257 290.161146   853.96   34.72  3.55 0.000
290.178380 290.192280   870.23   35.37  3.60 0.000
290.209502 290.223391   873.03   35.49  3.60 0.000
290.240486 290.254375   881.07   35.81  3.62 0.000
290.271597 290.285486   917.46   37.26  3.72 0.000
290.302662 290.316562   953.04   38.69  3.81 0.000
290.333704 290.347593   983.30   39.90  3.89 0.000
290.364664 290.378553   990.66   40.20  3.91 0.000
290.395810 290.409711   992.51   40.27  3.91 0.000
290.426921 290.440810  1007.97   40.89  3.95 0.000
290.458090 290.471979  1029.10   41.74  4.01 0.000
290.489178 290.503079  1020.59   41.39  3.99 0.000
290.520301 290.534190  1028.31   41.70  4.01 0.000
290.551435 290.565336  1021.73   41.44  3.99 0.000
290.582627 290.596516   988.38   40.10  3.90 0.000
290.613762 290.627662   963.48   39.11  3.84 0.000
290.644896 290.658796   929.95   37.76  3.75 0.000
290.676076 290.689965   883.02   35.89  3.63 0.000
290.707130 290.721042   866.09   35.21  3.59 0.000
290.738206 290.752106   876.63   35.63  3.61 0.000
290.769178 290.783067   887.26   36.06  3.64 0.000
290.800289 290.814178   890.93   36.20  3.65 0.000
290.831250 290.845150   872.77   35.48  3.60 0.000
290.862222 290.876123   854.90   34.76  3.56 0.000
290.893171 290.907072   857.35   34.86  3.56 0.000
290.924074 290.937975   864.21   35.13  3.58 0.000
290.954931 290.968831   883.00   35.89  3.63 0.000
290.985810 290.999711   948.52   38.51  3.80 0.000
291.016667 291.030567   968.60   39.31  3.85 0.000
291.047512 291.061400   991.01   40.21  3.91 0.000
291.078356 291.092234   979.74   39.76  3.88 0.000
291.109201 291.123102   984.83   39.96  3.89 0.000
291.140035 291.153924   984.87   39.96  3.89 0.000
291.170856 291.184745  1000.98   40.61  3.94 0.000
291.201678 291.215556  1007.57   40.87  3.95 0.000
291.232477 291.246366   997.05   40.45  3.93 0.000
291.263264 291.277164   978.12   39.69  3.88 0.000
291.294086 291.307986   961.08   39.01  3.83 0.000
291.324873 291.338773   957.69   38.88  3.82 0.000
291.355671 291.369572   964.75   39.16  3.84 0.000
291.386470 291.400370   964.07   39.13  3.84 0.000
291.417199 291.431100   989.41   40.15  3.91 0.000
291.448079 291.461979  1002.95   40.69  3.94 0.000
291.478889 291.492801  1008.92   40.93  3.96 0.000
291.509641 291.523542   998.86   40.52  3.93 0.000
291.540544 291.554444   996.58   40.43  3.92 0.000
291.571435 291.585324  1007.34   40.86  3.95 0.000
291.602546 291.616435  1005.70   40.80  3.95 0.000
291.633681 291.647569  1001.00   40.61  3.94 0.000
291.664792 291.678681   984.97   39.97  3.89 0.000
291.695880 291.709780   965.24   39.18  3.84 0.000
291.726991 291.740891   963.22   39.10  3.84 0.000
291.758113 291.772002   961.35   39.02  3.83 0.000
291.789201 291.803102   960.35   38.98  3.83 0.000
291.820301 291.834201   971.31   39.42  3.86 0.000
291.851319 291.865220   974.76   39.56  3.87 0.000
291.882303 291.896204   977.70   39.68  3.88 0.000
291.913287 291.927188   980.80   39.80  3.88 0.000
291.944248 291.958137   985.74   40.00  3.90 0.000
291.975139 291.989028   978.45   39.71  3.88 0.000
292.006169 292.020058   982.90   39.88  3.89 0.000
292.037118 292.051019   974.69   39.56  3.87 0.000
292.068067 292.081956   972.98   39.49  3.86 0.000
292.098993 292.112882   962.68   39.08  3.84 0.000
292.129919 292.143819   976.48   39.63  3.87 0.000
292.160833 292.174734  1015.01   41.17  3.97 0.000
292.191748 292.205637  1024.51   41.55  4.00 0.000
292.222662 292.236562  1021.31   41.42  3.99 0.000
292.253565 292.267454  1043.05   42.29  4.05 0.000
292.284479 292.298380  1076.42   43.63  4.13 0.000
292.315359 292.329259  1078.59   43.72  4.14 0.000
292.346262 292.360162  1067.89   43.29  4.11 0.000
292.377095 292.390995  1085.44   43.99  4.16 0.000
292.408044 292.421944  1063.82   43.13  4.10 0.000
292.438947 292.452847  1077.86   43.69  4.14 0.000
292.469873 292.483773  1074.50   43.55  4.13 0.000
292.500718 292.514606  1052.54   42.67  4.07 0.000
292.531713 292.545613  1039.02   42.13  4.03 0.000
292.562650 292.576539  1026.41   41.63  4.00 0.000
292.593669 292.607569  1000.22   40.58  3.93 0.000
292.624676 292.638576   936.70   38.03  3.77 0.000
292.655741 292.669630   881.71   35.83  3.63 0.000
292.686852 292.700752   868.49   35.30  3.59 0.000
292.717998 292.731898   853.94   34.72  3.55 0.000
292.749062 292.762963   863.46   35.10  3.58 0.000
292.780208 292.794097   860.65   34.99  3.57 0.000
292.811319 292.825220   856.36   34.82  3.56 0.000
292.842419 292.856308   839.67   34.15  3.52 0.000
292.873472 292.887361   853.44   34.70  3.55 0.000
292.904479 292.918380   866.49   35.22  3.59 0.000
292.935486 292.949387   860.12   34.97  3.57 0.000
292.966458 292.980370   860.17   34.97  3.57 0.000
292.997419 293.011308   866.77   35.24  3.59 0.000
293.028368 293.042257   867.50   35.26  3.59 0.000
293.059306 293.073206   877.26   35.66  3.61 0.000
293.090231 293.104120   882.27   35.86  3.63 0.000
293.121134 293.135046   857.04   34.85  3.56 0.000
293.152072 293.165961   850.22   34.57  3.54 0.000
293.182963 293.196863   860.15   34.97  3.57 0.000
293.213854 293.227743   867.19   35.25  3.59 0.000
293.244711 293.258611   865.84   35.20  3.58 0.000
293.275602 293.289502   856.43   34.82  3.56 0.000
293.306481 293.320382   849.47   34.54  3.54 0.000
293.337373 293.351262   852.36   34.66  3.55 0.000
293.368229 293.382130   843.52   34.31  3.53 0.000
293.399097 293.412986   829.33   33.74  3.49 0.000
293.430012 293.443912   819.92   33.36  3.47 0.000
293.460914 293.474815   817.71   33.27  3.46 0.000
293.491829 293.505729   796.29   32.42  3.40 0.000
293.522743 293.536655   766.50   31.22  3.33 0.000
293.553727 293.567627   742.50   30.26  3.26 0.000
293.584687 293.598588   739.18   30.13  3.26 0.000
293.615729 293.629641   728.13   29.69  3.23 0.000
293.646771 293.660660   734.12   29.93  3.24 0.000
293.677836 293.691736   738.83   30.12  3.25 0.000
293.708889 293.722789   739.07   30.13  3.25 0.000
293.739931 293.753819   750.53   30.58  3.28 0.000
293.770914 293.784815   747.91   30.48  3.28 0.000
293.801944 293.815845   746.87   30.44  3.28 0.000
293.832928 293.846829   750.82   30.60  3.29 0.000
293.863900 293.877789   749.73   30.55  3.28 0.000
293.894838 293.908738   745.84   30.40  3.27 0.000
293.925787 293.939687   757.21   30.85  3.30 0.000
293.956655 293.970544   769.62   31.35  3.33 0.000
293.987639 294.001539   771.23   31.41  3.34 0.000
294.018588 294.032477   787.29   32.06  3.38 0.000
294.049664 294.063553   797.58   32.47  3.41 0.000
294.080509 294.094410   813.60   33.11  3.45 0.000
294.111470 294.125370   818.93   33.32  3.46 0.000
294.142396 294.156285   847.26   34.45  3.54 0.000
294.173299 294.187187   856.58   34.83  3.56 0.000
294.204190 294.218090   851.94   34.64  3.55 0.000
294.235000 294.248889   858.41   34.90  3.57 0.000
294.265891 294.279803   859.02   34.93  3.57 0.000
294.296829 294.310729   858.41   34.90  3.57 0.000
294.327731 294.341620   863.11   35.09  3.58 0.000
294.358611 294.372512   884.39   35.94  3.63 0.000
294.389479 294.403380   880.95   35.80  3.62 0.000
294.420359 294.434259   865.20   35.17  3.58 0.000
294.451285 294.465185   868.21   35.29  3.59 0.000
294.482176 294.496065   866.63   35.23  3.59 0.000
294.513102 294.527002   853.37   34.70  3.55 0.000
294.544062 294.557963   853.19   34.69  3.55 0.000
294.575069 294.588958   840.05   34.17  3.52 0.000
294.606100 294.619977   834.82   33.96  3.50 0.000
294.637118 294.651030   822.06   33.45  3.47 0.000
294.668183 294.682083   816.46   33.22  3.46 0.000
294.699259 294.713160   812.63   33.07  3.45 0.000
294.730301 294.744201   803.23   32.69  3.42 0.000
294.761377 294.775278   798.08   32.49  3.41 0.000
294.792419 294.806319   805.18   32.77  3.43 0.000
294.823356 294.837245   802.94   32.68  3.42 0.000
294.854329 294.868229   792.32   32.26  3.39 0.000
294.885382 294.899282   788.84   32.12  3.38 0.000
294.916273 294.930162   777.63   31.67  3.36 0.000
294.947269 294.961169   748.66   30.51  3.28 0.000
294.978183 294.992072   744.05   30.33  3.27 0.000
295.009097 295.022998   755.34   30.78  3.30 0.000
295.040012 295.053900   769.01   31.32  3.33 0.000
295.070914 295.084815   765.26   31.17  3.32 0.000
295.101794 295.115683   770.07   31.37  3.34 0.000
295.132685 295.146574   756.63   30.83  3.30 0.000
295.163565 295.177477   733.89   29.92  3.24 0.000
295.194375 295.208287   736.39   30.02  3.25 0.000
295.225324 295.239225   759.22   30.93  3.31 0.000
295.256204 295.270104   761.10   31.01  3.31 0.000
295.287049 295.300937   755.52   30.78  3.30 0.000
295.317940 295.331829   754.86   30.76  3.30 0.000
295.348796 295.362697   749.97   30.56  3.28 0.000
295.379664 295.393565   750.87   30.60  3.29 0.000
295.410463 295.424352   759.07   30.93  3.31 0.000
295.441424 295.455312   745.37   30.38  3.27 0.000
295.472280 295.486181   752.26   30.65  3.29 0.000
295.503218 295.517118   741.16   30.21  3.26 0.000
295.534074 295.547986   723.90   29.52  3.22 0.000
295.565185 295.579063   709.75   28.95  3.18 0.000
295.596192 295.610081   704.60   28.75  3.17 0.000
295.627431 295.641319   703.80   28.72  3.16 0.000
295.658576 295.672477   700.26   28.58  3.15 0.000
295.689769 295.703669   699.92   28.56  3.15 0.000
295.720926 295.734826   709.94   28.96  3.18 0.000
295.752060 295.765961   692.26   28.26  3.13 0.000
295.783148 295.797060   694.84   28.36  3.14 0.000
295.814225 295.828125   681.63   27.83  3.11 0.000
295.845301 295.859201   681.58   27.83  3.11 0.000
295.876227 295.890127   677.11   27.65  3.09 0.000
