data/obs/c2h6/WDCGG/event/CV0001G.20161231235912.20180726000000.online_gc.ethane.air.1y.3261s.CV01L_Agilent_GC-FID_7890A_G3440A.CV01L_Manual_AIR_only.lev2.nas
70 1001
Punjabi, Shalini; Carpenter, Lucy
CV01L, National Institute of Meteorology and Geophysics, , , "Espargos, Ilha do Sal 76", , , , Cape Verde
Punjabi, Shalini
ACTRIS GAW-WDCRG
1 1
2017 01 01 2018 07 26
0
days from file reference point
5
1 1 1 1 1
999.999999 99999.99 9999.99 99.99 9.999
end_time of measurement, days from the file reference point
ethane, pmol/mol, Statistics=arithmetic mean, Detection limit=4.0 pmol/mol
ethane, pmol/mol, Statistics=expanded uncertainty 2sigma
ethane, pmol/mol, Statistics=precision
numflag, no unit
0
51
Data definition:              EBAS_1.1
Set type code:                TI
Timezone:                     UTC
File name:                    CV0001G.20161231235912.20180726000000.online_gc.ethane.air.1y.3261s.CV01L_Agilent_GC-FID_7890A_G3440A.CV01L_Manual_AIR_only.lev2.nas
File creation:                20190306184556
Startdate:                    20161231235912
Revision date:                20180726000000
Version:                      2
Version description:          second revision, manually inspected
Data level:                   2
Period code:                  1y
Resolution code:              3261s
Sample duration:              20mn
Orig. time res.:              3261s
Station code:                 CV0001G
Platform code:                CV0001S
Station name:                 Cape Verde Atmospheric Observatory
Station GAW-ID:               CVO
Station setting:              Coastal
Station GAW type:             R
Station WMO region:           1
Station latitude:             16.86403
Station longitude:            -24.86752
Station altitude:             10.0m
Measurement altitude:         10.0m
Measurement height:           10.0m
Regime:                       IMG
Component:                    ethane
Unit:                         pmol/mol
Matrix:                       air
Instrument type:              online_gc
Laboratory code:              CV01L
Instrument name:              Agilent_GC-FID_7890A_G3440A
Instrument manufacturer:      MARKES+MARKES+Agilent
Instrument model:             Air Server+UNITY2+7890A GC/FID
Instrument serial number:     CN12191070
Method ref:                   CV01L_Manual_AIR_only
Standard method:              None
Calibration scale:            NPL
Calibration standard ID:      Manufacturer NPL; Batch D386632
Inlet type:                   Hat or hood
Inlet description:            Downward facing with hood, 15m total length, insulated, 1m/s flow
Detection limit expl.:        Detection limit equals 3 times the precision
Measurement uncertainty expl.: expanded uncertainity 2 sigma and it includes reproducibility (precision) + systematic error
Zero/negative values code:    Zero/negative impossible
Originator:                   Punjabi, Shalini, shalini.punjabi@york.ac.uk, National Centre for Atmospheric Science, NCAS, Wolfson Atmospheric Chemistry Laboratories, Innovation Way, , YO10 5DQ, York, Great Britain
Originator:                   Carpenter, Lucy, lucy.carpenter@york.ac.uk, National Centre for Atmospheric Science, NCAS, Wolfson Atmospheric Chemistry Laboratories, , Innovation Way, YO10 5DQ, York, Great Britain
Submitter:                    Punjabi, Shalini, shalini.punjabi@york.ac.uk, National Centre for Atmospheric Science, NCAS, Wolfson Atmospheric Chemistry Laboratories, Innovation Way, , YO10 5DQ, York, Great Britain
Acknowledgement:              Request acknowledgement details from data originator
Comment:                      Preconcentration by commercial  MARKES unit, o3  removal by heated stainless steel lines , Sterling Coolers and condensing chilllers use for water removal , monthly calibration interval
starttime endtime C2H6 C2H6 C2H6 flag
[from data line 5334]
229.173160 229.187060   371.15   15.47  2.30 0.000
229.204109 229.218009   401.17   16.66  2.38 0.000
229.235058 229.248970   389.25   16.19  2.35 0.000
229.265995 229.279884   360.31   15.04  2.27 0.000
229.297025 229.310926   353.87   14.79  2.25 0.000
229.327940 229.341840   352.11   14.72  2.25 0.000
229.358970 229.372859   348.54   14.58  2.24 0.000
229.389942 229.403831   347.94   14.55  2.24 0.000
229.420891 229.434792   351.47   14.69  2.25 0.000
229.451875 229.465775   343.57   14.38  2.23 0.000
229.482836 229.496725   339.08   14.20  2.21 0.000
229.514005 229.527905   338.17   14.17  2.21 0.000
229.545116 229.559016   318.61   13.40  2.16 0.000
229.576285 229.590185   310.03   13.06  2.14 0.000
229.607500 229.621400   311.04   13.10  2.14 0.000
229.638727 229.652616   305.68   12.89  2.13 0.000
229.669977 229.683877   304.50   12.84  2.13 0.000
229.701273 229.715174   292.33   12.37  2.09 0.000
229.732512 229.746412   276.58   11.75  2.05 0.000
229.763657 229.777546   279.77   11.87  2.06 0.000
229.794838 229.808727   292.28   12.36  2.09 0.000
229.826030 229.839919   298.18   12.59  2.11 0.000
229.857245 229.871146   311.23   13.11  2.14 0.000
229.888356 229.902269   339.32   14.21  2.22 0.000
229.919468 229.933368   332.74   13.95  2.20 0.000
229.950486 229.964387   343.62   14.38  2.23 0.000
229.981470 229.995382   303.61   12.81  2.12 0.000
230.012442 230.026343   349.43   14.61  2.24 0.000
230.043368 230.057257   377.91   15.74  2.32 0.000
230.074340 230.088229   371.39   15.48  2.30 0.000
230.105243 230.119144   384.50   16.00  2.33 0.000
230.136157 230.150058   395.39   16.43  2.36 0.000
230.167130 230.181030   395.93   16.45  2.36 0.000
230.198021 230.211921   399.24   16.58  2.37 0.000
230.228958 230.242859   412.57   17.11  2.41 0.000
230.259861 230.273762   425.13   17.61  2.44 0.000
230.290764 230.304664   437.37   18.10  2.47 0.000
230.321655 230.335556   433.14   17.93  2.46 0.000
230.352604 230.366505   428.26   17.73  2.45 0.000
230.383519 230.397419   422.16   17.49  2.43 0.000
230.414502 230.428391   412.69   17.12  2.41 0.000
230.445405 230.459294   400.34   16.63  2.37 0.000
230.476366 230.490266   409.56   16.99  2.40 0.000
230.507234 230.521123   412.21   17.10  2.41 0.000
230.538264 230.552153   415.75   17.24  2.41 0.000
230.569294 230.583194   429.76   17.79  2.45 0.000
230.600289 230.614190   425.67   17.63  2.44 0.000
230.631308 230.645197   409.80   17.00  2.40 0.000
230.662269 230.676181   420.92   17.44  2.43 0.000
230.693380 230.707269   416.87   17.28  2.42 0.000
230.724398 230.738287   407.35   16.90  2.39 0.000
230.755347 230.769236   407.28   16.90  2.39 0.000
230.786400 230.800301   416.07   17.25  2.42 0.000
230.817361 230.831262   428.58   17.75  2.45 0.000
230.848322 230.862222   444.80   18.39  2.49 0.000
230.879306 230.893194   479.48   19.77  2.58 0.000
230.910266 230.924155   484.46   19.97  2.59 0.000
230.941123 230.955023   491.83   20.26  2.61 0.000
230.972130 230.986019   480.13   19.79  2.58 0.000
231.003067 231.016956   470.03   19.39  2.56 0.000
231.033993 231.048067   459.19   18.96  2.53 0.000
231.065150 231.079051   467.37   19.29  2.55 0.000
231.096123 231.110012   461.07   19.04  2.53 0.000
231.127049 231.140938   460.48   19.01  2.53 0.000
231.157975 231.171863   459.40   18.97  2.53 0.000
231.188924 231.202824   459.52   18.97  2.53 0.000
231.219873 231.233773   463.73   19.14  2.54 0.000
231.250810 231.264711   468.97   19.35  2.55 0.000
231.281806 231.295694   485.33   20.00  2.60 0.000
231.312743 231.326632   480.29   19.80  2.58 0.000
231.343669 231.357581   478.07   19.71  2.58 0.000
231.374595 231.388484   480.21   19.80  2.58 0.000
231.405556 231.419444   477.50   19.69  2.57 0.000
231.436539 231.450440   483.03   19.91  2.59 0.000
231.467488 231.481389   471.11   19.44  2.56 0.000
231.498519 231.512407   470.05   19.39  2.56 0.000
231.529468 231.543368   461.07   19.04  2.53 0.000
231.560498 231.574398   449.95   18.59  2.50 0.000
231.591516 231.605417   445.34   18.41  2.49 0.000
231.622558 231.636447   443.23   18.33  2.49 0.000
231.653623 231.667512   454.77   18.79  2.52 0.000
231.684711 231.698611   446.32   18.45  2.49 0.000
231.715822 231.729722   437.73   18.11  2.47 0.000
231.746933 231.760822   433.54   17.94  2.46 0.000
231.778056 231.791944   430.58   17.83  2.45 0.000
231.809132 231.823032   423.76   17.55  2.44 0.000
231.840231 231.854120   416.45   17.26  2.42 0.000
231.871169 231.885069   409.14   16.97  2.40 0.000
231.902269 231.916157   411.07   17.05  2.40 0.000
231.933206 231.947095   407.71   16.92  2.39 0.000
231.964248 231.978148   402.60   16.72  2.38 0.000
231.995231 232.009120   403.66   16.76  2.38 0.000
232.026204 232.040104   408.36   16.94  2.40 0.000
232.057176 232.071076   403.31   16.74  2.38 0.000
232.088067 232.101968   401.36   16.67  2.38 0.000
232.119178 232.133079   394.66   16.40  2.36 0.000
232.150162 232.164051   401.10   16.66  2.38 0.000
232.181076 232.194977   403.78   16.76  2.38 0.000
232.212118 232.226019   389.77   16.21  2.35 0.000
232.243137 232.257025   383.04   15.94  2.33 0.000
232.274097 232.287986   384.95   16.02  2.33 0.000
232.305104 232.319005   395.93   16.45  2.36 0.000
232.336076 232.349965   395.45   16.43  2.36 0.000
232.367106 232.381007   379.71   15.81  2.32 0.000
232.397986 232.411887   405.94   16.85  2.39 0.000
232.429062 232.442951   378.65   15.77  2.32 0.000
232.460035 232.473935   372.35   15.52  2.30 0.000
232.491042 232.504931   374.39   15.60  2.31 0.000
232.522130 232.536030   374.39   15.60  2.31 0.000
232.553241 232.567141   366.85   15.30  2.29 0.000
232.584433 232.598333   367.88   15.34  2.29 0.000
232.615637 232.629549   361.35   15.08  2.27 0.000
232.646910 232.660799   356.43   14.89  2.26 0.000
232.678137 232.692037   359.70   15.02  2.27 0.000
232.709306 232.723206   343.92   14.39  2.23 0.000
232.740567 232.754479   342.09   14.32  2.22 0.000
232.771794 232.785706   349.12   14.60  2.24 0.000
232.802975 232.816875   354.91   14.83  2.26 0.000
232.834120 232.848021   375.03   15.62  2.31 0.000
232.865231 232.879132   371.81   15.50  2.30 0.000
232.896319 232.910220   368.07   15.35  2.29 0.000
232.927384 232.941285   366.75   15.30  2.29 0.000
232.958438 232.972350   359.49   15.01  2.27 0.000
232.989468 233.003368   356.10   14.88  2.26 0.000
233.020475 233.034387   361.91   15.11  2.27 0.000
233.051435 233.065336   390.38   16.23  2.35 0.000
233.082384 233.096273   399.01   16.57  2.37 0.000
233.113345 233.127245   390.97   16.25  2.35 0.000
233.144225 233.158113   420.45   17.42  2.43 0.000
233.175220 233.189109   404.09   16.77  2.38 0.000
233.206169 233.220069   386.01   16.06  2.34 0.000
233.237118 233.251007   381.65   15.89  2.33 0.000
233.268044 233.281933   380.46   15.84  2.32 0.000
233.298958 233.312859   381.45   15.88  2.33 0.000
233.329907 233.343819   380.20   15.83  2.32 0.000
233.360833 233.374734   382.32   15.91  2.33 0.000
233.391806 233.405694   386.69   16.09  2.34 0.000
233.422766 233.436667   380.48   15.84  2.32 0.000
233.453727 233.467662   371.22   15.47  2.30 0.000
233.484803 233.498704   361.35   15.08  2.27 0.000
233.515903 233.529803   364.87   15.22  2.28 0.000
233.547095 233.560995   360.41   15.05  2.27 0.000
233.578287 233.592187   355.85   14.87  2.26 0.000
233.609514 233.623403   355.05   14.83  2.26 0.000
233.640752 233.654653   346.70   14.50  2.23 0.000
233.671956 233.685868   342.28   14.33  2.22 0.000
233.703183 233.717083   337.70   14.15  2.21 0.000
233.734387 233.748287   340.31   14.25  2.22 0.000
233.765602 233.779491   340.64   14.27  2.22 0.000
233.796806 233.810694   335.98   14.08  2.21 0.000
233.827986 233.841875   330.22   13.85  2.19 0.000
233.859132 233.873021   338.10   14.17  2.21 0.000
233.890174 233.904074   333.18   13.97  2.20 0.000
233.921389 233.935278 99999.99 9999.99 99.99 0.999
233.952477 233.966366 99999.99 9999.99 99.99 0.999
233.983542 233.997454 99999.99 9999.99 99.99 0.999
234.014583 234.028484 99999.99 9999.99 99.99 0.999
234.045602 234.059502 99999.99 9999.99 99.99 0.999
234.076632 234.090532 99999.99 9999.99 99.99 0.999
234.107627 234.121516 99999.99 9999.99 99.99 0.999
234.138588 234.152477 99999.99 9999.99 99.99 0.999
234.169560 234.183449 99999.99 9999.99 99.99 0.999
234.200521 234.214410 99999.99 9999.99 99.99 0.999
234.231505 234.245394 99999.99 9999.99 99.99 0.999
234.262500 234.276389 99999.99 9999.99 99.99 0.999
234.293472 234.307361 99999.99 9999.99 99.99 0.999
234.324456 234.338345 99999.99 9999.99 99.99 0.999
234.355428 234.369329   349.80   14.63  2.24 0.000
234.386389 234.400278   347.01   14.52  2.24 0.000
234.417384 234.431273   340.82   14.27  2.22 0.000
234.448322 234.462222   328.46   13.79  2.19 0.000
234.479375 234.493264   334.50   14.02  2.20 0.000
234.510521 234.524433   328.05   13.77  2.19 0.000
234.541690 234.555590   326.51   13.71  2.18 0.000
234.572882 234.586782   309.32   13.03  2.14 0.000
234.603981 234.617870   314.49   13.24  2.15 0.000
234.635475 234.649375   304.67   12.85  2.13 0.000
234.667222 234.681111   311.18   13.11  2.14 0.000
234.699340 234.713229   309.91   13.06  2.14 0.000
234.731412 234.745301   302.53   12.77  2.12 0.000
234.763484 234.777384   300.95   12.70  2.12 0.000
234.795509 234.809410   309.51   13.04  2.14 0.000
234.827512 234.841400   309.51   13.04  2.14 0.000
234.859479 234.873380   310.92   13.10  2.14 0.000
234.891400 234.905289   308.69   13.01  2.14 0.000
234.923264 234.937164   304.20   12.83  2.12 0.000
234.955104 234.969005   318.38   13.39  2.16 0.000
234.986887 235.000799   314.98   13.25  2.15 0.000
235.018646 235.032546   332.30   13.94  2.20 0.000
235.050370 235.064259   333.00   13.96  2.20 0.000
235.082072 235.095972   356.90   14.91  2.26 0.000
235.113750 235.127639   418.52   17.35  2.42 0.000
235.145417 235.159317   419.04   17.37  2.42 0.000
235.177049 235.190949   428.60   17.75  2.45 0.000
235.208681 235.222569   440.95   18.24  2.48 0.000
235.240289 235.254190   454.98   18.79  2.52 0.000
235.271875 235.285775   475.57   19.61  2.57 0.000
235.303449 235.317350   482.13   19.87  2.59 0.000
235.334988 235.348889   485.80   20.02  2.60 0.000
235.366539 235.380440   493.32   20.32  2.62 0.000
235.398125 235.412014   503.17   20.71  2.64 0.000
235.429653 235.443553   500.00   20.59  2.63 0.000
235.461215 235.475116   492.76   20.30  2.61 0.000
235.492836 235.506736   510.81   21.02  2.66 0.000
235.524525 235.538426   516.67   21.25  2.68 0.000
235.556285 235.570185   524.82   21.57  2.70 0.000
235.588090 235.601991   513.78   21.13  2.67 0.000
235.619988 235.633889   530.11   21.78  2.71 0.000
235.652141 235.666042   514.06   21.14  2.67 0.000
235.684433 235.698333   508.91   20.94  2.66 0.000
235.716667 235.730567   494.06   20.35  2.62 0.000
235.748889 235.762778   484.25   19.96  2.59 0.000
235.780926 235.794826   478.75   19.74  2.58 0.000
235.812882 235.826771   463.23   19.12  2.54 0.000
235.844757 235.858657   458.47   18.93  2.53 0.000
235.876620 235.890521   455.19   18.80  2.52 0.000
235.908449 235.922350   451.57   18.66  2.51 0.000
235.940208 235.954109   450.09   18.60  2.50 0.000
235.971979 235.985868   451.10   18.64  2.51 0.000
236.003738 236.017639   450.26   18.61  2.50 0.000
236.035498 236.049387   455.00   18.80  2.52 0.000
236.067187 236.081088   444.59   18.38  2.49 0.000
236.098854 236.112743   454.93   18.79  2.52 0.000
236.130463 236.144363   446.56   18.46  2.49 0.000
236.162072 236.175961   444.61   18.38  2.49 0.000
236.193623 236.207500   447.29   18.49  2.50 0.000
236.225174 236.239062   449.43   18.57  2.50 0.000
236.256701 236.270602   446.99   18.48  2.50 0.000
236.288206 236.302106   449.34   18.57  2.50 0.000
236.319687 236.333588   459.06   18.96  2.53 0.000
236.351181 236.365069   467.16   19.28  2.55 0.000
236.382662 236.396562   448.89   18.55  2.50 0.000
236.414178 236.428079   432.69   17.91  2.46 0.000
236.445729 236.459630   453.59   18.74  2.51 0.000
236.477373 236.491262   441.25   18.25  2.48 0.000
236.509120 236.523009   438.48   18.14  2.47 0.000
236.540845 236.554734   424.35   17.58  2.44 0.000
236.572627 236.586516   421.62   17.47  2.43 0.000
236.604560 236.618449   417.86   17.32  2.42 0.000
236.636609 236.650498   416.64   17.27  2.42 0.000
236.668762 236.682650   407.56   16.91  2.39 0.000
236.700706 236.714606   404.20   16.78  2.38 0.000
236.732755 236.746655   410.06   17.01  2.40 0.000
236.764838 236.778727   388.99   16.18  2.34 0.000
236.796887 236.810775   384.53   16.00  2.33 0.000
236.828900 236.842801   373.55   15.57  2.30 0.000
236.860938 236.874838   391.95   16.29  2.35 0.000
236.892894 236.906806   402.65   16.72  2.38 0.000
236.924861 236.938762   397.91   16.53  2.37 0.000
236.956829 236.970718   407.21   16.90  2.39 0.000
236.988738 237.002627   417.53   17.31  2.42 0.000
237.020613 237.034502   427.83   17.72  2.45 0.000
237.052431 237.066319   428.13   17.73  2.45 0.000
237.084259 237.098148   431.43   17.86  2.46 0.000
237.116042 237.129942   436.10   18.04  2.47 0.000
237.147824 237.161725   432.61   17.91  2.46 0.000
237.179595 237.193495   435.49   18.02  2.47 0.000
237.211319 237.225220 99999.99 9999.99 99.99 0.999
237.243044 237.256933 99999.99 9999.99 99.99 0.999
237.274734 237.288634 99999.99 9999.99 99.99 0.999
237.306458 237.320336 99999.99 9999.99 99.99 0.999
237.338125 237.352025 99999.99 9999.99 99.99 0.999
237.369803 237.383704 99999.99 9999.99 99.99 0.999
237.401481 237.415370 99999.99 9999.99 99.99 0.999
237.433194 237.447095   440.03   18.20  2.48 0.000
237.464988 237.478889   440.08   18.20  2.48 0.000
237.496817 237.510718   419.15   17.37  2.42 0.000
237.528738 237.542639   415.35   17.22  2.41 0.000
237.560799 237.574699   396.45   16.47  2.36 0.000
237.593032 237.606933   393.04   16.34  2.36 0.000
237.625324 237.639213   379.92   15.82  2.32 0.000
237.657639 237.671539   377.33   15.72  2.31 0.000
237.690116 237.704016   374.34   15.60  2.31 0.000
237.722627 237.736528   373.50   15.56  2.30 0.000
237.754977 237.768866   363.47   15.17  2.28 0.000
237.787257 237.801134   363.30   15.16  2.28 0.000
237.819398 237.833287   355.23   14.84  2.26 0.000
237.851435 237.865336   356.95   14.91  2.26 0.000
237.883495 237.897384   350.74   14.66  2.25 0.000
237.915521 237.929410   351.45   14.69  2.25 0.000
237.947546 237.961447   354.37   14.81  2.25 0.000
237.979514 237.993414 99999.99 9999.99 99.99 0.999
238.011447 238.025347   368.16   15.35  2.29 0.000
238.043553 238.057454   348.02   14.56  2.24 0.000
238.075463 238.089363   339.25   14.21  2.22 0.000
238.107407 238.121308   348.89   14.59  2.24 0.000
238.139294 238.153194   347.63   14.54  2.24 0.000
238.171204 238.185093   341.36   14.29  2.22 0.000
238.203056 238.216944 99999.99 9999.99 99.99 0.999
238.234896 238.248796 99999.99 9999.99 99.99 0.999
238.266736 238.280625 99999.99 9999.99 99.99 0.999
238.298576 238.312454   338.97   14.20  2.21 0.000
238.330394 238.344294   342.75   14.35  2.22 0.000
238.362222 238.376123   345.59   14.46  2.23 0.000
238.394039 238.407928   342.33   14.33  2.22 0.000
238.425891 238.439780   346.16   14.48  2.23 0.000
238.457731 238.471620   345.74   14.47  2.23 0.000
238.489676 238.503576   343.18   14.37  2.23 0.000
238.521655 238.535556   339.34   14.21  2.22 0.000
238.553692 238.567593   329.00   13.81  2.19 0.000
238.585845 238.599734   329.59   13.83  2.19 0.000
238.618704 238.632593   333.23   13.97  2.20 0.000
238.651400 238.665289   338.07   14.16  2.21 0.000
238.683773 238.697674   344.44   14.42  2.23 0.000
238.716863 238.730752   348.23   14.56  2.24 0.000
238.749387 238.763275   345.15   14.44  2.23 0.000
238.781782 238.795683   340.96   14.28  2.22 0.000
238.814063 238.827963   349.64   14.62  2.24 0.000
238.846227 238.860127   351.69   14.70  2.25 0.000
238.878333 238.892222   349.15   14.60  2.24 0.000
238.910347 238.924248   334.91   14.04  2.20 0.000
238.942315 238.956215   325.24   13.66  2.18 0.000
238.974271 238.988160   336.62   14.11  2.21 0.000
