data/obs/c2h6/WDCGG/event/CV0001G.20151231235128.20170725000000.online_gc.ethane.air.1y.3262s.CV01L_Agilent_GC-FID_7890A_G3440A.CV01L_Manual_AIR_only.lev2.nas
72 1001
Punjabi, Shalini; Carpenter, Lucy
CV01L, National Institute of Meteorology and Geophysics, , , "Espargos, Ilha do Sal 76", , , , Cape Verde
Punjabi, Shalini
ACTRIS GAW-WDCRG
1 1
2016 01 01 2017 07 25
0
days from file reference point
5
1 1 1 1 1
999.999999 99999.99 9999.99 999.99 9.999
end_time of measurement, days from the file reference point
ethane, pmol/mol, Statistics=arithmetic mean, Detection limit=7.0 pmol/mol
ethane, pmol/mol, Statistics=expanded uncertainty 2sigma
ethane, pmol/mol, Statistics=precision
numflag, no unit
0
53
Data definition:              EBAS_1.1
Set type code:                TI
Timezone:                     UTC
File name:                    CV0001G.20151231235128.20170725000000.online_gc.ethane.air.1y.3262s.CV01L_Agilent_GC-FID_7890A_G3440A.CV01L_Manual_AIR_only.lev2.nas
File creation:                20190306184556
Startdate:                    20151231235128
Revision date:                20170725000000
Version:                      2
Version description:          First submission manually inspected
Data level:                   2
Period code:                  1y
Resolution code:              3262s
Sample duration:              20mn
Orig. time res.:              54mn
Station code:                 CV0001G
Platform code:                CV0001S
Station name:                 Cape Verde Atmospheric Observatory
Station GAW-ID:               CVO
Station setting:              Coastal
Station GAW type:             R
Station WMO region:           1
Station latitude:             16.86403
Station longitude:            -24.86752
Station altitude:             10.0m
Measurement height:           10.0m
Regime:                       IMG
Component:                    ethane
Unit:                         pmol/mol
Matrix:                       air
Instrument type:              online_gc
Laboratory code:              CV01L
Instrument name:              Agilent_GC-FID_7890A_G3440A
Instrument manufacturer:      Agilent
Instrument model:             7890A_uECD
Instrument serial number:     CN12191070
Method ref:                   CV01L_Manual_AIR_only
Standard method:              None
Calibration scale:            NPL
Calibration standard ID:      D910414 and D386632
Inlet type:                   Hat or hood
Inlet description:            Downward with hood, 15m total length, insulated, 1m/s flow
Volume std. temperature:      273.15 K
Volume std. pressure:         1013.25 hPa
Detection limit expl.:        Determined by the derived standard deviation of the integrated area of baseline signal over a time interval equal to avg peak width, data below detection limits are given appropriate flag
Measurement uncertainty expl.: expanded uncertainty 2 sigm and  it includes reproducibility (precision) + systematic error
Zero/negative values code:    Zero/negative possible
Zero/negative values:         Zero/negative filtered
Originator:                   Punjabi, Shalini, shalini.punjabi@york.ac.uk, National Centre for Atmospheric Science, NCAS, Wolfson Atmospheric Chemistry Laboratories, Innovation Way, , YO10 5DQ, York, Great Britain
Originator:                   Carpenter, Lucy, lucy.carpenter@york.ac.uk, National Centre for Atmospheric Science, NCAS, Wolfson Atmospheric Chemistry Laboratories, , Innovation Way, YO10 5DQ, York, Great Britain
Submitter:                    Punjabi, Shalini, shalini.punjabi@york.ac.uk, National Centre for Atmospheric Science, NCAS, Wolfson Atmospheric Chemistry Laboratories, Innovation Way, , YO10 5DQ, York, Great Britain
Acknowledgement:              Request details from data originator
Comment:                      Initial water removal in antifreeze mixture at -30 degree C before sample acquisition step. Second stage water removal by Sterling coolers at -40 degree C before preconcentrator unit.
starttime endtime C2H6 C2H6 C2H6 flag
[from data line 2154]
106.089676 106.103576  1458.67   60.79   8.78 0.000
106.127685 106.141597  1460.08   60.85   8.79 0.000
106.165706 106.179595  1464.77   61.04   8.81 0.000
106.203681 106.217581  1471.58   61.32   8.84 0.000
106.241644 106.255544  1482.90   61.78   8.89 0.000
106.279653 106.293553  1481.95   61.74   8.88 0.000
106.317650 106.331539  1483.40   61.80   8.89 0.000
106.355613 106.369514  1480.29   61.67   8.88 0.000
106.393553 106.407454  1471.69   61.32   8.84 0.000
108.620301 108.634190 99999.99 9999.99 999.99 0.999
108.655000 108.668889  1015.92   42.77   6.82 0.000
108.693345 108.707245  1022.21   43.03   6.85 0.000
108.731806 108.745706  1008.88   42.49   6.79 0.000
108.770255 108.784155   994.02   41.88   6.73 0.000
108.808727 108.822627   990.63   41.74   6.71 0.000
108.847095 108.860984   983.73   41.46   6.68 0.000
108.885382 108.899282   967.76   40.82   6.61 0.000
108.923623 108.937523   962.49   40.60   6.59 0.000
108.961829 108.975718   950.03   40.09   6.53 0.000
108.999977 109.013877   956.62   40.36   6.56 0.000
109.038032 109.051933   963.52   40.64   6.59 0.000
109.076192 109.090093   958.58   40.44   6.57 0.000
109.114282 109.128171   960.86   40.53   6.58 0.000
109.152338 109.166238   964.09   40.67   6.59 0.000
109.190394 109.204282   947.65   40.00   6.52 0.000
109.228449 109.242361   927.20   39.17   6.43 0.000
109.266505 109.280394   908.94   38.43   6.35 0.000
109.304514 109.318426   886.05   37.50   6.25 0.000
109.342569 109.356458   872.44   36.95   6.19 0.000
109.380648 109.394537   883.26   37.39   6.24 0.000
109.418715 109.432616   874.95   37.05   6.20 0.000
109.456829 109.470741   858.33   36.37   6.13 0.000
109.494954 109.508854   857.25   36.33   6.12 0.000
109.533137 109.547037   905.81   38.30   6.34 0.000
109.571435 109.585336  1111.69   46.66   7.25 0.000
109.609803 109.623704  1125.05   47.21   7.31 0.000
109.648171 109.662060  1149.25   48.19   7.41 0.000
109.686597 109.700486  1162.18   48.72   7.47 0.000
109.725058 109.738947  1170.32   49.05   7.51 0.000
109.763542 109.777431  1134.37   47.59   7.35 0.000
109.802315 109.816215  1158.96   48.59   7.46 0.000
109.841528 109.855428  1211.93   50.74   7.69 0.000
109.880938 109.894826  1221.75   51.14   7.73 0.000
109.920243 109.934132  1306.60   54.60   8.11 0.000
109.959155 109.973044  1338.08   55.88   8.25 0.000
109.997836 110.011736  1342.74   56.07   8.27 0.000
110.036574 110.050475  1328.12   55.47   8.20 0.000
110.075185 110.089074  1307.85   54.65   8.11 0.000
110.113762 110.127662  1309.52   54.72   8.12 0.000
110.152326 110.166227  1329.89   55.55   8.21 0.000
110.190891 110.204792  1397.87   58.32   8.51 0.000
110.229444 110.243345  1451.87   60.52   8.75 0.000
110.267940 110.281840  1513.43   63.03   9.02 0.000
110.306400 110.320301  1529.43   63.68   9.09 0.000
110.344838 110.358727  1549.21   64.48   9.18 0.000
110.383252 110.397153  1535.56   63.93   9.12 0.000
110.421713 110.435613  1538.05   64.03   9.13 0.000
110.460174 110.474086  1540.52   64.13   9.14 0.000
110.498704 110.512593  1534.76   63.89   9.12 0.000
110.537407 110.551296  1512.93   63.00   9.02 0.000
110.576076 110.589977  1487.14   61.95   8.91 0.000
110.614479 110.628368  1477.99   61.58   8.87 0.000
110.652870 110.666771  1467.46   61.15   8.82 0.000
110.691238 110.705127  1456.41   60.70   8.77 0.000
110.729618 110.743495  1474.10   61.42   8.85 0.000
110.767928 110.781829  1489.28   62.04   8.92 0.000
110.806181 110.820081  1498.04   62.40   8.96 0.000
110.844363 110.858218  1477.83   61.57   8.87 0.000
110.882338 110.896238  1462.78   60.96   8.80 0.000
110.920451 110.934352  1483.52   61.81   8.89 0.000
110.958438 110.972338  1499.93   62.47   8.96 0.000
110.996319 111.010208  1504.44   62.66   8.98 0.000
111.034236 111.048137  1487.22   61.96   8.91 0.000
111.072095 111.085995  1485.70   61.90   8.90 0.000
111.110081 111.123970  1484.50   61.85   8.90 0.000
111.147824 111.161713  1473.56   61.40   8.85 0.000
111.185671 111.199560  1448.38   60.37   8.74 0.000
111.223507 111.237407  1464.42   61.03   8.81 0.000
111.261285 111.275185  1525.16   63.50   9.08 0.000
111.298993 111.312894  1548.93   64.47   9.18 0.000
111.336852 111.350752  1557.98   64.84   9.22 0.000
111.374630 111.388530  1551.09   64.56   9.19 0.000
111.412454 111.426354  1535.58   63.93   9.12 0.000
111.450336 111.464225  1543.39   64.25   9.16 0.000
111.488171 111.502083  1551.67   64.58   9.19 0.000
111.526076 111.539988  1546.14   64.36   9.17 0.000
112.270046 112.283958  1443.34   60.17   8.71 0.000
112.308183 112.322083  1443.46   60.17   8.71 0.000
112.356493 112.370405  1446.87   60.31   8.73 0.000
112.549456 112.563356  1375.48   57.40   8.41 0.000
112.825694 112.839583  1465.15   61.06   8.81 0.000
112.860451 112.874352  1462.26   60.94   8.80 0.000
112.898472 112.912373  1454.47   60.62   8.76 0.000
112.936574 112.950486  1455.12   60.65   8.77 0.000
112.974595 112.988495  1446.89   60.31   8.73 0.000
113.012604 113.026505  1463.18   60.98   8.80 0.000
113.050602 113.064502  1433.06   59.75   8.67 0.000
113.088576 113.102465  1421.72   59.29   8.62 0.000
113.126516 113.140428  1437.54   59.93   8.69 0.000
113.164479 113.178368  1438.65   59.98   8.69 0.000
113.202407 113.216308  1347.10   56.25   8.29 0.000
113.240324 113.254225  1224.24   51.24   7.74 0.000
113.278356 113.292245  1174.11   49.20   7.52 0.000
113.316678 113.330579  1161.40   48.69   7.47 0.000
113.355012 113.368912  1173.75   49.19   7.52 0.000
113.393148 113.407049  1188.32   49.78   7.59 0.000
113.431609 113.445498  1184.39   49.62   7.57 0.000
113.470058 113.483924  1218.27   51.00   7.72 0.000
113.508322 113.522222  1162.36   48.73   7.47 0.000
113.546435 113.560324  1133.02   47.53   7.34 0.000
113.584514 113.598414  1123.38   47.14   7.30 0.000
113.622581 113.636470  1114.85   46.79   7.26 0.000
113.660625 113.674525  1078.74   45.33   7.10 0.000
113.698669 113.712569  1059.18   44.53   7.02 0.000
113.736875 113.750775  1054.64   44.35   7.00 0.000
113.774745 113.788646  1061.86   44.64   7.03 0.000
113.812755 113.826655  1052.51   44.26   6.99 0.000
113.850764 113.864664  1086.63   45.65   7.14 0.000
113.888750 113.902639  1115.21   46.81   7.26 0.000
113.926690 113.940579  1111.76   46.67   7.25 0.000
113.964618 113.978519  1100.82   46.22   7.20 0.000
114.002546 114.016447  1094.84   45.98   7.17 0.000
114.040475 114.054363  1088.38   45.72   7.14 0.000
114.078368 114.092280  1086.42   45.64   7.14 0.000
114.116273 114.130174  1081.52   45.44   7.11 0.000
114.154144 114.168044  1068.78   44.92   7.06 0.000
114.192037 114.205938  1058.83   44.52   7.01 0.000
114.229907 114.243796  1038.65   43.70   6.92 0.000
114.267708 114.281586  1016.88   42.81   6.83 0.000
114.305625 114.319525  1009.19   42.50   6.79 0.000
114.343472 114.357361  1024.99   43.14   6.86 0.000
114.381331 114.395231  1075.71   45.20   7.09 0.000
114.419236 114.433137  1059.35   44.54   7.02 0.000
114.457176 114.471088  1053.34   44.29   6.99 0.000
114.495127 114.509016  1037.92   43.67   6.92 0.000
114.533102 114.547002  1006.00   42.37   6.78 0.000
114.571111 114.585012  1007.51   42.43   6.79 0.000
114.609225 114.623113  1002.66   42.23   6.77 0.000
114.647141 114.661042  1000.36   42.14   6.76 0.000
114.685162 114.699051   997.45   42.02   6.74 0.000
114.723623 114.737523   991.69   41.79   6.72 0.000
114.762199 114.776100  1012.77   42.64   6.81 0.000
114.800498 114.814410  1024.09   43.10   6.86 0.000
114.838947 114.852847  1017.91   42.85   6.83 0.000
114.877500 114.891377  1011.02   42.57   6.80 0.000
114.915752 114.929630   974.74   41.10   6.64 0.000
114.954259 114.968160   969.20   40.87   6.62 0.000
114.992442 115.006331  1037.42   43.65   6.92 0.000
115.030903 115.044803  1060.68   44.59   7.02 0.000
115.069144 115.083044  1064.73   44.76   7.04 0.000
115.107558 115.121458  1101.55   46.25   7.20 0.000
115.145833 115.159734  1109.43   46.57   7.24 0.000
115.184051 115.197951  1110.88   46.63   7.24 0.000
115.222465 115.236354  1094.47   45.96   7.17 0.000
115.260694 115.274583  1107.47   46.49   7.23 0.000
115.298958 115.312859  1099.23   46.16   7.19 0.000
115.337419 115.351308  1100.53   46.21   7.20 0.000
115.375613 115.389514  1114.18   46.77   7.26 0.000
115.414005 115.427905  1081.69   45.44   7.11 0.000
115.452465 115.466377  1082.45   45.48   7.12 0.000
115.490718 115.504618  1061.58   44.63   7.03 0.000
115.529005 115.542905  1043.24   43.88   6.94 0.000
115.567315 115.581204  1021.44   43.00   6.85 0.000
115.605822 115.619711   987.69   41.62   6.70 0.000
115.644225 115.658113  1019.47   42.92   6.84 0.000
115.682512 115.696400   988.24   41.65   6.70 0.000
115.720752 115.734641   974.17   41.08   6.64 0.000
115.758935 115.772836   970.31   40.92   6.62 0.000
115.797118 115.811007   975.92   41.15   6.65 0.000
115.835266 115.849167   991.98   41.80   6.72 0.000
115.873368 115.887269  1008.41   42.47   6.79 0.000
115.911377 115.925278  1040.12   43.75   6.93 0.000
115.949352 115.963241  1057.79   44.47   7.01 0.000
115.987211 116.001100  1069.70   44.96   7.06 0.000
116.025208 116.039109  1084.67   45.57   7.13 0.000
116.063113 116.077025  1100.82   46.22   7.20 0.000
116.101007 116.114907  1106.97   46.47   7.23 0.000
116.138912 116.152801  1098.68   46.14   7.19 0.000
116.176759 116.190648  1097.16   46.07   7.18 0.000
116.214630 116.228530  1074.06   45.13   7.08 0.000
116.252523 116.266412  1090.40   45.80   7.15 0.000
116.290405 116.304294  1106.45   46.45   7.22 0.000
116.328287 116.342164  1156.78   48.50   7.45 0.000
116.366157 116.380058  1168.05   48.96   7.50 0.000
116.404062 116.417951  1169.33   49.01   7.50 0.000
116.441979 116.455856  1171.74   49.11   7.51 0.000
116.479907 116.493808  1165.23   48.84   7.48 0.000
116.517882 116.531782  1166.10   48.88   7.49 0.000
116.555856 116.569757  1159.71   48.62   7.46 0.000
116.593947 116.607847  1140.24   47.83   7.37 0.000
116.631979 116.645880  1115.27   46.81   7.26 0.000
116.670116 116.684005  1103.04   46.31   7.21 0.000
116.708322 116.722211  1098.64   46.13   7.19 0.000
116.746632 116.760521  1089.64   45.77   7.15 0.000
116.784780 116.798681  1069.16   44.94   7.06 0.000
116.822905 116.836806  1082.01   45.46   7.12 0.000
116.861076 116.874965  1077.28   45.27   7.10 0.000
116.898947 116.912824  1077.06   45.26   7.09 0.000
116.936875 116.950764  1083.44   45.52   7.12 0.000
116.974815 116.988715  1065.20   44.77   7.04 0.000
117.012720 117.026609  1045.02   43.95   6.95 0.000
117.050613 117.064514  1027.78   43.25   6.88 0.000
117.088472 117.102373  1026.88   43.22   6.87 0.000
117.126308 117.140220  1033.07   43.47   6.90 0.000
117.164190 117.178090  1052.58   44.26   6.99 0.000
117.202060 117.215961  1052.91   44.27   6.99 0.000
117.239896 117.253796  1044.27   43.92   6.95 0.000
117.277778 117.291678  1051.01   44.20   6.98 0.000
117.315613 117.329525  1052.06   44.24   6.98 0.000
117.353472 117.367361  1028.81   43.30   6.88 0.000
117.391354 117.405243  1028.68   43.29   6.88 0.000
117.429236 117.443148  1032.84   43.46   6.90 0.000
117.467164 117.481053  1016.35   42.79   6.83 0.000
117.505127 117.519016   981.08   41.36   6.67 0.000
117.543530 117.557407   988.71   41.67   6.70 0.000
117.582025 117.595972   980.56   41.33   6.67 0.000
117.620556 117.634456   974.05   41.07   6.64 0.000
117.658866 117.672766   952.79   40.21   6.54 0.000
117.704109 117.718009   947.08   39.98   6.52 0.000
117.742211 117.756111   940.28   39.70   6.49 0.000
117.780324 117.794213   966.57   40.77   6.61 0.000
117.818403 117.832292   969.03   40.87   6.62 0.000
117.856470 117.870359   971.26   40.96   6.63 0.000
117.894468 117.908368   970.47   40.93   6.62 0.000
117.932454 117.946343   978.76   41.26   6.66 0.000
117.970405 117.984306   957.90   40.41   6.57 0.000
118.008368 118.022269   955.58   40.32   6.56 0.000
118.046296 118.060185   933.15   39.41   6.46 0.000
118.084225 118.098125   926.45   39.14   6.43 0.000
118.122153 118.136042   921.79   38.95   6.41 0.000
118.160058 118.173958   934.20   39.45   6.46 0.000
118.197975 118.211875   906.65   38.33   6.34 0.000
118.235938 118.249826   904.90   38.26   6.33 0.000
118.273796 118.287685   915.01   38.67   6.38 0.000
118.311701 118.325590   897.16   37.95   6.30 0.000
118.349606 118.363507   909.19   38.44   6.35 0.000
118.387500 118.401412   891.36   37.71   6.27 0.000
118.425359 118.439248   888.82   37.61   6.26 0.000
118.463391 118.477292   877.22   37.14   6.21 0.000
118.501354 118.515255   878.43   37.19   6.22 0.000
118.539352 118.553252   862.75   36.55   6.15 0.000
118.577326 118.591227   864.64   36.63   6.16 0.000
118.615590 118.629479   857.05   36.32   6.12 0.000
118.653854 118.667743   849.33   36.01   6.09 0.000
118.692153 118.706042   850.81   36.07   6.09 0.000
118.730475 118.744363   856.19   36.29   6.12 0.000
118.768866 118.782766   860.83   36.48   6.14 0.000
118.807164 118.821065   868.08   36.77   6.17 0.000
118.845486 118.859236   881.81   37.33   6.23 0.000
118.883426 118.897326   888.50   37.60   6.26 0.000
118.921424 118.935312   898.15   37.99   6.30 0.000
118.959421 118.973310   900.19   38.07   6.31 0.000
118.997384 119.011285   908.50   38.41   6.35 0.000
119.035347 119.049236   924.89   39.07   6.42 0.000
119.073264 119.087164   929.19   39.25   6.44 0.000
119.111273 119.125185   936.75   39.56   6.47 0.000
119.149074 119.162975   946.86   39.97   6.52 0.000
119.186968 119.200868   954.90   40.29   6.55 0.000
119.224873 119.238762   958.49   40.44   6.57 0.000
119.262766 119.276655   961.22   40.55   6.58 0.000
119.300660 119.314560   965.52   40.72   6.60 0.000
119.338495 119.352373   973.77   41.06   6.64 0.000
119.376389 119.390278   980.40   41.33   6.67 0.000
119.414294 119.428194   979.26   41.28   6.66 0.000
119.452245 119.466146   985.35   41.53   6.69 0.000
119.490278 119.504167   980.18   41.32   6.67 0.000
119.528333 119.542222   973.91   41.06   6.64 0.000
119.566470 119.580359   976.09   41.15   6.65 0.000
119.604803 119.618704   974.50   41.09   6.64 0.000
119.643495 119.657384   967.11   40.79   6.61 0.000
119.682870 119.696759   959.75   40.49   6.58 0.000
119.722269 119.736065   946.63   39.96   6.52 0.000
119.761447 119.775347   932.82   39.40   6.46 0.000
119.800521 119.814410   923.75   39.03   6.42 0.000
119.839144 119.853032   899.87   38.06   6.31 0.000
119.877454 119.891354   939.83   39.68   6.49 0.000
119.915637 119.929525   942.06   39.77   6.50 0.000
119.953704 119.967604   952.74   40.20   6.54 0.000
119.991748 120.005648   942.44   39.79   6.50 0.000
120.029826 120.043715   937.56   39.59   6.48 0.000
120.067813 120.081713   939.26   39.66   6.49 0.000
120.105810 120.119687   946.49   39.95   6.52 0.000
120.143762 120.157650   930.50   39.30   6.45 0.000
120.181725 120.195625   929.55   39.26   6.44 0.000
120.219641 120.233553   940.61   39.71   6.49 0.000
120.257593 120.271481   919.11   38.84   6.40 0.000
120.295509 120.309410   936.31   39.54   6.47 0.000
120.333449 120.347338   954.87   40.29   6.55 0.000
120.371366 120.385255   974.31   41.08   6.64 0.000
120.409294 120.423183   971.71   40.98   6.63 0.000
120.447257 120.461169   964.84   40.70   6.60 0.000
120.485394 120.499282   979.02   41.27   6.66 0.000
120.523322 120.537211   935.83   39.52   6.47 0.000
120.561377 120.575278   945.59   39.91   6.51 0.000
120.599491 120.613391   954.06   40.26   6.55 0.000
120.637650 120.651539   939.26   39.66   6.49 0.000
120.675799 120.689688   928.91   39.24   6.44 0.000
120.713947 120.727836   939.00   39.65   6.48 0.000
120.752060 120.765961   937.52   39.59   6.48 0.000
120.790150 120.804051   965.29   40.71   6.60 0.000
120.828194 120.842095   923.92   39.04   6.42 0.000
120.866238 120.880139   932.89   39.40   6.46 0.000
120.904236 120.918137   918.83   38.83   6.39 0.000
120.942199 120.956100   965.26   40.71   6.60 0.000
120.980174 120.994074   935.84   39.52   6.47 0.000
121.018090 121.031991   924.63   39.06   6.42 0.000
121.056019 121.069907   887.19   37.54   6.25 0.000
