data/obs/c2h6/WDCGG/event/CV0001G.20161231235912.20180726000000.online_gc.ethane.air.1y.3261s.CV01L_Agilent_GC-FID_7890A_G3440A.CV01L_Manual_AIR_only.lev2.nas
70 1001
Punjabi, Shalini; Carpenter, Lucy
CV01L, National Institute of Meteorology and Geophysics, , , "Espargos, Ilha do Sal 76", , , , Cape Verde
Punjabi, Shalini
ACTRIS GAW-WDCRG
1 1
2017 01 01 2018 07 26
0
days from file reference point
5
1 1 1 1 1
999.999999 99999.99 9999.99 99.99 9.999
end_time of measurement, days from the file reference point
ethane, pmol/mol, Statistics=arithmetic mean, Detection limit=4.0 pmol/mol
ethane, pmol/mol, Statistics=expanded uncertainty 2sigma
ethane, pmol/mol, Statistics=precision
numflag, no unit
0
51
Data definition:              EBAS_1.1
Set type code:                TI
Timezone:                     UTC
File name:                    CV0001G.20161231235912.20180726000000.online_gc.ethane.air.1y.3261s.CV01L_Agilent_GC-FID_7890A_G3440A.CV01L_Manual_AIR_only.lev2.nas
File creation:                20190306184556
Startdate:                    20161231235912
Revision date:                20180726000000
Version:                      2
Version description:          second revision, manually inspected
Data level:                   2
Period code:                  1y
Resolution code:              3261s
Sample duration:              20mn
Orig. time res.:              3261s
Station code:                 CV0001G
Platform code:                CV0001S
Station name:                 Cape Verde Atmospheric Observatory
Station GAW-ID:               CVO
Station setting:              Coastal
Station GAW type:             R
Station WMO region:           1
Station latitude:             16.86403
Station longitude:            -24.86752
Station altitude:             10.0m
Measurement altitude:         10.0m
Measurement height:           10.0m
Regime:                       IMG
Component:                    ethane
Unit:                         pmol/mol
Matrix:                       air
Instrument type:              online_gc
Laboratory code:              CV01L
Instrument name:              Agilent_GC-FID_7890A_G3440A
Instrument manufacturer:      MARKES+MARKES+Agilent
Instrument model:             Air Server+UNITY2+7890A GC/FID
Instrument serial number:     CN12191070
Method ref:                   CV01L_Manual_AIR_only
Standard method:              None
Calibration scale:            NPL
Calibration standard ID:      Manufacturer NPL; Batch D386632
Inlet type:                   Hat or hood
Inlet description:            Downward facing with hood, 15m total length, insulated, 1m/s flow
Detection limit expl.:        Detection limit equals 3 times the precision
Measurement uncertainty expl.: expanded uncertainity 2 sigma and it includes reproducibility (precision) + systematic error
Zero/negative values code:    Zero/negative impossible
Originator:                   Punjabi, Shalini, shalini.punjabi@york.ac.uk, National Centre for Atmospheric Science, NCAS, Wolfson Atmospheric Chemistry Laboratories, Innovation Way, , YO10 5DQ, York, Great Britain
Originator:                   Carpenter, Lucy, lucy.carpenter@york.ac.uk, National Centre for Atmospheric Science, NCAS, Wolfson Atmospheric Chemistry Laboratories, , Innovation Way, YO10 5DQ, York, Great Britain
Submitter:                    Punjabi, Shalini, shalini.punjabi@york.ac.uk, National Centre for Atmospheric Science, NCAS, Wolfson Atmospheric Chemistry Laboratories, Innovation Way, , YO10 5DQ, York, Great Britain
Acknowledgement:              Request acknowledgement details from data originator
Comment:                      Preconcentration by commercial  MARKES unit, o3  removal by heated stainless steel lines , Sterling Coolers and condensing chilllers use for water removal , monthly calibration interval
starttime endtime C2H6 C2H6 C2H6 flag
[from data line 2510]
108.578588 108.592488   869.12   35.33  3.59 0.000
108.617627 108.631528   866.55   35.23  3.59 0.000
108.656308 108.670197   868.74   35.31  3.59 0.000
108.694988 108.708889   880.39   35.78  3.62 0.000
108.733681 108.747581   875.27   35.58  3.61 0.000
108.772361 108.786262   878.40   35.70  3.62 0.000
108.810845 108.824745   891.41   36.22  3.65 0.000
108.849236 108.863125   899.08   36.53  3.67 0.000
108.887847 108.901736   890.63   36.19  3.65 0.000
108.926412 108.940301   886.02   36.01  3.64 0.000
108.964977 108.978866   885.60   35.99  3.64 0.000
109.003461 109.017361   885.00   35.97  3.63 0.000
109.042025 109.055926   902.74   36.68  3.68 0.000
109.080567 109.094468   913.48   37.11  3.71 0.000
109.119178 109.133079   909.33   36.94  3.70 0.000
109.157813 109.171701   912.48   37.07  3.71 0.000
109.196389 109.210278   921.64   37.43  3.73 0.000
109.235012 109.248912   934.87   37.96  3.76 0.000
109.273588 109.287488   942.79   38.28  3.78 0.000
109.312199 109.326100   946.28   38.42  3.79 0.000
109.350764 109.364664   936.49   38.03  3.77 0.000
109.389375 109.403275   953.39   38.70  3.81 0.000
109.428067 109.441968   939.28   38.14  3.78 0.000
109.466794 109.480683   934.84   37.96  3.76 0.000
109.505799 109.519699   931.15   37.81  3.75 0.000
109.543727 109.557627   917.14   37.25  3.72 0.000
109.581632 109.595532   913.14   37.09  3.71 0.000
109.619433 109.633322   904.53   36.75  3.69 0.000
109.657188 109.671088   900.39   36.58  3.67 0.000
109.694907 109.708808   915.40   37.18  3.71 0.000
109.732604 109.746505   905.20   36.77  3.69 0.000
109.770289 109.784190   936.34   38.02  3.77 0.000
109.808171 109.822060   945.72   38.40  3.79 0.000
109.845926 109.859826   948.37   38.50  3.80 0.000
109.883611 109.897512   976.50   39.63  3.87 0.000
109.921366 109.935255   980.29   39.78  3.88 0.000
109.959109 109.973009   986.19   40.02  3.90 0.000
109.996806 110.010694   999.08   40.53  3.93 0.000
110.034479 110.048380   996.31   40.42  3.92 0.000
110.072199 110.086076   999.54   40.55  3.93 0.000
110.109907 110.123808  1010.47   40.99  3.96 0.000
110.147616 110.161505  1003.21   40.70  3.94 0.000
110.185509 110.199410   989.91   40.17  3.91 0.000
110.223171 110.237072  1003.26   40.70  3.94 0.000
110.260856 110.274757  1015.91   41.21  3.97 0.000
110.298727 110.312616  1011.78   41.04  3.96 0.000
110.336470 110.350370  1022.02   41.45  3.99 0.000
110.374155 110.388044  1032.29   41.86  4.02 0.000
110.411840 110.425741  1025.98   41.61  4.00 0.000
110.449572 110.463461  1023.94   41.53  4.00 0.000
110.487419 110.501319  1006.20   40.82  3.95 0.000
110.525162 110.539051   981.41   39.83  3.88 0.000
110.562847 110.576748   975.75   39.60  3.87 0.000
110.600775 110.614664   967.18   39.26  3.85 0.000
110.638553 110.652454   968.88   39.32  3.85 0.000
110.676366 110.690266   961.72   39.04  3.83 0.000
110.714167 110.728067   949.31   38.54  3.80 0.000
110.752118 110.766007   947.44   38.47  3.80 0.000
110.789907 110.803808   939.29   38.14  3.78 0.000
110.827778 110.841678   936.35   38.02  3.77 0.000
110.865579 110.879468   949.99   38.57  3.80 0.000
110.903519 110.917419   950.53   38.59  3.80 0.000
110.941481 110.955370   944.72   38.36  3.79 0.000
110.979259 110.993160   951.13   38.61  3.81 0.000
111.017072 111.030984   980.66   39.80  3.88 0.000
111.054850 111.068738   994.83   40.36  3.92 0.000
111.092674 111.106562   991.19   40.22  3.91 0.000
111.130509 111.144410  1004.81   40.76  3.95 0.000
111.168287 111.182187  1011.68   41.04  3.96 0.000
111.206053 111.219954  1007.63   40.88  3.95 0.000
111.243831 111.257731  1013.09   41.09  3.97 0.000
111.281829 111.295729  1030.77   41.80  4.01 0.000
111.319560 111.333461  1063.22   43.10  4.10 0.000
111.357407 111.371296  1102.65   44.68  4.20 0.000
111.395150 111.409039  1116.13   45.22  4.24 0.000
111.433009 111.446910  1111.78   45.05  4.22 0.000
111.470787 111.484676  1092.76   44.29  4.17 0.000
111.508634 111.522535  1073.36   43.51  4.12 0.000
111.546458 111.560347  1047.10   42.46  4.06 0.000
111.584317 111.598194  1038.61   42.12  4.03 0.000
111.622176 111.636076  1033.17   41.90  4.02 0.000
111.660116 111.674005  1005.42   40.79  3.95 0.000
111.697859 111.711771   907.89   36.88  3.69 0.000
111.735833 111.749722   906.92   36.84  3.69 0.000
111.773634 111.787523   916.68   37.23  3.72 0.000
111.811412 111.825312   955.75   38.80  3.82 0.000
111.849340 111.863241   977.77   39.68  3.88 0.000
111.887083 111.900984   964.32   39.14  3.84 0.000
111.924919 111.938808   957.81   38.88  3.82 0.000
111.962743 111.976644   958.20   38.90  3.82 0.000
112.000498 112.014375   963.12   39.09  3.84 0.000
112.038472 112.052535   947.73   38.48  3.80 0.000
112.076377 112.090278   959.41   38.94  3.83 0.000
112.114248 112.128137   954.18   38.73  3.81 0.000
112.151991 112.165891   924.04   37.53  3.74 0.000
112.189988 112.203877   919.48   37.35  3.72 0.000
112.227708 112.241597   910.49   36.99  3.70 0.000
112.265637 112.279537   914.26   37.14  3.71 0.000
112.303368 112.317269   910.64   36.99  3.70 0.000
112.341238 112.355150   857.23   34.85  3.56 0.000
112.378981 112.392870   847.15   34.45  3.54 0.000
112.416782 112.430683   847.66   34.47  3.54 0.000
112.454502 112.468403   848.80   34.52  3.54 0.000
112.492465 112.506354   845.16   34.37  3.53 0.000
112.530243 112.544144   820.74   33.39  3.47 0.000
112.568056 112.581956   811.12   33.01  3.44 0.000
112.605845 112.619757   808.70   32.91  3.44 0.000
112.643819 112.657708   822.93   33.48  3.47 0.000
112.681574 112.695463   792.02   32.24  3.39 0.000
112.719375 112.733264   767.35   31.26  3.33 0.000
112.757222 112.771123   751.25   30.61  3.29 0.000
112.795023 112.808912   764.63   31.15  3.32 0.000
112.832894 112.846806   756.47   30.82  3.30 0.000
112.870845 112.884734   762.79   31.08  3.32 0.000
112.908646 112.922535   791.70   32.23  3.39 0.000
112.946435 112.960324   796.58   32.43  3.40 0.000
112.984178 112.998079   805.44   32.78  3.43 0.000
113.021956 113.035845   821.72   33.43  3.47 0.000
113.059699 113.073588   828.96   33.72  3.49 0.000
113.097639 113.111539   820.45   33.38  3.47 0.000
113.135405 113.149306   831.20   33.81  3.49 0.000
113.173229 113.187130   808.32   32.90  3.43 0.000
113.210984 113.224884   811.68   33.03  3.44 0.000
113.248947 113.262836   793.67   32.31  3.40 0.000
113.286713 113.300613   806.85   32.84  3.43 0.000
113.324572 113.338461   825.18   33.57  3.48 0.000
113.362373 113.376262   832.05   33.85  3.50 0.000
113.400162 113.414062   826.18   33.61  3.48 0.000
113.438160 113.452072   830.35   33.78  3.49 0.000
113.476019 113.489907   829.38   33.74  3.49 0.000
113.513843 113.527743   816.83   33.24  3.46 0.000
113.551655 113.565567   805.30   32.78  3.43 0.000
113.589572 113.603461   796.22   32.41  3.40 0.000
113.627361 113.641262   789.78   32.15  3.39 0.000
113.665301 113.679201   799.64   32.55  3.41 0.000
113.703137 113.717037   816.49   33.22  3.46 0.000
113.741076 113.754965   814.74   33.15  3.45 0.000
113.778843 113.792743   825.53   33.59  3.48 0.000
113.816794 113.830694   818.89   33.32  3.46 0.000
113.854525 113.868426   830.42   33.78  3.49 0.000
113.892465 113.906366   837.80   34.08  3.51 0.000
113.930486 113.944375   840.86   34.20  3.52 0.000
113.968669 113.982569   844.53   34.35  3.53 0.000
114.006806 114.020706   846.74   34.43  3.53 0.000
114.045081 114.058981   852.37   34.66  3.55 0.000
114.083113 114.097014   856.91   34.84  3.56 0.000
114.121169 114.135046   874.44   35.54  3.61 0.000
114.159329 114.173218   875.53   35.59  3.61 0.000
114.197384 114.211285   876.58   35.63  3.61 0.000
114.235648 114.249537   893.62   36.31  3.66 0.000
114.273681 114.287581   902.48   36.66  3.68 0.000
114.311736 114.325637   898.47   36.50  3.67 0.000
114.349965 114.363866   887.02   36.05  3.64 0.000
114.388021 114.401921   878.35   35.70  3.62 0.000
114.426308 114.440197   866.65   35.23  3.59 0.000
114.464398 114.478287   860.82   35.00  3.57 0.000
114.502500 114.516400   851.28   34.62  3.55 0.000
114.540197 114.554097   842.73   34.27  3.52 0.000
114.577917 114.591806   847.08   34.45  3.54 0.000
114.615590 114.629479   851.38   34.62  3.55 0.000
115.072963 115.086852 99999.99 9999.99 99.99 0.999
115.110961 115.124850 99999.99 9999.99 99.99 0.999
115.149375 115.163275 99999.99 9999.99 99.99 0.999
115.187963 115.201863 99999.99 9999.99 99.99 0.999
115.225972 115.239861 99999.99 9999.99 99.99 0.999
115.264259 115.278148 99999.99 9999.99 99.99 0.999
115.302824 115.316725 99999.99 9999.99 99.99 0.999
115.341435 115.355336 99999.99 9999.99 99.99 0.999
115.379456 115.393356 99999.99 9999.99 99.99 0.999
115.418044 115.431944 99999.99 9999.99 99.99 0.999
115.456597 115.470486 99999.99 9999.99 99.99 0.999
115.495116 115.509016 99999.99 9999.99 99.99 0.999
115.533148 115.547049   753.49   30.70  3.29 0.000
115.571146 115.585046   786.64   32.03  3.38 0.000
115.609144 115.623044   783.28   31.89  3.37 0.000
115.647199 115.661088   795.76   32.39  3.40 0.000
115.685255 115.699144   808.77   32.91  3.44 0.000
115.723322 115.737211   805.36   32.78  3.43 0.000
115.761424 115.775324   802.19   32.65  3.42 0.000
115.799468 115.813368   797.66   32.47  3.41 0.000
115.837488 115.851377   791.17   32.21  3.39 0.000
115.875428 115.889329   797.27   32.45  3.41 0.000
115.913403 115.927292   799.27   32.53  3.41 0.000
115.951366 115.965255   790.42   32.18  3.39 0.000
115.989387 116.003275   787.45   32.06  3.38 0.000
116.027604 116.041505   783.25   31.89  3.37 0.000
116.065625 116.079525   774.77   31.55  3.35 0.000
116.103634 116.117535   765.95   31.20  3.32 0.000
116.141725 116.155625   768.39   31.30  3.33 0.000
116.179757 116.193646   770.90   31.40  3.34 0.000
116.217766 116.231667   773.21   31.49  3.34 0.000
116.256181 116.270069   756.91   30.84  3.30 0.000
116.294225 116.308113   748.62   30.51  3.28 0.000
116.332199 116.346100   746.89   30.44  3.28 0.000
116.370162 116.384062   733.05   29.89  3.24 0.000
116.408426 116.422326   717.72   29.27  3.20 0.000
116.446609 116.460509   690.40   28.18  3.13 0.000
116.484653 116.498553   675.17   27.57  3.09 0.000
116.522743 116.536644   665.91   27.20  3.06 0.000
116.560694 116.574595   662.59   27.07  3.06 0.000
116.598692 116.612593   642.95   26.29  3.00 0.000
116.636713 116.650613 99999.99 9999.99 99.99 0.999
116.674838 116.688715   603.20   24.70  2.90 0.000
116.712859 116.726748   610.61   24.99  2.92 0.000
116.750891 116.764792   633.42   25.91  2.98 0.000
116.788900 116.802789   637.12   26.05  2.99 0.000
116.826956 116.840856   649.60   26.55  3.02 0.000
116.865127 116.879028   666.34   27.22  3.07 0.000
116.903148 116.917060   682.26   27.86  3.11 0.000
116.941146 116.955035   731.00   29.80  3.23 0.000
116.979398 116.993287   741.36   30.22  3.26 0.000
117.017593 117.031470   791.38   32.22  3.39 0.000
117.055741 117.069641   859.12   34.93  3.57 0.000
117.094213 117.108113   913.69   37.11  3.71 0.000
117.132685 117.146574   917.34   37.26  3.72 0.000
117.171181 117.185069   913.37   37.10  3.71 0.000
117.209433 117.223333   955.32   38.78  3.82 0.000
117.247963 117.261863   984.07   39.93  3.89 0.000
117.286505 117.300405  1008.79   40.92  3.96 0.000
117.324838 117.338727  1013.04   41.09  3.97 0.000
117.363345 117.377234  1014.43   41.15  3.97 0.000
117.401331 117.415231  1006.01   40.81  3.95 0.000
117.439769 117.453657  1055.89   42.81  4.08 0.000
117.477766 117.491667  1072.23   43.46  4.12 0.000
117.516308 117.530208  1069.72   43.36  4.11 0.000
117.554213 117.568113  1070.52   43.39  4.12 0.000
117.591979 117.605880  1071.50   43.43  4.12 0.000
117.629757 117.643646  1064.86   43.17  4.10 0.000
117.667523 117.681424  1045.78   42.40  4.05 0.000
117.705359 117.719248  1036.18   42.02  4.03 0.000
117.743183 117.757083  1019.49   41.35  3.98 0.000
117.781065 117.794965  1005.98   40.81  3.95 0.000
117.818935 117.832836  1017.37   41.27  3.98 0.000
117.856875 117.870764  1010.87   41.01  3.96 0.000
117.894676 117.908565  1002.94   40.69  3.94 0.000
117.932465 117.946354   992.24   40.26  3.91 0.000
117.970174 117.984074  1010.64   41.00  3.96 0.000
118.007836 118.021736  1017.03   41.25  3.98 0.000
118.045556 118.059468  1046.54   42.43  4.05 0.000
118.083472 118.097361  1059.89   42.97  4.09 0.000
118.121146 118.135035  1038.76   42.12  4.03 0.000
118.158866 118.172755  1036.28   42.02  4.03 0.000
118.196620 118.210509  1026.19   41.62  4.00 0.000
118.234329 118.248229  1006.69   40.84  3.95 0.000
118.272083 118.285984  1006.55   40.83  3.95 0.000
118.309803 118.323692  1007.45   40.87  3.95 0.000
118.347523 118.361412  1014.61   41.16  3.97 0.000
118.385231 118.399132   982.16   39.86  3.89 0.000
118.422975 118.436875   971.43   39.43  3.86 0.000
118.460718 118.474618   966.87   39.24  3.85 0.000
118.498437 118.512338   950.66   38.59  3.81 0.000
118.536123 118.550000   956.78   38.84  3.82 0.000
118.573854 118.587755   952.42   38.66  3.81 0.000
118.611586 118.625486   957.05   38.85  3.82 0.000
118.649271 118.663160   963.51   39.11  3.84 0.000
118.686968 118.700856   992.93   40.29  3.91 0.000
118.724641 118.738542  1022.80   41.48  3.99 0.000
118.762326 118.776215  1024.21   41.54  4.00 0.000
118.800035 118.813935  1013.30   41.10  3.97 0.000
118.837812 118.851713  1019.68   41.36  3.98 0.000
118.875521 118.889421  1030.75   41.80  4.01 0.000
118.913275 118.927176  1022.14   41.46  3.99 0.000
118.951134 118.965023  1040.23   42.18  4.04 0.000
118.988877 119.002778  1061.26   43.02  4.09 0.000
119.026574 119.040475  1098.23   44.51  4.19 0.000
119.064456 119.078356  1130.77   45.81  4.27 0.000
119.102269 119.116169  1156.24   46.83  4.34 0.000
119.139977 119.153877  1167.64   47.29  4.37 0.000
119.177708 119.191620  1187.36   48.08  4.42 0.000
119.215463 119.229375  1231.86   49.86  4.54 0.000
119.253148 119.267037  1260.74   51.02  4.61 0.000
119.291053 119.304942  1267.86   51.30  4.63 0.000
119.328877 119.342778  1296.57   52.45  4.70 0.000
119.366620 119.380521  1327.23   53.68  4.78 0.000
119.404560 119.418461  1335.71   54.02  4.81 0.000
119.442269 119.456169  1303.05   52.71  4.72 0.000
119.480035 119.493924  1299.05   52.55  4.71 0.000
119.517720 119.531632  1283.38   51.93  4.67 0.000
119.555405 119.569306  1260.67   51.02  4.61 0.000
119.593171 119.607060  1251.33   50.64  4.59 0.000
119.630914 119.644803  1267.05   51.27  4.63 0.000
119.668623 119.682512  1231.40   49.84  4.53 0.000
119.706296 119.720197  1229.89   49.78  4.53 0.000
119.744016 119.757894  1218.24   49.31  4.50 0.000
119.781690 119.795590  1208.22   48.91  4.47 0.000
119.819387 119.833275  1204.10   48.75  4.46 0.000
119.857083 119.870972  1183.29   47.91  4.41 0.000
119.894988 119.908900  1183.93   47.94  4.41 0.000
119.932731 119.946620  1190.19   48.19  4.43 0.000
119.970440 119.984340  1216.97   49.26  4.50 0.000
120.008241 120.022141  1246.22   50.44  4.57 0.000
120.045926 120.059838  1244.77   50.38  4.57 0.000
120.083646 120.097546  1237.95   50.10  4.55 0.000
120.121343 120.135243  1236.05   50.03  4.55 0.000
120.159225 120.173125  1263.54   51.13  4.62 0.000
120.196944 120.210833  1279.77   51.78  4.66 0.000
120.234745 120.248646  1269.98   51.39  4.64 0.000
120.272454 120.286354  1261.72   51.06  4.61 0.000
120.310174 120.324062  1274.63   51.57  4.65 0.000
120.347975 120.361875  1250.24   50.60  4.58 0.000
120.385729 120.399618  1267.71   51.30  4.63 0.000
120.423484 120.437384  1290.06   52.19  4.69 0.000
120.461192 120.475093  1282.87   51.91  4.67 0.000
120.498924 120.512824  1262.96   51.11  4.62 0.000
120.536632 120.550521  1250.24   50.60  4.58 0.000
120.574294 120.588206  1236.42   50.04  4.55 0.000
120.612002 120.625914  1219.33   49.36  4.50 0.000
120.649734 120.663634  1225.30   49.60  4.52 0.000
120.687454 120.701354  1183.92   47.94  4.41 0.000
120.725255 120.739155  1183.19   47.91  4.41 0.000
120.762986 120.776887  1181.80   47.85  4.41 0.000
120.800822 120.814722  1164.03   47.14  4.36 0.000
120.838519 120.852431  1153.46   46.72  4.33 0.000
