data/obs/c2h6/WDCGG/event/CV0001G.20151231235128.20170725000000.online_gc.ethane.air.1y.3262s.CV01L_Agilent_GC-FID_7890A_G3440A.CV01L_Manual_AIR_only.lev2.nas
72 1001
Punjabi, Shalini; Carpenter, Lucy
CV01L, National Institute of Meteorology and Geophysics, , , "Espargos, Ilha do Sal 76", , , , Cape Verde
Punjabi, Shalini
ACTRIS GAW-WDCRG
1 1
2016 01 01 2017 07 25
0
days from file reference point
5
1 1 1 1 1
999.999999 99999.99 9999.99 999.99 9.999
end_time of measurement, days from the file reference point
ethane, pmol/mol, Statistics=arithmetic mean, Detection limit=7.0 pmol/mol
ethane, pmol/mol, Statistics=expanded uncertainty 2sigma
ethane, pmol/mol, Statistics=precision
numflag, no unit
0
53
Data definition:              EBAS_1.1
Set type code:                TI
Timezone:                     UTC
File name:                    CV0001G.20151231235128.20170725000000.online_gc.ethane.air.1y.3262s.CV01L_Agilent_GC-FID_7890A_G3440A.CV01L_Manual_AIR_only.lev2.nas
File creation:                20190306184556
Startdate:                    20151231235128
Revision date:                20170725000000
Version:                      2
Version description:          First submission manually inspected
Data level:                   2
Period code:                  1y
Resolution code:              3262s
Sample duration:              20mn
Orig. time res.:              54mn
Station code:                 CV0001G
Platform code:                CV0001S
Station name:                 Cape Verde Atmospheric Observatory
Station GAW-ID:               CVO
Station setting:              Coastal
Station GAW type:             R
Station WMO region:           1
Station latitude:             16.86403
Station longitude:            -24.86752
Station altitude:             10.0m
Measurement height:           10.0m
Regime:                       IMG
Component:                    ethane
Unit:                         pmol/mol
Matrix:                       air
Instrument type:              online_gc
Laboratory code:              CV01L
Instrument name:              Agilent_GC-FID_7890A_G3440A
Instrument manufacturer:      Agilent
Instrument model:             7890A_uECD
Instrument serial number:     CN12191070
Method ref:                   CV01L_Manual_AIR_only
Standard method:              None
Calibration scale:            NPL
Calibration standard ID:      D910414 and D386632
Inlet type:                   Hat or hood
Inlet description:            Downward with hood, 15m total length, insulated, 1m/s flow
Volume std. temperature:      273.15 K
Volume std. pressure:         1013.25 hPa
Detection limit expl.:        Determined by the derived standard deviation of the integrated area of baseline signal over a time interval equal to avg peak width, data below detection limits are given appropriate flag
Measurement uncertainty expl.: expanded uncertainty 2 sigm and  it includes reproducibility (precision) + systematic error
Zero/negative values code:    Zero/negative possible
Zero/negative values:         Zero/negative filtered
Originator:                   Punjabi, Shalini, shalini.punjabi@york.ac.uk, National Centre for Atmospheric Science, NCAS, Wolfson Atmospheric Chemistry Laboratories, Innovation Way, , YO10 5DQ, York, Great Britain
Originator:                   Carpenter, Lucy, lucy.carpenter@york.ac.uk, National Centre for Atmospheric Science, NCAS, Wolfson Atmospheric Chemistry Laboratories, , Innovation Way, YO10 5DQ, York, Great Britain
Submitter:                    Punjabi, Shalini, shalini.punjabi@york.ac.uk, National Centre for Atmospheric Science, NCAS, Wolfson Atmospheric Chemistry Laboratories, Innovation Way, , YO10 5DQ, York, Great Britain
Acknowledgement:              Request details from data originator
Comment:                      Initial water removal in antifreeze mixture at -30 degree C before sample acquisition step. Second stage water removal by Sterling coolers at -40 degree C before preconcentrator unit.
starttime endtime C2H6 C2H6 C2H6 flag
[from data line 5539]
331.070984 331.084873   790.25   32.83   4.83 0.000
331.108750 331.122639   794.36   32.99   4.84 0.000
331.146493 331.160382   821.99   34.11   4.97 0.000
331.184236 331.198137   848.40   35.18   5.08 0.000
331.222025 331.235914   857.66   35.56   5.12 0.000
331.259792 331.273681   827.39   34.33   4.99 0.000
331.297546 331.311435   788.60   32.76   4.82 0.000
331.335336 331.349225   836.66   34.71   5.03 0.000
331.373102 331.387002   883.81   36.62   5.24 0.000
331.410868 331.424769   849.55   35.23   5.09 0.000
331.448623 331.462523   845.00   35.05   5.07 0.000
331.486354 331.500255   876.81   36.34   5.21 0.000
331.524109 331.537998   849.69   35.24   5.09 0.000
331.561863 331.575764   806.84   33.50   4.90 0.000
331.599664 331.613553   841.96   34.92   5.06 0.000
331.637488 331.651400   837.23   34.73   5.03 0.000
331.675313 331.689201   856.89   35.53   5.12 0.000
331.713113 331.727002   898.95   37.24   5.31 0.000
331.750938 331.764826   899.84   37.27   5.31 0.000
331.788704 331.802593   892.29   36.96   5.28 0.000
331.826424 331.840312   878.52   36.41   5.22 0.000
331.864155 331.878044   920.60   38.11   5.40 0.000
331.901921 331.915822   972.18   40.21   5.63 0.000
331.939722 331.953611  1017.55   42.05   5.83 0.000
331.977465 331.991366   994.50   41.11   5.73 0.000
332.015220 332.029120  1053.54   43.51   5.99 0.000
332.052986 332.066875  1070.12   44.18   6.06 0.000
332.090729 332.104641  1045.63   43.19   5.96 0.000
332.128507 332.142407  1037.33   42.85   5.92 0.000
332.166308 332.180208  1069.28   44.15   6.06 0.000
332.204063 332.217940  1044.08   43.13   5.95 0.000
332.241794 332.255706  1043.39   43.10   5.95 0.000
332.279572 332.293472  1033.23   42.69   5.90 0.000
332.317338 332.331227  1004.42   41.52   5.77 0.000
332.355127 332.369016   977.39   40.42   5.65 0.000
332.392882 332.406771   978.97   40.48   5.66 0.000
332.430648 332.444560   974.46   40.30   5.64 0.000
332.468449 332.482326   971.11   40.16   5.63 0.000
332.506169 332.520069   947.61   39.21   5.52 0.000
332.543900 332.557789   949.07   39.27   5.53 0.000
332.581644 332.595544   946.12   39.15   5.52 0.000
332.619456 332.633356   941.94   38.98   5.50 0.000
332.657269 332.671169   930.60   38.52   5.45 0.000
332.695046 332.708947   931.03   38.54   5.45 0.000
332.732847 332.746736   923.67   38.24   5.42 0.000
332.770660 332.784560   918.70   38.04   5.39 0.000
332.808438 332.822326   925.03   38.29   5.42 0.000
332.846227 332.860116   936.54   38.76   5.47 0.000
332.883958 332.897859   975.73   40.35   5.65 0.000
332.921736 332.935625   993.52   41.07   5.72 0.000
332.959502 332.973403  1006.34   41.59   5.78 0.000
332.997326 333.011215  1036.59   42.82   5.92 0.000
333.035012 333.048900  1048.17   43.29   5.97 0.000
333.072778 333.086667  1053.49   43.51   5.99 0.000
333.110498 333.124398  1053.90   43.52   5.99 0.000
333.148299 333.162188  1063.44   43.91   6.03 0.000
333.186076 333.199965  1074.93   44.38   6.08 0.000
333.223843 333.237743  1118.49   46.15   6.28 0.000
333.261597 333.275509  1135.56   46.84   6.35 0.000
333.299375 333.313264  1125.11   46.42   6.31 0.000
333.337141 333.351042  1077.05   44.46   6.09 0.000
333.374907 333.388796  1064.08   43.94   6.04 0.000
333.412674 333.426574  1054.54   43.55   5.99 0.000
333.450475 333.464375  1048.21   43.29   5.97 0.000
333.488194 333.502095  1039.99   42.96   5.93 0.000
333.525914 333.539803  1030.64   42.58   5.89 0.000
333.563669 333.577569  1028.80   42.51   5.88 0.000
333.601493 333.615382  1035.61   42.78   5.91 0.000
333.639294 333.653194  1033.66   42.70   5.90 0.000
333.677118 333.691019  1023.24   42.28   5.86 0.000
333.714954 333.728843  1020.58   42.17   5.84 0.000
333.752755 333.766644  1018.73   42.10   5.84 0.000
333.790521 333.804421  1022.93   42.27   5.85 0.000
333.828287 333.842199  1013.27   41.87   5.81 0.000
333.866053 333.879954  1014.90   41.94   5.82 0.000
333.903854 333.917755  1021.90   42.23   5.85 0.000
333.941574 333.955475  1030.44   42.57   5.89 0.000
333.979271 333.993171  1033.02   42.68   5.90 0.000
334.017002 334.030891  1038.46   42.90   5.92 0.000
334.054769 334.068657  1041.37   43.02   5.94 0.000
334.092535 334.106424  1049.70   43.35   5.97 0.000
334.130324 334.144225  1025.49   42.37   5.87 0.000
334.168090 334.181991   999.92   41.33   5.75 0.000
334.205856 334.219745   989.83   40.92   5.71 0.000
334.243657 334.257558   962.88   39.83   5.59 0.000
334.281435 334.295324   949.00   39.27   5.53 0.000
334.319190 334.333090   938.41   38.84   5.48 0.000
334.356968 334.370868   931.81   38.57   5.45 0.000
334.394722 334.408623   932.80   38.61   5.46 0.000
334.432512 334.446412   932.85   38.61   5.46 0.000
334.470324 334.484213   942.06   38.98   5.50 0.000
334.508044 334.521944   934.88   38.69   5.47 0.000
334.545799 334.559687   931.92   38.57   5.45 0.000
334.583565 334.597454   921.73   38.16   5.41 0.000
334.621366 334.635266   912.98   37.80   5.37 0.000
334.659236 334.673137   898.67   37.22   5.31 0.000
334.697060 334.710961   897.76   37.19   5.30 0.000
334.734884 334.748785   891.74   36.94   5.28 0.000
334.772685 334.786586   885.72   36.70   5.25 0.000
334.810475 334.824375   889.87   36.87   5.27 0.000
334.848310 334.862199   893.98   37.03   5.28 0.000
334.886053 334.899954   899.55   37.26   5.31 0.000
334.923796 334.937685   907.18   37.57   5.34 0.000
334.961551 334.975451   911.06   37.73   5.36 0.000
334.999317 335.013206   911.47   37.74   5.36 0.000
335.037072 335.050972   906.41   37.54   5.34 0.000
335.074838 335.088738   895.75   37.11   5.29 0.000
335.112604 335.126505   873.80   36.21   5.20 0.000
335.150382 335.164282   885.39   36.68   5.25 0.000
335.188137 335.202025   870.98   36.10   5.18 0.000
335.225903 335.239792   854.25   35.42   5.11 0.000
335.263634 335.277535   854.95   35.45   5.11 0.000
335.301412 335.315313   858.25   35.58   5.13 0.000
335.339167 335.353067   861.50   35.72   5.14 0.000
335.376921 335.390810   857.96   35.57   5.13 0.000
335.414653 335.428553   867.13   35.94   5.17 0.000
335.452454 335.466331   859.82   35.65   5.13 0.000
335.490139 335.504039   853.10   35.37   5.10 0.000
336.288102 336.302002   830.60   34.46   5.00 0.000
336.325868 336.339745   840.22   34.85   5.05 0.000
336.363623 336.377523   818.39   33.97   4.95 0.000
336.401400 336.415289   794.98   33.02   4.85 0.000
336.439178 336.453067   789.10   32.78   4.82 0.000
336.476968 336.490856   801.99   33.30   4.88 0.000
336.514687 336.528576   787.51   32.71   4.81 0.000
336.552407 336.566308   802.46   33.32   4.88 0.000
336.590185 336.604086   789.25   32.79   4.82 0.000
336.627951 336.641852   766.51   31.86   4.72 0.000
336.665741 336.679641   755.89   31.43   4.67 0.000
336.703530 336.717419   791.94   32.89   4.83 0.000
336.741308 336.755208   790.37   32.83   4.83 0.000
336.779097 336.792986   787.92   32.73   4.82 0.000
336.816817 336.830718   779.72   32.40   4.78 0.000
336.854549 336.868449   771.33   32.06   4.74 0.000
336.892315 336.906215   757.76   31.51   4.68 0.000
336.930058 336.943958   736.58   30.65   4.59 0.000
336.967789 336.981678   721.86   30.05   4.52 0.000
337.005544 337.019444   758.32   31.53   4.69 0.000
337.043264 337.057164   762.97   31.72   4.71 0.000
337.080984 337.094873   745.23   31.00   4.63 0.000
337.118692 337.132581   732.31   30.48   4.57 0.000
337.156424 337.170313   734.86   30.58   4.58 0.000
337.194178 337.208079   717.04   29.86   4.50 0.000
337.231933 337.245833   715.31   29.79   4.50 0.000
337.269699 337.283600   708.21   29.50   4.46 0.000
337.307396 337.321285   702.04   29.25   4.44 0.000
337.345139 337.359028   695.94   29.00   4.41 0.000
337.382894 337.396782   676.61   28.22   4.32 0.000
337.420637 337.434537   657.57   27.45   4.24 0.000
337.458380 337.472280   635.93   26.57   4.14 0.000
337.496065 337.509965   602.69   25.23   4.00 0.000
337.533773 337.547662   587.92   24.63   3.93 0.000
337.571470 337.585359   588.39   24.65   3.93 0.000
337.609213 337.623113   583.33   24.45   3.91 0.000
337.646968 337.660868   578.53   24.25   3.89 0.000
337.684711 337.698600   565.92   23.74   3.83 0.000
337.722454 337.736343   554.58   23.28   3.78 0.000
337.760185 337.774074   548.79   23.05   3.76 0.000
337.797928 337.811817   548.06   23.02   3.76 0.000
337.835671 337.849560   568.40   23.84   3.85 0.000
337.873380 337.887280   571.60   23.97   3.86 0.000
337.911100 337.924988   588.12   24.64   3.93 0.000
337.948785 337.962674   590.68   24.74   3.94 0.000
337.986470 338.000370   607.72   25.43   4.02 0.000
338.024201 338.038102   623.99   26.09   4.09 0.000
338.062106 338.076007   619.11   25.89   4.07 0.000
338.099907 338.113796   630.16   26.34   4.12 0.000
338.137650 338.151539   618.52   25.87   4.07 0.000
338.175405 338.189306   655.67   27.37   4.23 0.000
338.213171 338.227072   659.86   27.54   4.25 0.000
338.250926 338.264826   659.57   27.53   4.25 0.000
338.288681 338.302581   705.08   29.37   4.45 0.000
338.326447 338.340347   771.46   32.06   4.74 0.000
338.364190 338.378079   788.06   32.74   4.82 0.000
338.401933 338.415822   795.26   33.03   4.85 0.000
338.439676 338.453565   807.51   33.53   4.90 0.000
338.477442 338.491343   869.63   36.05   5.18 0.000
338.515127 338.529016   881.68   36.53   5.23 0.000
338.552917 338.566829   955.15   39.52   5.56 0.000
338.590660 338.604549  1014.25   41.91   5.82 0.000
338.628380 338.642269  1066.96   44.05   6.05 0.000
338.666065 338.679954  1070.00   44.18   6.06 0.000
338.703785 338.717685   997.90   41.25   5.74 0.000
338.741481 338.755370  1046.30   43.22   5.96 0.000
338.779225 338.793125  1043.26   43.09   5.94 0.000
338.816991 338.830880  1055.46   43.59   6.00 0.000
338.854803 338.868692  1027.50   42.45   5.88 0.000
338.892477 338.906377  1036.86   42.83   5.92 0.000
338.930220 338.944109  1039.15   42.93   5.93 0.000
338.967951 338.981852  1045.28   43.17   5.95 0.000
339.005729 339.019618  1061.88   43.85   6.03 0.000
339.043449 339.057350  1080.64   44.61   6.11 0.000
339.081215 339.095116  1087.26   44.88   6.14 0.000
339.118970 339.132859  1096.85   45.27   6.18 0.000
339.156690 339.170590  1115.28   46.02   6.26 0.000
339.194468 339.208368  1106.30   45.65   6.22 0.000
339.232199 339.246100  1104.06   45.56   6.21 0.000
339.269942 339.283843  1091.86   45.07   6.16 0.000
339.307708 339.321597  1084.18   44.75   6.13 0.000
339.345428 339.359329  1090.51   45.01   6.15 0.000
339.383183 339.397083  1087.77   44.90   6.14 0.000
339.420937 339.434838  1067.29   44.07   6.05 0.000
339.458692 339.472593  1064.20   43.94   6.04 0.000
339.496470 339.510370  1074.24   44.35   6.08 0.000
339.534259 339.548160  1061.51   43.83   6.03 0.000
339.571968 339.585868  1077.93   44.50   6.10 0.000
339.609699 339.623600  1100.23   45.41   6.20 0.000
339.647488 339.661377  1083.84   44.74   6.12 0.000
339.685220 339.699109  1060.62   43.80   6.02 0.000
339.722940 339.736840  1068.99   44.14   6.06 0.000
339.760694 339.774583  1053.51   43.51   5.99 0.000
339.798414 339.812315  1049.88   43.36   5.97 0.000
339.836088 339.849988  1069.76   44.17   6.06 0.000
339.873831 339.887731  1102.35   45.49   6.21 0.000
339.911539 339.925440  1101.34   45.45   6.20 0.000
339.949271 339.963171  1091.71   45.06   6.16 0.000
339.987037 340.000926  1099.69   45.38   6.19 0.000
340.024803 340.038704  1095.17   45.20   6.17 0.000
340.062569 340.076458  1102.44   45.50   6.21 0.000
340.100301 340.114190  1098.90   45.35   6.19 0.000
340.138056 340.151956  1109.81   45.79   6.24 0.000
340.175787 340.189687  1099.20   45.36   6.19 0.000
340.213553 340.227442  1095.25   45.20   6.17 0.000
340.251285 340.265185  1097.04   45.28   6.18 0.000
340.289016 340.302917  1097.40   45.29   6.18 0.000
340.326794 340.340683  1088.01   44.91   6.14 0.000
340.364549 340.378449  1086.22   44.84   6.13 0.000
340.402303 340.416204  1092.82   45.10   6.16 0.000
340.440035 340.453924  1086.34   44.84   6.14 0.000
340.477778 340.491667  1090.73   45.02   6.15 0.000
340.515544 340.529433  1085.53   44.81   6.13 0.000
340.553218 340.567118  1069.67   44.16   6.06 0.000
340.590891 340.604792  1055.71   43.60   6.00 0.000
340.628600 340.642488  1034.06   42.72   5.90 0.000
340.666331 340.680231  1038.02   42.88   5.92 0.000
340.704051 340.717951  1038.50   42.90   5.92 0.000
340.741759 340.755648  1043.26   43.09   5.94 0.000
340.779444 340.793333  1036.91   42.83   5.92 0.000
340.817141 340.831042  1039.89   42.96   5.93 0.000
340.854884 340.868773  1049.92   43.36   5.97 0.000
340.892627 340.906528  1060.64   43.80   6.02 0.000
340.930370 340.944271  1067.96   44.10   6.05 0.000
340.968113 340.982014  1058.50   43.71   6.01 0.000
341.005833 341.019722  1056.14   43.62   6.00 0.000
341.043576 341.057465  1054.31   43.54   5.99 0.000
341.081308 341.095208  1080.98   44.62   6.11 0.000
341.119051 341.132951  1098.72   45.34   6.19 0.000
341.156817 341.170718  1106.32   45.65   6.22 0.000
341.194560 341.208449  1105.89   45.64   6.22 0.000
341.232303 341.246192  1113.70   45.95   6.26 0.000
341.270035 341.283935  1106.88   45.68   6.23 0.000
341.307801 341.321701  1087.16   44.87   6.14 0.000
341.345556 341.359444  1076.70   44.45   6.09 0.000
341.383275 341.397187  1074.62   44.37   6.08 0.000
341.421053 341.434942  1072.89   44.30   6.08 0.000
341.458785 341.472685  1071.59   44.24   6.07 0.000
341.496562 341.510463  1079.46   44.56   6.10 0.000
341.534317 341.548218  1086.01   44.83   6.13 0.000
341.572049 341.585938  1100.71   45.43   6.20 0.000
341.609757 341.623657  1103.65   45.54   6.21 0.000
341.647535 341.661424  1099.77   45.39   6.19 0.000
341.685324 341.699213  1096.51   45.25   6.18 0.000
341.723125 341.737014  1092.24   45.08   6.16 0.000
341.760903 341.774792  1078.72   44.53   6.10 0.000
341.798692 341.812593  1052.46   43.47   5.99 0.000
341.836424 341.850324  1025.43   42.37   5.87 0.000
341.874109 341.888009  1000.60   41.36   5.76 0.000
341.911863 341.925752   982.77   40.64   5.68 0.000
341.949618 341.963507   969.85   40.11   5.62 0.000
341.987350 342.001250   962.54   39.82   5.59 0.000
342.025104 342.038993   973.87   40.28   5.64 0.000
342.062847 342.076736   957.17   39.60   5.56 0.000
342.100590 342.114479   908.63   37.63   5.35 0.000
342.138333 342.152222   880.98   36.51   5.23 0.000
342.176100 342.190000   882.59   36.57   5.23 0.000
342.213866 342.227755   876.30   36.32   5.21 0.000
342.251597 342.265486   875.60   36.29   5.20 0.000
342.289340 342.303229   877.77   36.38   5.21 0.000
342.327049 342.340949   887.66   36.78   5.26 0.000
342.364815 342.378704   887.85   36.78   5.26 0.000
342.402558 342.416447   883.96   36.63   5.24 0.000
342.440301 342.454190   885.90   36.71   5.25 0.000
342.478032 342.491933   885.76   36.70   5.25 0.000
342.818912 342.832801 99999.99 9999.99 999.99 0.999
342.856609 342.870509   879.75   36.46   5.22 0.000
342.894329 342.908229   844.56   35.03   5.07 0.000
342.932083 342.945972   923.43   38.23   5.42 0.000
342.969815 342.983715   938.01   38.82   5.48 0.000
343.007558 343.021458   938.13   38.82   5.48 0.000
343.045301 343.059201   959.99   39.71   5.58 0.000
343.083032 343.096921   963.12   39.84   5.59 0.000
343.120787 343.134699   962.80   39.83   5.59 0.000
343.158530 343.172431   943.14   39.03   5.50 0.000
343.196262 343.210162   938.73   38.85   5.48 0.000
343.234016 343.247917   924.46   38.27   5.42 0.000
343.271771 343.285660   927.50   38.39   5.43 0.000
343.309525 343.323426   927.98   38.41   5.44 0.000
343.347280 343.361181   923.02   38.21   5.41 0.000
343.385035 343.398935   918.61   38.03   5.39 0.000
343.422778 343.436678   928.60   38.44   5.44 0.000
343.460532 343.474421   915.01   37.89   5.38 0.000
343.498287 343.512187   910.60   37.71   5.36 0.000
343.535972 343.549861   908.50   37.62   5.35 0.000
343.573669 343.587558   909.06   37.65   5.35 0.000
343.611389 343.625278   903.18   37.41   5.33 0.000
343.649178 343.663067   905.28   37.49   5.33 0.000
343.686991 343.700880   906.31   37.53   5.34 0.000
