data/obs/c2h6/WDCGG/event/CV0001G.20151231235128.20170725000000.online_gc.ethane.air.1y.3262s.CV01L_Agilent_GC-FID_7890A_G3440A.CV01L_Manual_AIR_only.lev2.nas
72 1001
Punjabi, Shalini; Carpenter, Lucy
CV01L, National Institute of Meteorology and Geophysics, , , "Espargos, Ilha do Sal 76", , , , Cape Verde
Punjabi, Shalini
ACTRIS GAW-WDCRG
1 1
2016 01 01 2017 07 25
0
days from file reference point
5
1 1 1 1 1
999.999999 99999.99 9999.99 999.99 9.999
end_time of measurement, days from the file reference point
ethane, pmol/mol, Statistics=arithmetic mean, Detection limit=7.0 pmol/mol
ethane, pmol/mol, Statistics=expanded uncertainty 2sigma
ethane, pmol/mol, Statistics=precision
numflag, no unit
0
53
Data definition:              EBAS_1.1
Set type code:                TI
Timezone:                     UTC
File name:                    CV0001G.20151231235128.20170725000000.online_gc.ethane.air.1y.3262s.CV01L_Agilent_GC-FID_7890A_G3440A.CV01L_Manual_AIR_only.lev2.nas
File creation:                20190306184556
Startdate:                    20151231235128
Revision date:                20170725000000
Version:                      2
Version description:          First submission manually inspected
Data level:                   2
Period code:                  1y
Resolution code:              3262s
Sample duration:              20mn
Orig. time res.:              54mn
Station code:                 CV0001G
Platform code:                CV0001S
Station name:                 Cape Verde Atmospheric Observatory
Station GAW-ID:               CVO
Station setting:              Coastal
Station GAW type:             R
Station WMO region:           1
Station latitude:             16.86403
Station longitude:            -24.86752
Station altitude:             10.0m
Measurement height:           10.0m
Regime:                       IMG
Component:                    ethane
Unit:                         pmol/mol
Matrix:                       air
Instrument type:              online_gc
Laboratory code:              CV01L
Instrument name:              Agilent_GC-FID_7890A_G3440A
Instrument manufacturer:      Agilent
Instrument model:             7890A_uECD
Instrument serial number:     CN12191070
Method ref:                   CV01L_Manual_AIR_only
Standard method:              None
Calibration scale:            NPL
Calibration standard ID:      D910414 and D386632
Inlet type:                   Hat or hood
Inlet description:            Downward with hood, 15m total length, insulated, 1m/s flow
Volume std. temperature:      273.15 K
Volume std. pressure:         1013.25 hPa
Detection limit expl.:        Determined by the derived standard deviation of the integrated area of baseline signal over a time interval equal to avg peak width, data below detection limits are given appropriate flag
Measurement uncertainty expl.: expanded uncertainty 2 sigm and  it includes reproducibility (precision) + systematic error
Zero/negative values code:    Zero/negative possible
Zero/negative values:         Zero/negative filtered
Originator:                   Punjabi, Shalini, shalini.punjabi@york.ac.uk, National Centre for Atmospheric Science, NCAS, Wolfson Atmospheric Chemistry Laboratories, Innovation Way, , YO10 5DQ, York, Great Britain
Originator:                   Carpenter, Lucy, lucy.carpenter@york.ac.uk, National Centre for Atmospheric Science, NCAS, Wolfson Atmospheric Chemistry Laboratories, , Innovation Way, YO10 5DQ, York, Great Britain
Submitter:                    Punjabi, Shalini, shalini.punjabi@york.ac.uk, National Centre for Atmospheric Science, NCAS, Wolfson Atmospheric Chemistry Laboratories, Innovation Way, , YO10 5DQ, York, Great Britain
Acknowledgement:              Request details from data originator
Comment:                      Initial water removal in antifreeze mixture at -30 degree C before sample acquisition step. Second stage water removal by Sterling coolers at -40 degree C before preconcentrator unit.
starttime endtime C2H6 C2H6 C2H6 flag
[from data line 5231]
316.645984 316.659873   961.97   39.79   5.59 0.000
316.683727 316.697616   978.96   40.48   5.66 0.000
316.721447 316.735347   970.55   40.14   5.62 0.000
316.759178 316.773067   962.25   39.80   5.59 0.000
316.796875 316.810775   970.10   40.12   5.62 0.000
316.834583 316.848472   973.07   40.24   5.63 0.000
316.872292 316.886181   964.36   39.89   5.60 0.000
316.910035 316.923935   969.95   40.12   5.62 0.000
316.947801 316.961690   971.15   40.17   5.63 0.000
316.985556 316.999433   969.76   40.11   5.62 0.000
317.023310 317.037211   979.36   40.50   5.66 0.000
317.061227 317.075116   984.91   40.72   5.69 0.000
317.098993 317.112894   982.00   40.61   5.67 0.000
317.136736 317.150625   985.68   40.75   5.69 0.000
317.174502 317.188391   981.15   40.57   5.67 0.000
317.212269 317.226157   979.41   40.50   5.66 0.000
317.250035 317.263924   985.10   40.73   5.69 0.000
317.287778 317.301678   985.63   40.75   5.69 0.000
317.325509 317.339421   986.44   40.79   5.69 0.000
317.363275 317.377176   990.04   40.93   5.71 0.000
317.401030 317.414931   980.60   40.55   5.67 0.000
317.438808 317.452697   971.51   40.18   5.63 0.000
317.476609 317.490498   957.01   39.59   5.56 0.000
317.514329 317.528229   930.48   38.51   5.45 0.000
317.552072 317.565961   918.63   38.03   5.39 0.000
317.589815 317.603715   919.86   38.08   5.40 0.000
317.627593 317.641493   914.22   37.85   5.37 0.000
317.665359 317.679259   908.50   37.62   5.35 0.000
317.703113 317.717014   909.49   37.66   5.35 0.000
317.740880 317.754769   900.03   37.28   5.31 0.000
317.778623 317.792512   901.59   37.34   5.32 0.000
317.816366 317.830266   912.47   37.78   5.37 0.000
317.854144 317.868044   913.77   37.84   5.37 0.000
317.891898 317.905799   923.91   38.25   5.42 0.000
317.929664 317.943553   930.11   38.50   5.44 0.000
317.967431 317.981331   942.72   39.01   5.50 0.000
318.005174 318.019063   953.68   39.46   5.55 0.000
318.042917 318.056817   960.94   39.75   5.58 0.000
318.080694 318.094583   947.82   39.22   5.52 0.000
318.118438 318.132326   945.97   39.14   5.51 0.000
318.156204 318.170093   963.16   39.84   5.59 0.000
318.193958 318.207859   968.42   40.05   5.61 0.000
318.231725 318.245613   969.83   40.11   5.62 0.000
318.269468 318.283368   970.12   40.12   5.62 0.000
318.307245 318.321146   980.84   40.56   5.67 0.000
318.345012 318.358900   985.87   40.76   5.69 0.000
318.382743 318.396644  1000.61   41.36   5.76 0.000
318.420509 318.434410  1022.47   42.25   5.85 0.000
318.458275 318.472176  1050.73   43.40   5.98 0.000
318.496065 318.509954  1057.39   43.67   6.01 0.000
318.533819 318.547708  1066.26   44.03   6.05 0.000
318.571933 318.585822  1028.55   42.50   5.88 0.000
318.609745 318.623646  1034.67   42.74   5.91 0.000
318.647593 318.661493  1042.45   43.06   5.94 0.000
318.685394 318.699294  1057.01   43.65   6.01 0.000
318.723206 318.737095  1145.47   47.24   6.40 0.000
318.761042 318.774931  1200.71   49.49   6.64 0.000
318.798866 318.812766  1236.57   50.94   6.80 0.000
318.836690 318.850590  1253.32   51.62   6.87 0.000
318.874525 318.888414  1297.14   53.40   7.07 0.000
318.912326 318.926227  1284.34   52.88   7.01 0.000
318.950081 318.963981  1211.35   49.92   6.69 0.000
318.987882 319.001782  1180.24   48.66   6.55 0.000
319.025648 319.039537  1148.60   47.37   6.41 0.000
319.063414 319.077315  1143.73   47.17   6.39 0.000
319.101192 319.115081  1155.65   47.66   6.44 0.000
319.138912 319.152801  1179.83   48.64   6.55 0.000
319.176678 319.190567  1199.22   49.43   6.63 0.000
319.214444 319.228333  1216.17   50.11   6.71 0.000
319.252187 319.266088  1277.01   52.59   6.98 0.000
319.289954 319.303843  1402.28   57.68   7.53 0.000
319.327720 319.341609  1491.36   61.30   7.93 0.000
319.365498 319.379387  1664.12   68.32   8.69 0.000
319.403264 319.417153  1847.73   75.78   9.50 0.000
319.441030 319.454931  1975.62   80.98  10.07 0.000
319.478819 319.492731  1979.19   81.12  10.08 0.000
319.516539 319.530440  1911.97   78.39   9.78 0.000
319.554664 319.568565  1869.96   76.68   9.60 0.000
319.592512 319.606400  1851.59   75.94   9.52 0.000
319.630313 319.644201  1810.98   74.29   9.34 0.000
319.668403 319.682303  1792.13   73.52   9.26 0.000
319.706505 319.720405  1781.08   73.07   9.21 0.000
319.744583 319.758472  1816.21   74.50   9.36 0.000
319.782720 319.796609  1786.25   73.28   9.23 0.000
319.820509 319.834410  1775.19   72.83   9.18 0.000
319.858333 319.872222  1811.55   74.31   9.34 0.000
319.896076 319.909965  1858.89   76.23   9.55 0.000
319.933819 319.947720  1938.83   79.48   9.90 0.000
319.971551 319.985440  2025.31   83.00  10.29 0.000
320.009271 320.023160  1995.48   81.79  10.15 0.000
320.047002 320.060903  1866.90   76.56   9.59 0.000
320.084757 320.098657  1758.48   72.15   9.11 0.000
320.122523 320.136424  1654.44   67.92   8.65 0.000
320.160289 320.174190  1515.84   62.29   8.03 0.000
320.198079 320.211979  1339.01   55.10   7.25 0.000
320.235868 320.249757  1310.71   53.95   7.13 0.000
320.273623 320.287512  1179.52   48.63   6.55 0.000
320.311377 320.325278  1124.70   46.40   6.30 0.000
320.349155 320.363044  1147.18   47.31   6.40 0.000
320.386898 320.400787  1154.93   47.63   6.44 0.000
320.424676 320.438576  1120.53   46.23   6.29 0.000
320.462477 320.476366  1117.49   46.11   6.27 0.000
320.500185 320.514086  1103.44   45.54   6.21 0.000
320.538194 320.552083  1078.74   44.53   6.10 0.000
320.576319 320.590220  1089.18   44.96   6.15 0.000
320.614525 320.628414  1108.76   45.75   6.23 0.000
320.652315 320.666215  1094.92   45.19   6.17 0.000
320.690104 320.703993  1090.72   45.02   6.15 0.000
320.727870 320.741771  1072.66   44.29   6.07 0.000
320.765625 320.779525  1059.41   43.75   6.02 0.000
320.803356 320.817257  1032.68   42.66   5.90 0.000
320.841065 320.854954  1045.21   43.17   5.95 0.000
320.878796 320.892685  1041.51   43.02   5.94 0.000
320.916539 320.930440  1032.30   42.65   5.90 0.000
320.954317 320.968206  1013.84   41.90   5.81 0.000
320.992072 321.005972  1015.71   41.97   5.82 0.000
321.029838 321.043738  1001.67   41.40   5.76 0.000
321.067616 321.081516  1001.79   41.41   5.76 0.000
321.105359 321.119248   996.54   41.20   5.74 0.000
321.143125 321.157014  1006.32   41.59   5.78 0.000
321.180891 321.194780  1011.27   41.79   5.80 0.000
321.218681 321.232581  1012.37   41.84   5.81 0.000
321.256412 321.270301  1021.83   42.22   5.85 0.000
321.294190 321.308079  1021.34   42.20   5.85 0.000
321.331944 321.345856  1028.73   42.50   5.88 0.000
321.369687 321.383588  1016.96   42.02   5.83 0.000
321.407500 321.421389  1011.91   41.82   5.81 0.000
321.445243 321.459132  1002.48   41.44   5.76 0.000
321.483021 321.496921   977.15   40.41   5.65 0.000
321.520787 321.534688   989.78   40.92   5.71 0.000
321.558553 321.572454   984.02   40.69   5.68 0.000
321.596331 321.610231  1152.03   47.51   6.43 0.000
321.634039 321.647928  1221.67   50.34   6.73 0.000
321.671863 321.685741  1162.61   47.94   6.47 0.000
321.709549 321.723449  1122.14   46.30   6.29 0.000
321.747269 321.761169  1144.69   47.21   6.39 0.000
321.785058 321.798947  1137.19   46.91   6.36 0.000
321.822789 321.836690  1124.71   46.40   6.30 0.000
321.860556 321.874468  1150.04   47.43   6.42 0.000
321.898310 321.912199  1200.23   49.47   6.64 0.000
321.936088 321.949988  1258.32   51.83   6.90 0.000
321.973889 321.987778  1267.61   52.20   6.94 0.000
322.011644 322.025532  1254.10   51.66   6.88 0.000
322.049410 322.063299  1248.00   51.41   6.85 0.000
322.087153 322.101053  1239.08   51.05   6.81 0.000
322.124942 322.138831  1235.13   50.88   6.79 0.000
322.162708 322.176597  1225.39   50.49   6.75 0.000
322.200509 322.214398  1212.16   49.95   6.69 0.000
322.238287 322.252176  1195.28   49.27   6.62 0.000
322.276088 322.289977  1182.88   48.76   6.56 0.000
322.313866 322.327766  1132.30   46.71   6.34 0.000
322.351655 322.365556  1100.73   45.43   6.20 0.000
322.389456 322.403356  1002.65   41.44   5.77 0.000
322.427222 322.441111   794.36   32.99   4.84 0.000
322.464977 322.478866   856.75   35.52   5.12 0.000
322.502743 322.516632   836.68   34.71   5.03 0.000
322.540567 322.554468   911.14   37.73   5.36 0.000
322.578322 322.592222  1075.41   44.40   6.09 0.000
322.616053 322.629942  1091.03   45.03   6.16 0.000
322.653808 322.667708  1071.25   44.23   6.07 0.000
322.691562 322.705463  1157.81   47.74   6.45 0.000
322.729317 322.743206  1146.48   47.28   6.40 0.000
322.767083 322.780972  1174.14   48.41   6.52 0.000
322.804838 322.818738  1174.63   48.43   6.53 0.000
322.842650 322.856539  1198.40   49.39   6.63 0.000
322.880359 322.894259  1260.13   51.90   6.90 0.000
322.918090 322.931991  1263.08   52.02   6.92 0.000
322.955833 322.969734  1243.93   51.24   6.83 0.000
322.993576 323.007477  1246.23   51.34   6.84 0.000
323.031354 323.045243  1235.35   50.89   6.79 0.000
323.069109 323.083009  1239.78   51.07   6.81 0.000
323.106898 323.120787  1243.49   51.22   6.83 0.000
323.144676 323.158565  1221.71   50.34   6.73 0.000
323.182442 323.196331  1240.70   51.11   6.82 0.000
323.220231 323.234120  1237.65   50.99   6.80 0.000
323.257998 323.271898  1249.85   51.48   6.86 0.000
323.295775 323.309687  1225.47   50.49   6.75 0.000
323.333530 323.347431  1239.25   51.05   6.81 0.000
323.371285 323.385185  1276.76   52.58   6.98 0.000
323.409063 323.422951  1287.19   53.00   7.02 0.000
323.446852 323.460752  1310.21   53.93   7.12 0.000
323.484606 323.498495  1347.07   55.43   7.29 0.000
323.522338 323.536238  1392.24   57.27   7.49 0.000
323.560058 323.573947  1384.29   56.94   7.45 0.000
323.597789 323.611678  1361.42   56.02   7.35 0.000
323.635498 323.649410  1308.00   53.84   7.12 0.000
323.673241 323.687141  1254.38   51.67   6.88 0.000
323.710972 323.724873  1238.73   51.03   6.81 0.000
323.748715 323.762604  1217.08   50.15   6.71 0.000
323.786458 323.800359  1209.27   49.83   6.68 0.000
323.824201 323.838090  1126.63   46.48   6.31 0.000
323.861956 323.875845  1086.64   44.85   6.14 0.000
323.899722 323.913634   963.07   39.84   5.59 0.000
323.937512 323.951400   981.74   40.60   5.67 0.000
323.975278 323.989167   953.37   39.44   5.55 0.000
324.013044 324.026933   928.91   38.45   5.44 0.000
324.050961 324.064861   898.52   37.22   5.31 0.000
324.088738 324.102616   791.77   32.89   4.83 0.000
324.126505 324.140394   815.68   33.86   4.94 0.000
324.164259 324.178160   795.15   33.02   4.85 0.000
324.202037 324.215937   761.33   31.65   4.70 0.000
324.239826 324.253715   739.73   30.78   4.60 0.000
324.277604 324.291481   725.15   30.19   4.54 0.000
324.315382 324.329282   717.62   29.88   4.51 0.000
324.353160 324.367049   704.13   29.34   4.45 0.000
324.390891 324.404780   741.69   30.86   4.61 0.000
324.428634 324.442523   738.96   30.75   4.60 0.000
324.466377 324.480266   763.99   31.76   4.71 0.000
324.504144 324.518032   737.08   30.67   4.59 0.000
324.541910 324.555799   706.00   29.41   4.45 0.000
324.579687 324.593576   716.93   29.85   4.50 0.000
324.617477 324.631366   741.65   30.86   4.61 0.000
324.655185 324.669086   756.89   31.47   4.68 0.000
324.692963 324.706852   768.82   31.96   4.73 0.000
324.730694 324.744583   770.84   32.04   4.74 0.000
324.768461 324.782350   771.39   32.06   4.74 0.000
324.806204 324.820104   783.63   32.56   4.80 0.000
324.843947 324.857859   763.60   31.75   4.71 0.000
324.881713 324.895602   761.33   31.65   4.70 0.000
324.919479 324.933368   755.21   31.41   4.67 0.000
324.957234 324.971123   762.70   31.71   4.70 0.000
324.995000 325.008889   788.77   32.77   4.82 0.000
325.032755 325.046667   779.71   32.40   4.78 0.000
325.070498 325.084387   802.52   33.32   4.88 0.000
325.108287 325.122176   771.96   32.08   4.75 0.000
325.146065 325.159954   752.30   31.29   4.66 0.000
325.183831 325.197720   751.78   31.27   4.66 0.000
325.221597 325.235498   745.74   31.02   4.63 0.000
325.259363 325.273252   742.05   30.87   4.61 0.000
325.297049 325.310949   742.73   30.90   4.62 0.000
325.334815 325.348704   725.90   30.22   4.54 0.000
325.448692 325.462581   792.73   32.93   4.84 0.000
325.483275 325.497176   747.80   31.11   4.64 0.000
325.521030 325.534919   691.93   28.84   4.39 0.000
325.558819 325.572720   714.66   29.76   4.49 0.000
325.596620 325.610521   744.33   30.96   4.62 0.000
325.634398 325.648299   752.60   31.30   4.66 0.000
326.225359 326.239259   761.35   31.65   4.70 0.000
326.263148 326.277049   761.06   31.64   4.70 0.000
326.300972 326.314861   744.19   30.96   4.62 0.000
326.338773 326.352662   756.74   31.47   4.68 0.000
326.376586 326.390486   746.15   31.04   4.63 0.000
326.414398 326.428287   762.46   31.70   4.70 0.000
326.452211 326.466111   768.15   31.93   4.73 0.000
326.489988 326.503877   764.28   31.77   4.71 0.000
326.527778 326.541678   730.39   30.40   4.56 0.000
326.565509 326.579410   718.37   29.91   4.51 0.000
326.603241 326.617130   675.97   28.19   4.32 0.000
326.640961 326.654850   605.35   25.34   4.01 0.000
327.227025 327.240903   682.98   28.48   4.35 0.000
327.264792 327.278681   685.35   28.57   4.36 0.000
327.302581 327.316481   679.37   28.33   4.34 0.000
327.340359 327.354248   670.59   27.98   4.30 0.000
327.378090 327.392002   669.38   27.93   4.29 0.000
327.415937 327.429838   676.71   28.22   4.32 0.000
327.453727 327.467616   695.77   29.00   4.41 0.000
327.491493 327.505394   691.55   28.83   4.39 0.000
327.529363 327.543252   687.42   28.66   4.37 0.000
327.567095 327.580995   678.41   28.29   4.33 0.000
327.604884 327.618785   676.35   28.21   4.32 0.000
328.189861 328.203762   668.10   27.88   4.29 0.000
328.227639 328.241528   681.91   28.44   4.35 0.000
328.265394 328.279294   677.84   28.27   4.33 0.000
328.303160 328.317060   688.74   28.71   4.38 0.000
328.340937 328.354838   696.68   29.03   4.41 0.000
328.378715 328.392616   687.81   28.67   4.37 0.000
328.416493 328.430382   694.69   28.95   4.40 0.000
328.454259 328.468160   694.73   28.95   4.40 0.000
328.491968 328.505868   680.07   28.36   4.34 0.000
328.529699 328.543600   673.43   28.09   4.31 0.000
328.567500 328.581389   673.66   28.10   4.31 0.000
328.605324 328.619225   675.51   28.18   4.32 0.000
329.182813 329.196713  1066.72   44.04   6.05 0.000
329.220579 329.234479  1101.14   45.44   6.20 0.000
329.258368 329.272269  1095.45   45.21   6.18 0.000
329.296123 329.310012  1050.18   43.37   5.98 0.000
329.333866 329.347755  1028.67   42.50   5.88 0.000
329.371632 329.385521   980.50   40.54   5.67 0.000
329.409398 329.423287   952.29   39.40   5.54 0.000
329.447164 329.461053   940.09   38.90   5.49 0.000
329.484931 329.498819   946.18   39.15   5.52 0.000
329.522639 329.536528   936.39   38.75   5.47 0.000
330.088877 330.102766   723.04   30.10   4.53 0.000
330.126632 330.140532   706.77   29.44   4.46 0.000
330.164398 330.178287   604.15   25.29   4.00 0.000
330.202130 330.216042   583.97   24.47   3.91 0.000
330.239896 330.253796   591.83   24.79   3.95 0.000
330.277662 330.291562   584.81   24.51   3.92 0.000
330.315440 330.329340   595.43   24.93   3.97 0.000
330.353218 330.367106   601.67   25.19   3.99 0.000
330.390972 330.404884   608.40   25.46   4.02 0.000
330.428738 330.442627   612.74   25.64   4.04 0.000
330.466516 330.480417   601.07   25.16   3.99 0.000
330.504306 330.518206   600.04   25.12   3.99 0.000
330.542095 330.555984   600.55   25.14   3.99 0.000
330.579861 330.593762   601.94   25.20   3.99 0.000
330.617650 330.631551   604.18   25.29   4.00 0.000
330.655440 330.669340   594.62   24.90   3.96 0.000
330.693206 330.707095   592.84   24.83   3.95 0.000
330.730984 330.744884   584.49   24.49   3.92 0.000
330.768762 330.782662   596.95   25.00   3.97 0.000
330.806516 330.820405   616.41   25.78   4.06 0.000
330.844271 330.858171   630.09   26.34   4.12 0.000
330.882014 330.895914   635.70   26.56   4.14 0.000
330.919769 330.933657   655.59   27.37   4.23 0.000
330.957523 330.971424   667.19   27.84   4.28 0.000
330.995301 331.009190   637.51   26.64   4.15 0.000
