data/obs/c2h6/WDCGG/event/CV0001G.20151231235128.20170725000000.online_gc.ethane.air.1y.3262s.CV01L_Agilent_GC-FID_7890A_G3440A.CV01L_Manual_AIR_only.lev2.nas
72 1001
Punjabi, Shalini; Carpenter, Lucy
CV01L, National Institute of Meteorology and Geophysics, , , "Espargos, Ilha do Sal 76", , , , Cape Verde
Punjabi, Shalini
ACTRIS GAW-WDCRG
1 1
2016 01 01 2017 07 25
0
days from file reference point
5
1 1 1 1 1
999.999999 99999.99 9999.99 999.99 9.999
end_time of measurement, days from the file reference point
ethane, pmol/mol, Statistics=arithmetic mean, Detection limit=7.0 pmol/mol
ethane, pmol/mol, Statistics=expanded uncertainty 2sigma
ethane, pmol/mol, Statistics=precision
numflag, no unit
0
53
Data definition:              EBAS_1.1
Set type code:                TI
Timezone:                     UTC
File name:                    CV0001G.20151231235128.20170725000000.online_gc.ethane.air.1y.3262s.CV01L_Agilent_GC-FID_7890A_G3440A.CV01L_Manual_AIR_only.lev2.nas
File creation:                20190306184556
Startdate:                    20151231235128
Revision date:                20170725000000
Version:                      2
Version description:          First submission manually inspected
Data level:                   2
Period code:                  1y
Resolution code:              3262s
Sample duration:              20mn
Orig. time res.:              54mn
Station code:                 CV0001G
Platform code:                CV0001S
Station name:                 Cape Verde Atmospheric Observatory
Station GAW-ID:               CVO
Station setting:              Coastal
Station GAW type:             R
Station WMO region:           1
Station latitude:             16.86403
Station longitude:            -24.86752
Station altitude:             10.0m
Measurement height:           10.0m
Regime:                       IMG
Component:                    ethane
Unit:                         pmol/mol
Matrix:                       air
Instrument type:              online_gc
Laboratory code:              CV01L
Instrument name:              Agilent_GC-FID_7890A_G3440A
Instrument manufacturer:      Agilent
Instrument model:             7890A_uECD
Instrument serial number:     CN12191070
Method ref:                   CV01L_Manual_AIR_only
Standard method:              None
Calibration scale:            NPL
Calibration standard ID:      D910414 and D386632
Inlet type:                   Hat or hood
Inlet description:            Downward with hood, 15m total length, insulated, 1m/s flow
Volume std. temperature:      273.15 K
Volume std. pressure:         1013.25 hPa
Detection limit expl.:        Determined by the derived standard deviation of the integrated area of baseline signal over a time interval equal to avg peak width, data below detection limits are given appropriate flag
Measurement uncertainty expl.: expanded uncertainty 2 sigm and  it includes reproducibility (precision) + systematic error
Zero/negative values code:    Zero/negative possible
Zero/negative values:         Zero/negative filtered
Originator:                   Punjabi, Shalini, shalini.punjabi@york.ac.uk, National Centre for Atmospheric Science, NCAS, Wolfson Atmospheric Chemistry Laboratories, Innovation Way, , YO10 5DQ, York, Great Britain
Originator:                   Carpenter, Lucy, lucy.carpenter@york.ac.uk, National Centre for Atmospheric Science, NCAS, Wolfson Atmospheric Chemistry Laboratories, , Innovation Way, YO10 5DQ, York, Great Britain
Submitter:                    Punjabi, Shalini, shalini.punjabi@york.ac.uk, National Centre for Atmospheric Science, NCAS, Wolfson Atmospheric Chemistry Laboratories, Innovation Way, , YO10 5DQ, York, Great Britain
Acknowledgement:              Request details from data originator
Comment:                      Initial water removal in antifreeze mixture at -30 degree C before sample acquisition step. Second stage water removal by Sterling coolers at -40 degree C before preconcentrator unit.
starttime endtime C2H6 C2H6 C2H6 flag
[from data line 616]
 27.850012  27.863912  2007.95   83.20  11.21 0.000
 27.887801  27.901667  2015.95   83.52  11.24 0.000
 27.925579  27.939479  1996.96   82.75  11.16 0.000
 27.963310  27.977211  1971.77   81.72  11.05 0.000
 28.001088  28.014977  1956.62   81.10  10.98 0.000
 28.038866  28.052755  1931.75   80.09  10.87 0.000
 28.076609  28.090521  1912.59   79.30  10.79 0.000
 28.114375  28.128264  1883.88   78.13  10.66 0.000
 28.152188  28.166088  1858.04   77.08  10.55 0.000
 28.189873  28.203762  1855.64   76.98  10.54 0.000
 28.227616  28.241505  1831.19   75.98  10.43 0.000
 28.265359  28.279248  1785.96   74.14  10.23 0.000
 28.303090  28.316991  1779.29   73.87  10.20 0.000
 28.340833  28.354734  1818.37   75.46  10.37 0.000
 28.378588  28.392488  1823.49   75.67  10.39 0.000
 28.416343  28.430231  1831.24   75.99  10.43 0.000
 28.454074  28.467975  1816.57   75.39  10.36 0.000
 28.491759  28.505660  1813.45   75.26  10.35 0.000
 28.529572  28.543472  1800.35   74.73  10.29 0.000
 28.567350  28.581238  1806.27   74.97  10.32 0.000
 28.605104  28.618993  1804.17   74.88  10.31 0.000
 28.642917  28.656806  1686.53   70.08   9.79 0.000
 28.680706  28.694606  1777.37   73.79  10.19 0.000
 28.718472  28.732373  1785.49   74.12  10.23 0.000
 28.756262  28.770162  1815.76   75.35  10.36 0.000
 28.794051  28.807940  1841.26   76.39  10.47 0.000
 28.831829  28.845729  1834.02   76.10  10.44 0.000
 28.869572  28.883472  1819.86   75.52  10.38 0.000
 28.907326  28.921238  1823.58   75.67  10.39 0.000
 28.945127  28.959016  1795.63   74.53  10.27 0.000
 28.982870  28.996759  1755.87   72.91  10.09 0.000
 29.020613  29.034502  1723.79   71.60   9.95 0.000
 29.058403  29.072303  1698.45   70.57   9.84 0.000
 29.096146  29.110035  1699.19   70.60   9.84 0.000
 29.133912  29.147801  1710.78   71.07   9.90 0.000
 29.171655  29.185556  1703.21   70.76   9.86 0.000
 29.209410  29.223310  1692.58   70.33   9.82 0.000
 29.247164  29.261215  1660.99   69.04   9.68 0.000
 29.284931  29.298831  1685.09   70.02   9.78 0.000
 29.322697  29.336586  1681.97   69.90   9.77 0.000
 29.360428  29.374317  1683.50   69.96   9.77 0.000
 29.398160  29.412049  1688.88   70.18   9.80 0.000
 29.435891  29.449792  1706.19   70.88   9.88 0.000
 29.473623  29.487535  1705.19   70.84   9.87 0.000
 29.511377  29.525266  1710.90   71.08   9.90 0.000
 29.549120  29.563021  1703.13   70.76   9.86 0.000
 29.586875  29.600764  1656.75   68.87   9.66 0.000
 29.624664  29.638553  1685.37   70.04   9.78 0.000
 29.662407  29.676319  1698.88   70.59   9.84 0.000
 29.700185  29.714097  1708.19   70.97   9.88 0.000
 29.737975  29.751875  1686.09   70.06   9.79 0.000
 29.775810  29.789722  1652.19   68.68   9.64 0.000
 29.813519  29.827419  1680.24   69.83   9.76 0.000
 29.851285  29.865197  1677.41   69.71   9.75 0.000
 29.889063  29.902951  1688.45   70.16   9.80 0.000
 29.926840  29.940741  1667.19   69.29   9.70 0.000
 29.964572  29.978472  1634.07   67.94   9.56 0.000
 30.002326  30.016227  1608.50   66.90   9.44 0.000
 30.040069  30.053958  1592.97   66.27   9.37 0.000
 30.077813  30.091713  1570.85   65.37   9.28 0.000
 30.115567  30.129456  1537.45   64.00   9.13 0.000
 30.153565  30.167465  1519.86   63.29   9.05 0.000
 30.191076  30.204977  1495.08   62.28   8.94 0.000
 30.228831  30.242731  1468.32   61.19   8.82 0.000
 30.266586  30.280486  1488.31   62.00   8.91 0.000
 30.304329  30.318241  1500.04   62.48   8.96 0.000
 30.342083  30.355995  1512.55   62.99   9.02 0.000
 30.379792  30.393681  1520.03   63.29   9.05 0.000
 30.417523  30.431424  1547.48   64.41   9.17 0.000
 30.455255  30.469155  1563.17   65.05   9.24 0.000
 30.492986  30.506887  1561.81   65.00   9.24 0.000
 30.530741  30.544630  1553.41   64.65   9.20 0.000
 30.568403  30.582315  1587.11   66.03   9.35 0.000
 30.606262  30.620174  1663.76   69.15   9.69 0.000
 30.644051  30.657951  1671.72   69.48   9.72 0.000
 30.681806  30.695706  1672.59   69.51   9.73 0.000
 30.719606  30.733507  1683.55   69.96   9.78 0.000
 30.757384  30.771285  1688.25   70.15   9.80 0.000
 30.795150  30.809051  1686.09   70.06   9.79 0.000
 30.832928  30.846829  1680.94   69.85   9.76 0.000
 30.870706  30.884606  1675.92   69.65   9.74 0.000
 30.908472  30.922373  1652.48   68.69   9.64 0.000
 30.946204  30.960104  1622.17   67.46   9.50 0.000
 30.983935  30.997836  1603.17   66.68   9.42 0.000
 31.021690  31.035579  1593.89   66.31   9.38 0.000
 31.059421  31.073333  1597.09   66.44   9.39 0.000
 31.097164  31.111065  1607.32   66.85   9.44 0.000
 31.134931  31.148819  1616.68   67.23   9.48 0.000
 31.172662  31.186551  1615.63   67.19   9.47 0.000
 31.210440  31.224329  1620.28   67.38   9.50 0.000
 31.248183  31.262072  1652.11   68.68   9.64 0.000
 31.285937  31.299826  1663.57   69.15   9.69 0.000
 31.323681  31.337581  1685.16   70.03   9.78 0.000
 31.361435  31.375324  1692.39   70.32   9.81 0.000
 31.399178  31.413067  1694.08   70.39   9.82 0.000
 31.436921  31.450810  1680.58   69.84   9.76 0.000
 31.474676  31.488565  1672.35   69.50   9.73 0.000
 33.487083  33.500984 99999.99 9999.99 999.99 0.999
 33.524861  33.538762 99999.99 9999.99 999.99 0.999
 33.562616  33.576516 99999.99 9999.99 999.99 0.999
 33.600417  33.614306 99999.99 9999.99 999.99 0.999
 33.638229  33.652118 99999.99 9999.99 999.99 0.999
 33.676030  33.689919 99999.99 9999.99 999.99 0.999
 33.713854  33.727755 99999.99 9999.99 999.99 0.999
 33.751632  33.765544 99999.99 9999.99 999.99 0.999
 33.789444  33.803345 99999.99 9999.99 999.99 0.999
 33.827199  33.841100  1885.71   78.21  10.67 0.000
 33.865000  33.878900  1876.43   77.83  10.63 0.000
 33.902720  33.916609  1834.24   76.11  10.44 0.000
 33.940579  33.954479  1816.89   75.40  10.36 0.000
 33.978322  33.992211  1792.60   74.41  10.26 0.000
 34.016088  34.029977  1761.14   73.13  10.12 0.000
 34.053866  34.067755  1725.14   71.66   9.96 0.000
 34.091574  34.105475  1694.09   70.39   9.82 0.000
 34.129410  34.143322  1674.97   69.61   9.74 0.000
 34.167187  34.181088  1658.26   68.93   9.66 0.000
 34.204965  34.218854  1650.25   68.60   9.63 0.000
 34.242731  34.256620  1649.44   68.57   9.62 0.000
 34.280509  34.294398  1653.02   68.72   9.64 0.000
 34.318287  34.332188  1637.10   68.07   9.57 0.000
 34.356065  34.369965  1640.04   68.19   9.58 0.000
 34.393785  34.407685  1642.16   68.27   9.59 0.000
 34.431528  34.445428  1667.03   69.29   9.70 0.000
 34.469282  34.483171  1694.02   70.39   9.82 0.000
 34.506991  34.520891  1683.64   69.96   9.78 0.000
 34.544803  34.558704  1671.40   69.47   9.72 0.000
 34.582616  34.596505  1696.59   70.49   9.83 0.000
 34.620428  34.634317  1689.41   70.20   9.80 0.000
 34.658218  34.672118  1739.88   72.26  10.02 0.000
 34.696042  34.709942  1823.81   75.68  10.40 0.000
 34.733831  34.747720  1776.30   73.74  10.19 0.000
 34.771655  34.785544  1742.96   72.38  10.04 0.000
 34.809479  34.823380  1722.82   71.56   9.95 0.000
 34.847245  34.861146  1706.90   70.91   9.88 0.000
 34.884954  34.898843  1718.84   71.40   9.93 0.000
 34.922824  34.936713  1722.22   71.54   9.95 0.000
 34.960544  34.974433  1714.90   71.24   9.91 0.000
 34.998287  35.012245  1685.33   70.03   9.78 0.000
 35.036007  35.049907  1697.86   70.54   9.84 0.000
 35.073762  35.087662  1723.11   71.57   9.95 0.000
 35.111493  35.125394  1754.58   72.86  10.09 0.000
 35.149259  35.163148  1775.92   73.73  10.18 0.000
 35.187014  35.200903  1800.45   74.73  10.29 0.000
 35.224734  35.238623  1786.92   74.18  10.23 0.000
 35.262558  35.276343  1710.95   71.08   9.90 0.000
 35.300174  35.314074  1716.50   71.30   9.92 0.000
 35.337917  35.351829  1684.62   70.00   9.78 0.000
 35.375671  35.389560  1650.49   68.61   9.63 0.000
 35.413426  35.427315  1653.88   68.75   9.64 0.000
 35.451169  35.465058  1653.04   68.72   9.64 0.000
 35.488912  35.502812  1658.41   68.94   9.66 0.000
 35.526748  35.540648  1660.99   69.04   9.68 0.000
 35.564421  35.578322  1646.46   68.45   9.61 0.000
 35.602187  35.616088  1651.76   68.66   9.63 0.000
 35.640012  35.653912  1633.26   67.91   9.55 0.000
 35.677778  35.691678  1618.75   67.32   9.49 0.000
 35.715544  35.729433  1611.21   67.01   9.46 0.000
 35.753345  35.767234  1615.17   67.17   9.47 0.000
 35.791088  35.804988  1600.57   66.58   9.41 0.000
 35.828877  35.842778  1600.02   66.56   9.41 0.000
 35.866667  35.880567  1603.10   66.68   9.42 0.000
 35.904433  35.918333  1584.27   65.91   9.34 0.000
 35.942188  35.956076  1585.25   65.95   9.34 0.000
 35.979931  35.993819  1589.83   66.14   9.36 0.000
 36.017662  36.031562  1603.74   66.71   9.42 0.000
 36.055428  36.069329  1620.54   67.39   9.50 0.000
 36.093160  36.107049  1686.09   70.06   9.79 0.000
 36.130880  36.144769  1717.50   71.35   9.93 0.000
 36.168588  36.182488  1707.55   70.94   9.88 0.000
 36.206319  36.220220  1709.40   71.02   9.89 0.000
 36.244074  36.257963  1684.64   70.01   9.78 0.000
 36.281898  36.295787  1625.61   67.60   9.52 0.000
 36.319722  36.333611  1700.17   70.64   9.85 0.000
 36.357535  36.371424 99999.99 9999.99 999.99 0.999
 36.395382  36.409282 99999.99 9999.99 999.99 0.999
 36.433252  36.447141 99999.99 9999.99 999.99 0.999
 36.471076  36.484977 99999.99 9999.99 999.99 0.999
 36.508912  36.522801 99999.99 9999.99 999.99 0.999
 36.546748  36.560648  1655.45   68.82   9.65 0.000
 36.584606  36.598507 99999.99 9999.99 999.99 0.999
 36.622442  36.636366  1449.43   60.42   8.74 0.000
 36.660301  36.674201  1459.59   60.83   8.79 0.000
 36.698148  36.712049  1388.55   57.94   8.47 0.000
 36.736030  36.749919  1424.46   59.40   8.63 0.000
 36.773889  36.787778  1431.57   59.69   8.66 0.000
 36.811690  36.825579  1424.44   59.40   8.63 0.000
 36.849514  36.863403  1404.27   58.58   8.54 0.000
 36.887303  36.901204  1401.18   58.45   8.53 0.000
 36.925081  36.938981  1407.92   58.73   8.56 0.000
 36.962882  36.976782  1392.36   58.09   8.49 0.000
 37.000694  37.014583  1394.85   58.19   8.50 0.000
 37.038484  37.052373  1418.90   59.17   8.61 0.000
 37.076273  37.090174  1437.85   59.94   8.69 0.000
 37.114039  37.127940  1424.51   59.40   8.63 0.000
 37.151979  37.165880  1421.69   59.29   8.62 0.000
 37.189630  37.203519  1412.00   58.89   8.57 0.000
 37.227454  37.241366  1399.00   58.36   8.52 0.000
 37.265255  37.279144  1402.98   58.52   8.53 0.000
 37.303032  37.316933  1403.51   58.55   8.54 0.000
 37.340880  37.354769  1424.72   59.41   8.63 0.000
 37.378727  37.392627  1420.62   59.24   8.61 0.000
 37.416516  37.430405  1386.33   57.85   8.46 0.000
 37.454363  37.468264  1358.05   56.69   8.34 0.000
 37.492176  37.506065  1356.62   56.64   8.33 0.000
 37.530069  37.543958  1331.97   55.63   8.22 0.000
 37.567894  37.581794  1329.15   55.52   8.21 0.000
 37.605764  37.619653  1356.62   56.64   8.33 0.000
 37.643588  37.657488  1374.37   57.36   8.41 0.000
 37.681458  37.695347  1377.00   57.47   8.42 0.000
 37.719410  37.733310  1393.60   58.14   8.49 0.000
 37.757292  37.771192  1409.86   58.80   8.57 0.000
 37.795127  37.809016  1416.23   59.06   8.59 0.000
 37.832917  37.846806  1429.61   59.61   8.65 0.000
 37.870741  37.884630  1440.64   60.06   8.70 0.000
 37.908519  37.922419  1446.13   60.28   8.73 0.000
 37.946319  37.960220  1466.82   61.13   8.82 0.000
 37.984178  37.998079  1440.69   60.06   8.70 0.000
 38.021991  38.035880  1431.26   59.68   8.66 0.000
 38.059711  38.073611  1404.87   58.60   8.54 0.000
 38.097604  38.111493  1408.54   58.75   8.56 0.000
 38.135486  38.149317  1438.60   59.98   8.69 0.000
 38.173252  38.187141  1466.36   61.11   8.82 0.000
 38.211053  38.224942  1503.97   62.64   8.98 0.000
 38.248808  38.262731  1510.27   62.90   9.01 0.000
 38.286597  38.300486  1509.65   62.87   9.01 0.000
 38.324352  38.338264  1519.46   63.27   9.05 0.000
 38.362118  38.376019  1518.72   63.24   9.05 0.000
 38.399850  38.413738  1526.57   63.56   9.08 0.000
 38.437581  38.451470  1532.80   63.81   9.11 0.000
 38.475313  38.489213  1524.09   63.46   9.07 0.000
 38.513090  38.526921  1524.48   63.48   9.07 0.000
 38.550833  38.564745  1506.84   62.76   8.99 0.000
 38.588657  38.602546  1476.96   61.54   8.86 0.000
 38.626481  38.640370  1457.65   60.75   8.78 0.000
 38.664282  38.678171  1442.81   60.15   8.71 0.000
 38.702118  38.716007  1443.31   60.17   8.71 0.000
 38.739931  38.753819  1438.66   59.98   8.69 0.000
 38.777905  38.791806  1438.11   59.96   8.69 0.000
 38.815590  38.829491  1449.66   60.43   8.74 0.000
 38.853322  38.867222  1439.45   60.01   8.70 0.000
 38.891065  38.904965  1430.32   59.64   8.66 0.000
 38.928854  38.942755  1425.58   59.44   8.63 0.000
 38.966620  38.980509  1410.64   58.84   8.57 0.000
 39.004387  39.018264  1370.15   57.19   8.39 0.000
 39.042153  39.056053  1320.85   55.18   8.17 0.000
 39.079907  39.093796  1230.81   51.51   7.77 0.000
 39.117662  39.131563  1183.51   49.59   7.56 0.000
 39.155394  39.169294  1151.87   48.30   7.42 0.000
 39.193160  39.207049  1142.66   47.92   7.38 0.000
 39.230903  39.244803  1143.25   47.95   7.39 0.000
 39.268611  39.282500  1143.45   47.96   7.39 0.000
 39.306343  39.320255  1154.51   48.41   7.44 0.000
 39.344028  39.357928  1183.63   49.59   7.57 0.000
 39.381667  39.395556  1248.85   52.25   7.85 0.000
 39.419433  39.433333  1306.50   54.59   8.11 0.000
 39.457153  39.471053  1306.31   54.59   8.11 0.000
 40.481308  40.495197  1202.14   50.34   7.65 0.000
 40.515833  40.529734  1129.92   47.41   7.33 0.000
 40.553542  40.567442  1117.46   46.90   7.27 0.000
 40.591273  40.605174  1112.59   46.70   7.25 0.000
 40.629028  40.642928  1147.98   48.14   7.41 0.000
 40.666898  40.680787  1184.37   49.62   7.57 0.000
 40.827581  40.841470  1422.95   59.34   8.62 0.000
 40.865336  40.879225  1447.82   60.35   8.73 0.000
 40.903137  40.917025  1484.68   61.85   8.90 0.000
 40.940799  40.954699  1486.05   61.91   8.90 0.000
 40.978530  40.992431  1476.84   61.53   8.86 0.000
 41.016285  41.030185  1491.71   62.14   8.93 0.000
 41.053993  41.067882  1473.16   61.38   8.85 0.000
 41.091713  41.105625  1481.96   61.74   8.88 0.000
 41.129444  41.143333  1482.40   61.76   8.89 0.000
 41.167164  41.181065  1486.01   61.91   8.90 0.000
 41.204838  41.218727  1479.06   61.62   8.87 0.000
 41.242546  41.256435  1459.78   60.84   8.79 0.000
 41.280278  41.294167  1439.45   60.01   8.70 0.000
 41.318067  41.331968  1445.17   60.24   8.72 0.000
 41.355822  41.369722  1439.47   60.01   8.70 0.000
 41.393553  41.407465  1400.64   58.43   8.52 0.000
 41.431343  41.445243  1354.66   56.56   8.32 0.000
 41.469190  41.483079  1327.91   55.47   8.20 0.000
 41.506991  41.520880  1340.13   55.96   8.26 0.000
 41.544757  41.558657  1358.29   56.70   8.34 0.000
 41.582523  41.596412  1326.65   55.41   8.20 0.000
 42.613380  42.627280  1131.61   47.48   7.34 0.000
 42.651354  42.665243  1107.96   46.51   7.23 0.000
 42.688970  42.702870  1087.73   45.69   7.14 0.000
 42.726806  42.740706  1055.27   44.37   7.00 0.000
 42.764676  42.778576  1031.08   43.39   6.89 0.000
 42.802488  42.816377  1054.63   44.34   7.00 0.000
 42.840266  42.854155  1049.31   44.13   6.97 0.000
 42.878090  42.891979  1055.87   44.40   7.00 0.000
 42.915868  42.929769  1022.39   43.03   6.85 0.000
 42.953681  42.967581  1011.68   42.60   6.81 0.000
 42.991435  43.005336  1027.78   43.25   6.88 0.000
 43.029236  43.043137  1055.08   44.36   7.00 0.000
 43.066944  43.080833  1021.05   42.98   6.85 0.000
 43.104664  43.118565  1001.46   42.18   6.76 0.000
 43.142384  43.156296  1023.14   43.06   6.86 0.000
 43.180093  43.193981  1025.68   43.17   6.87 0.000
 43.217778  43.231678  1030.03   43.34   6.89 0.000
 43.255463  43.269363  1036.45   43.61   6.91 0.000
 43.293160  43.307037  1035.23   43.56   6.91 0.000
 43.330868  43.344769  1023.39   43.08   6.86 0.000
 43.368553  43.382431  1027.85   43.26   6.88 0.000
 43.406250  43.420150  1028.05   43.26   6.88 0.000
 43.443958  43.457847  1042.48   43.85   6.94 0.000
 45.581296  45.595197   918.73   38.82   6.39 0.000
