data/obs/c2h6/WDCGG/event/CZ0003R.20150101120000.20170728090000.steel_canister.ethane.air.1y.78h.CZ01L_Andersen_instrument.CZ01L_Agilent_VOC_AIR.lev2.nas
66 1001
Vana, Milan; Diskova, Jitka
CZ03L, "Institute of Chemical Process Fundamentals ASCR v. v. i., ICPF, Laboratory of Aerosol Chemistry and Physics", , , "Rozvojova 2,, 16502, Prague 6, Czech Republic", , , , 
Pekarek, Jaroslav
ACTRIS EMEP GAW-WDCRG
1 1
2015 01 01 2017 07 28
0
days from file reference point
5
1 1 1 1 1
999.999999 99999.999 9999.999 999.999 9.999
end_time of measurement, days from the file reference point
ethane, pmol/mol, Statistics=arithmetic mean
ethane, pmol/mol, Statistics=expanded uncertainty 2sigma
ethane, pmol/mol, Statistics=precision
numflag, no unit
0
47
Data definition:              EBAS_1.1
Set type code:                TI
Timezone:                     UTC
File name:                    CZ0003R.20150101120000.20170728090000.steel_canister.ethane.air.1y.78h.CZ01L_Andersen_instrument.CZ01L_Agilent_VOC_AIR.lev2.nas
File creation:                20190306184557
Startdate:                    20150101120000
Revision date:                20170728090000
Version:                      4
Version description:          initial revision, manually inspected
Data level:                   2
Period code:                  1y
Resolution code:              78h
Sample duration:              5mn
Orig. time res.:              5mn
Station code:                 CZ0003R
Platform code:                CZ0003S
Station name:                 Kosetice (NOAK)
Station latitude:             49.573394
Station longitude:            15.080278
Station altitude:             535.0m
Measurement height:           2.0m
Regime:                       IMG
Component:                    ethane
Unit:                         pmol/mol
Matrix:                       air
Instrument type:              steel_canister
Laboratory code:              CZ01L
Instrument name:              Andersen_instrument
Instrument manufacturer:      Andersen
Instrument model:             unknown
Instrument serial number:     CN10843028
Method ref:                   CZ01L_Agilent_VOC_AIR
Standard method:              None
Calibration scale:            NPL
Inlet type:                   Hat or hood
Inlet description:            Downward facing with hood
Volume std. temperature:      273.15 K
Volume std. pressure:         1013.25 hPa
Detection limit expl.:        Detection limit flag used
Zero/negative values code:    Zero/negative possible
Zero/negative values:         Zero and neg. values may appear due to statistical variations at very low concentrations
Originator:                   Vana, Milan, , , , , , , , , 
Originator:                   Diskova, Jitka, diskova@chmi.cz, CHMI, , , , , 14306, Prague, Czech Republic
Submitter:                    Pekarek, Jaroslav, , , , , , , , , 
Acknowledgement:              Request acknowledgement details from data originator
Comment:                      No SOP currently available
starttime endtime C2H6 C2H6 C2H6 flag
  0.5   0.503472  2772.100   72.075  13.306 0.000
  4.0   4.003472  2140.165   55.644  10.273 0.000
  7.0   7.003472  2112.246   54.918  10.139 0.000
 11.0  11.003472  1992.916   51.816   9.566 0.000
 14.0  14.003472  2125.755   55.270  10.204 0.000
 18.0  18.003472  2535.305   65.918  12.169 0.000
 21.0  21.003472  3399.798   88.395  16.319 0.000
 25.0  25.003472  2099.910   54.598  10.080 0.000
 28.0  28.003472  2204.543   57.318  10.582 0.000
 32.0  32.003472  2437.509   63.375  11.700 0.000
 35.0  35.003472  3930.434  102.191  18.866 0.000
 39.0  39.003472  2405.834   62.552  11.548 0.000
 42.0  42.003472  2120.183   55.125  10.177 0.000
 46.0  46.003472  3081.296   80.114  14.790 0.000
 49.0  49.003472  3053.945   79.403  14.659 0.000
 53.0  53.003472  2899.355   75.383  13.917 0.000
 56.0  56.003472  2679.003   69.654  12.859 0.000
 60.0  60.003472  2167.266   56.349  10.403 0.000
 63.0  63.003472  2389.555   62.128  11.470 0.000
 67.0  67.003472  2894.899   75.267  13.896 0.000
 70.0  70.003472  2237.285   58.169  10.739 0.000
 74.0  74.003472  3457.516   89.895  16.596 0.000
 77.0  77.003472  2584.638   67.201  12.406 0.000
 81.0  81.003472  2344.106   60.947  11.252 0.000
 84.0  84.003472  2174.160   56.528  10.436 0.000
 88.0  88.003472  2056.412   53.467   9.871 0.000
 91.0  91.003472  2079.373   54.064   9.981 0.000
 95.0  95.003472  2347.987   61.048  11.270 0.000
 98.0  98.003472  1990.838   51.762   9.556 0.000
102.0 102.003472  2291.716   59.585  11.000 0.000
105.0 105.003472 99999.999 9999.999 999.999 0.999
109.0 109.003472  1847.361   48.031   8.867 0.000
112.0 112.003472  1730.186   44.985   8.305 0.000
116.0 116.003472  1626.183   42.281   7.806 0.000
119.0 119.003472  1790.056   46.541   8.592 0.000
123.0 123.003472  1271.353   33.055   6.102 0.559
126.0 126.003472  1618.235   42.074   7.768 0.559
130.0 130.003472  1656.541   43.070   7.951 0.000
133.0 133.003472  1726.547   44.890   8.287 0.000
137.0 137.003472  1455.584   37.845   6.987 0.000
140.0 140.003472  1669.524   43.408   8.014 0.000
144.0 144.003472  1207.292   31.390   5.795 0.000
147.0 147.003472  1331.788   34.626   6.393 0.000
151.0 151.003472  1123.739   29.217   5.394 0.000
154.0 154.003472  1080.070   28.082   5.184 0.000
158.0 158.003472  1333.208   34.663   6.399 0.559
161.0 161.003472  1233.447   32.070   5.921 0.000
165.0 165.003472  1030.664   26.797   4.947 0.000
168.0 168.003472  1138.241   29.594   5.464 0.000
172.0 172.003472   942.640   24.509   4.525 0.000
175.0 175.003472  1080.028   28.081   5.184 0.000
179.0 179.003472   945.195   24.575   4.537 0.000
182.0 182.003472   943.328   24.527   4.528 0.000
186.0 186.003472   859.659   22.351   4.126 0.000
189.0 189.003472   900.554   23.414   4.323 0.000
193.0 193.003472   861.069   22.388   4.133 0.000
196.0 196.003472   723.408   18.809   3.472 0.000
200.0 200.003472   796.234   20.702   3.822 0.000
203.0 203.003472  1008.290   26.216   4.840 0.000
207.0 207.003472   864.095   22.466   4.148 0.000
210.0 210.003472   789.931   20.538   3.792 0.559
214.0 214.003472  1096.667   28.513   5.264 0.000
217.0 217.003472   816.731   21.235   3.920 0.559
221.0 221.003472  1176.262   30.583   5.646 0.559
224.0 224.003472   960.447   24.972   4.610 0.559
228.0 228.003472  1109.785   28.854   5.327 0.559
231.0 231.003472  1367.882   35.565   6.566 0.559
235.0 235.003472  1423.409   37.009   6.832 0.559
238.0 238.003472   690.698   17.958   3.315 0.559
242.0 242.003472   914.876   23.787   4.391 0.000
245.0 245.003472   856.381   22.266   4.111 0.559
249.0 249.003472  1048.579   27.263   5.033 0.559
252.0 252.003472   970.519   25.233   4.658 0.559
256.0 256.003472  1188.194   30.893   5.703 0.559
259.0 259.003472   902.244   23.458   4.331 0.559
263.0 263.003472  1066.753   27.736   5.120 0.559
266.0 266.003472  1073.495   27.911   5.153 0.559
270.0 270.003472   959.098   24.937   4.604 0.559
273.0 273.003472  1212.370   31.522   5.819 0.559
277.0 277.003472  1628.669   42.345   7.818 0.559
280.0 280.003472  1131.471   29.418   5.431 0.559
284.0 284.003472  1651.364   42.935   7.927 0.559
287.0 287.003472  2631.530   68.420  12.631 0.559
291.0 291.003472  2140.297   55.648  10.273 0.559
294.0 294.003472  1397.926   36.346   6.710 0.000
298.0 298.003472  1334.197   34.689   6.404 0.559
301.0 301.003472  2754.548   71.618  13.222 0.000
305.0 305.003472  2241.242   58.272  10.758 0.000
308.0 308.003472  2207.206   57.387  10.595 0.000
312.0 312.003472  1220.113   31.723   5.857 0.000
315.0 315.003472  1251.297   32.534   6.006 0.000
319.0 319.003472  1208.022   31.409   5.799 0.000
322.0 322.003472  1377.888   35.825   6.614 0.000
326.0 326.003472  1614.902   41.987   7.752 0.559
329.0 329.003472  2530.718   65.799  12.147 0.559
333.0 333.003472  1766.212   45.922   8.478 0.000
336.0 336.003472  1661.420   43.197   7.975 0.000
340.0 340.003472  1388.951   36.113   6.667 0.000
343.0 343.003472  2085.759   54.230  10.012 0.000
347.0 347.003472  1966.665   51.133   9.440 0.000
350.0 350.003472  1915.989   49.816   9.197 0.000
354.0 354.003472  3026.726   78.695  14.528 0.000
357.0 357.003472  1757.228   45.688   8.435 0.000
361.0 361.003472  1717.508   44.655   8.244 0.000
364.0 364.003472  2428.085   63.130  11.655 0.000
