data/obs/c2h6/WDCGG/event/CZ0003R.20160104120000.20170728090000.steel_canister.ethane.air.1y.3d.CZ01L_Andersen_instrument.CZ01L_Agilent_VOC_AIR.lev2.nas
66 1001
Vana, Milan; Diskova, Jitka
CZ03L, "Institute of Chemical Process Fundamentals ASCR v. v. i., ICPF, Laboratory of Aerosol Chemistry and Physics", , , "Rozvojova 2,, 16502, Prague 6, Czech Republic", , , , 
Pekarek, Jaroslav
ACTRIS EMEP GAW-WDCRG
1 1
2016 01 01 2017 07 28
0
days from file reference point
5
1 1 1 1 1
999.999999 99999.999 9999.999 99.999 9.999
end_time of measurement, days from the file reference point
ethane, pmol/mol, Statistics=arithmetic mean
ethane, pmol/mol, Statistics=expanded uncertainty 2sigma
ethane, pmol/mol, Statistics=precision
numflag, no unit
0
47
Data definition:              EBAS_1.1
Set type code:                TI
Timezone:                     UTC
File name:                    CZ0003R.20160104120000.20170728090000.steel_canister.ethane.air.1y.3d.CZ01L_Andersen_instrument.CZ01L_Agilent_VOC_AIR.lev2.nas
File creation:                20190306184557
Startdate:                    20160104120000
Revision date:                20170728090000
Version:                      3
Version description:          initial revision, manually inspected
Data level:                   2
Period code:                  1y
Resolution code:              3d
Sample duration:              5mn
Orig. time res.:              5mn
Station code:                 CZ0003R
Platform code:                CZ0003S
Station name:                 Kosetice (NOAK)
Station latitude:             49.573394
Station longitude:            15.080278
Station altitude:             535.0m
Measurement height:           2.0m
Regime:                       IMG
Component:                    ethane
Unit:                         pmol/mol
Matrix:                       air
Instrument type:              steel_canister
Laboratory code:              CZ01L
Instrument name:              Andersen_instrument
Instrument manufacturer:      Andersen
Instrument model:             unknown
Instrument serial number:     CN10843028
Method ref:                   CZ01L_Agilent_VOC_AIR
Standard method:              None
Calibration scale:            NPL
Inlet type:                   Hat or hood
Inlet description:            Downward facing with hood
Volume std. temperature:      273.15 K
Volume std. pressure:         1013.25 hPa
Detection limit expl.:        Detection limit flag used
Zero/negative values code:    Zero/negative possible
Zero/negative values:         Zero and neg. values may appear due to statistical variations at very low concentrations
Originator:                   Vana, Milan, , , , , , , , , 
Originator:                   Diskova, Jitka, diskova@chmi.cz, CHMI, , , , , 14306, Prague, Czech Republic
Submitter:                    Pekarek, Jaroslav, , , , , , , , , 
Acknowledgement:              Request acknowledgement details from data originator
Comment:                      No SOP currently available
starttime endtime C2H6 C2H6 C2H6 flag
  3.5   3.503472  3452.611  302.493  2.008 0.000
  6.5   6.503472  1974.609  173.001  1.148 0.000
 10.5  10.503472  2154.629  188.773  1.253 0.000
 13.5  13.503472  2223.073  194.769  1.293 0.000
 17.5  17.503472  2916.189  255.495  1.696 0.000
 20.5  20.503472  2296.156  201.172  1.335 0.000
 24.5  24.503472  1751.804  153.480  1.019 0.000
 27.5  27.503472  1733.903  151.912  1.008 0.000
 31.5  31.503472  1498.661  131.302  0.872 0.000
 34.5  34.503472  2562.187  224.480  1.490 0.559
 38.5  38.503472  2084.282  182.610  1.212 0.000
 41.5  41.503472  2174.018  190.472  1.264 0.000
 45.5  45.503472  2435.465  213.378  1.416 0.000
 48.5  48.503472  2356.114  206.426  1.370 0.000
 52.5  52.503472  1270.985  111.354  0.739 0.000
 55.5  55.503472  2456.657  215.234  1.429 0.559
 59.5  59.503472  3337.932  292.445  1.941 0.559
 62.5  62.503472  1990.462  174.390  1.157 0.000
 66.5  66.503472  2467.260  216.163  1.435 0.559
 69.5  69.503472  3041.015  266.432  1.768 0.559
 73.5  73.503472  2407.180  210.900  1.400 0.559
 76.5  76.503472  2630.239  230.442  1.530 0.559
 80.5  80.503472  1695.312  148.531  0.986 0.559
 83.5  83.503472  2067.060  181.101  1.202 0.559
 87.5  87.503472  2151.725  188.518  1.251 0.000
 90.5  90.503472  1497.927  131.237  0.871 0.559
 94.5  94.503472  1659.010  145.350  0.965 0.559
 97.5  97.503472  1652.582  144.787  0.961 0.559
101.5 101.503472  2007.057  175.844  1.167 0.559
104.5 104.503472  1829.314  160.271  1.064 0.000
108.5 108.503472  1890.981  165.674  1.100 0.000
111.5 111.503472  1736.915  152.176  1.010 0.559
115.5 115.503472  1688.333  147.919  0.982 0.000
118.5 118.503472  1653.824  144.896  0.962 0.000
122.5 122.503472  1660.073  145.444  0.965 0.559
125.5 125.503472  1577.521  138.211  0.917 0.000
129.5 129.503472  1659.881  145.427  0.965 0.559
132.5 132.503472  1689.486  148.020  0.982 0.559
136.5 136.503472  1401.673  122.804  0.815 0.000
139.5 139.503472  1399.650  122.627  0.814 0.000
143.5 143.503472  1375.679  120.527  0.800 0.000
146.5 146.503472  1210.017  106.013  0.704 0.000
150.5 150.503472  1006.327   88.167  0.585 0.559
153.5 153.503472  1025.430   89.841  0.596 0.000
157.5 157.503472  1013.429   88.789  0.589 0.559
160.5 160.503472   966.144   84.646  0.562 0.000
164.5 164.503472  1074.752   94.162  0.625 0.000
167.5 167.503472  1093.580   95.812  0.636 0.000
171.5 171.503472  1081.913   94.789  0.629 0.000
174.5 174.503472   803.824   70.425  0.467 0.000
178.5 178.503472   806.609   70.669  0.469 0.000
181.5 181.503472   647.329   56.714  0.376 0.000
185.5 185.503472   740.844   64.907  0.431 0.000
188.5 188.503472   834.955   73.153  0.486 0.000
192.5 192.503472   596.668   52.276  0.347 0.000
195.5 195.503472   745.417   65.308  0.433 0.000
199.5 199.503472   707.230   61.962  0.411 0.000
202.5 202.503472   524.324   45.937  0.305 0.000
206.5 206.503472   690.543   60.500  0.402 0.559
209.5 209.503472   705.963   61.851  0.411 0.000
213.5 213.503472   705.680   61.827  0.410 0.000
216.5 216.503472   410.893   35.999  0.239 0.000
220.5 220.503472   658.661   57.707  0.383 0.000
223.5 223.503472   690.979   60.539  0.402 0.000
227.5 227.503472   698.571   61.204  0.406 0.000
230.5 230.503472   711.874   62.369  0.414 0.000
234.5 234.503472   702.682   61.564  0.409 0.559
237.5 237.503472   731.504   64.089  0.425 0.000
241.5 241.503472   639.246   56.006  0.372 0.000
244.5 244.503472   641.970   56.245  0.373 0.000
248.5 248.503472   762.927   66.842  0.444 0.000
251.5 251.503472   984.524   86.257  0.573 0.000
255.5 255.503472  1100.525   96.420  0.640 0.000
258.5 258.503472  1142.524  100.100  0.664 0.000
262.5 262.503472  2000.132  175.237  1.163 0.000
265.5 265.503472  1116.702   97.837  0.649 0.000
269.5 269.503472  1016.365   89.047  0.591 0.000
272.5 272.503472   714.576   62.606  0.416 0.559
276.5 276.503472   916.722   80.317  0.533 0.000
279.5 279.503472  1159.450  101.583  0.674 0.000
283.5 283.503472  1099.626   96.341  0.639 0.000
286.5 286.503472  2427.829  212.709  1.412 0.000
290.5 290.503472  2169.073  190.038  1.261 0.000
293.5 293.503472  1159.993  101.630  0.675 0.000
297.5 297.503472  1900.281  166.489  1.105 0.000
300.5 300.503472  1936.434  169.656  1.126 0.559
304.5 304.503472  1319.891  115.639  0.768 0.000
307.5 307.503472  1659.541  145.397  0.965 0.000
311.5 311.503472  1487.344  130.310  0.865 0.000
314.5 314.503472  1453.273  127.325  0.845 0.000
318.5 318.503472  2123.045  186.006  1.235 0.000
321.5 321.503472  1504.547  131.817  0.875 0.000
325.5 325.503472  1662.010  145.613  0.966 0.000
328.5 328.503472  2823.631  247.386  1.642 0.000
332.5 332.503472  1586.408  138.990  0.923 0.000
335.5 335.503472  1824.465  159.846  1.061 0.000
339.5 339.503472  2340.336  205.043  1.361 0.000
342.5 342.503472  1151.979  100.928  0.670 0.000
346.5 346.503472  1771.377  155.195  1.030 0.000
349.5 349.503472  1880.223  164.731  1.093 0.000
353.5 353.503472  2167.298  189.883  1.260 0.000
356.5 356.503472  3034.383  265.851  1.765 0.000
360.5 360.503472  1402.307  122.860  0.815 0.000
363.5 363.503472  2177.988  190.819  1.267 0.000
