data/obs/c2h6/WDCGG/event/CZ0003R.20140102120000.20170728090000.steel_canister.ethane.air.1y.4d.CZ01L_Andersen_instrument.CZ01L_Agilent_VOC_AIR.lev2.nas
66 1001
Vana, Milan; Diskova, Jitka
CZ03L, "Institute of Chemical Process Fundamentals ASCR v. v. i., ICPF, Laboratory of Aerosol Chemistry and Physics", , , "Rozvojova 2,, 16502, Prague 6, Czech Republic", , , , 
Pekarek, Jaroslav
ACTRIS EMEP GAW-WDCRG
1 1
2014 01 01 2017 07 28
0
days from file reference point
5
1 1 1 1 1
999.999999 99999.99 9999.999 999.999 9.999
end_time of measurement, days from the file reference point
ethane, pmol/mol, Statistics=arithmetic mean
ethane, pmol/mol, Statistics=expanded uncertainty 2sigma
ethane, pmol/mol, Statistics=precision
numflag, no unit
0
47
Data definition:              EBAS_1.1
Set type code:                TI
Timezone:                     UTC
File name:                    CZ0003R.20140102120000.20170728090000.steel_canister.ethane.air.1y.4d.CZ01L_Andersen_instrument.CZ01L_Agilent_VOC_AIR.lev2.nas
File creation:                20190306184557
Startdate:                    20140102120000
Revision date:                20170728090000
Version:                      4
Version description:          initial revision, manually inspected
Data level:                   2
Period code:                  1y
Resolution code:              4d
Sample duration:              5mn
Orig. time res.:              5mn
Station code:                 CZ0003R
Platform code:                CZ0003S
Station name:                 Kosetice (NOAK)
Station latitude:             49.573394
Station longitude:            15.080278
Station altitude:             535.0m
Measurement height:           2.0m
Regime:                       IMG
Component:                    ethane
Unit:                         pmol/mol
Matrix:                       air
Instrument type:              steel_canister
Laboratory code:              CZ01L
Instrument name:              Andersen_instrument
Instrument manufacturer:      Andersen
Instrument model:             unknown
Instrument serial number:     CN10843028
Method ref:                   CZ01L_Agilent_VOC_AIR
Standard method:              None
Calibration scale:            NPL
Inlet type:                   Hat or hood
Inlet description:            Downward facing with hood
Volume std. temperature:      273.15 K
Volume std. pressure:         1013.25 hPa
Detection limit expl.:        Detection limit flag used
Zero/negative values code:    Zero/negative possible
Zero/negative values:         Zero and neg. values may appear due to statistical variations at very low concentrations
Originator:                   Vana, Milan, , , , , , , , , 
Originator:                   Diskova, Jitka, diskova@chmi.cz, CHMI, , , , , 14306, Prague, Czech Republic
Submitter:                    Pekarek, Jaroslav, , , , , , , , , 
Acknowledgement:              Request acknowledgement details from data originator
Comment:                      No SOP currently available
starttime endtime C2H6 C2H6 C2H6 flag
  1.5   1.503472  2172.17   86.887  19.984 0.000
  5.5   5.503472  2157.36   86.294  19.848 0.000
  8.5   8.503472  2170.41   86.816  19.968 0.000
 12.5  12.503472 99999.99 9999.999 999.999 0.999
 15.5  15.503472  1975.28   79.011  18.173 0.000
 19.5  19.503472  3040.95  121.638  27.977 0.000
 22.5  22.503472  5723.42  228.937  52.655 0.559
 26.5  26.503472  3669.03  146.761  33.755 0.000
 29.5  29.503472  6013.95  240.558  55.328 0.559
 33.5  33.503472  3605.25  144.210  33.168 0.000
 36.5  36.503472  2507.75  100.310  23.071 0.000
 40.5  40.503472  1856.44   74.258  17.079 0.000
 43.5  43.503472  2046.09   81.844  18.824 0.000
 47.5  47.503472  2038.42   81.537  18.753 0.000
 50.5  50.503472  1929.15   77.166  17.748 0.000
 54.5  54.503472  2383.07   95.323  21.924 0.000
 57.5  57.503472  2735.49  109.420  25.167 0.000
 61.5  61.503472  3341.49  133.660  30.742 0.000
 64.5  64.503472  2724.46  108.978  25.065 0.000
 68.5  68.503472  2746.64  109.866  25.269 0.000
 71.5  71.503472  2308.94   92.358  21.242 0.000
 75.5  75.503472  1867.71   74.708  17.183 0.000
 78.5  78.503472  1879.05   75.162  17.287 0.000
 82.5  82.503472  1472.35   58.894  13.546 0.000
 85.5  85.503472  2328.07   93.123  21.418 0.000
 89.5  89.503472  2663.37  106.535  24.503 0.000
 92.5  92.503472  2239.35   89.574  20.602 0.000
 96.5  96.503472 99999.99 9999.999 999.999 0.999
 99.5  99.503472 99999.99 9999.999 999.999 0.999
103.5 103.503472 99999.99 9999.999 999.999 0.999
106.5 106.503472 99999.99 9999.999 999.999 0.999
110.5 110.503472 99999.99 9999.999 999.999 0.999
113.5 113.503472 99999.99 9999.999 999.999 0.999
117.5 117.503472 99999.99 9999.999 999.999 0.999
120.5 120.503472 99999.99 9999.999 999.999 0.999
124.5 124.503472 99999.99 9999.999 999.999 0.999
127.5 127.503472 99999.99 9999.999 999.999 0.999
131.5 131.503472 99999.99 9999.999 999.999 0.999
134.5 134.503472 99999.99 9999.999 999.999 0.999
138.5 138.503472 99999.99 9999.999 999.999 0.999
141.5 141.503472 99999.99 9999.999 999.999 0.999
145.5 145.503472 99999.99 9999.999 999.999 0.999
148.5 148.503472 99999.99 9999.999 999.999 0.999
152.5 152.503472 99999.99 9999.999 999.999 0.999
155.5 155.503472  1047.60   41.904   9.638 0.000
159.5 159.503472   871.82   34.873   8.021 0.000
162.5 162.503472  1102.02   44.081  10.139 0.000
166.5 166.503472  1097.15   43.886  10.094 0.000
169.5 169.503472   904.83   36.193   8.324 0.000
173.5 173.503472   768.40   30.736   7.069 0.000
176.5 176.503472   887.73   35.509   8.167 0.000
180.5 180.503472  1044.30   41.772   9.608 0.000
183.5 183.503472   941.72   37.669   8.664 0.000
187.5 187.503472   816.09   32.644   7.508 0.000
190.5 190.503472   806.52   32.261   7.420 0.000
194.5 194.503472   799.28   31.971   7.353 0.000
197.5 197.503472   755.79   30.232   6.953 0.000
201.5 201.503472   832.84   33.314   7.662 0.559
204.5 204.503472   898.51   35.940   8.266 0.559
208.5 208.503472  1107.36   44.294  10.188 0.000
211.5 211.503472   766.47   30.659   7.052 0.000
215.5 215.503472   742.33   29.693   6.829 0.000
218.5 218.503472   963.12   38.525   8.861 0.000
222.5 222.503472   756.76   30.270   6.962 0.000
225.5 225.503472  1130.74   45.230  10.403 0.000
229.5 229.503472   969.88   38.795   8.923 0.000
232.5 232.503472  1014.49   40.580   9.333 0.000
236.5 236.503472   969.78   38.791   8.922 0.000
243.5 243.503472  1141.40   45.656  10.501 0.000
246.5 246.503472  1512.73   60.509  13.917 0.000
253.5 253.503472  1129.57   45.183  10.392 0.000
257.5 257.503472  1794.14   71.766  16.506 0.000
260.5 260.503472  1892.75   75.710  17.413 0.000
264.5 264.503472  1062.86   42.514   9.778 0.000
267.5 267.503472  1358.40   54.336  12.497 0.000
271.5 271.503472  1337.15   53.486  12.302 0.000
274.5 274.503472  1141.74   45.670  10.504 0.000
278.5 278.503472  1893.36   75.734  17.419 0.559
281.5 281.503472  1445.85   57.834  13.302 0.000
285.5 285.503472  1711.34   68.454  15.744 0.000
288.5 288.503472  1194.45   47.778  10.989 0.559
292.5 292.503472  1084.43   43.377   9.977 0.000
295.5 295.503472  1590.91   63.636  14.636 0.000
299.5 299.503472  2583.11  103.324  23.765 0.000
302.5 302.503472  1656.69   66.268  15.242 0.000
306.5 306.503472  2704.93  108.197  24.885 0.000
309.5 309.503472  1547.41   61.896  14.236 0.000
313.5 313.503472  1619.43   64.777  14.899 0.000
316.5 316.503472  3398.81  135.952  31.269 0.000
320.5 320.503472  3971.10  158.844  36.534 0.000
323.5 323.503472  5103.11  204.124  46.949 0.559
327.5 327.503472  3511.92  140.477  32.310 0.000
330.5 330.503472  3308.84  132.354  30.441 0.000
334.5 334.503472  3126.14  125.046  28.760 0.000
337.5 337.503472  3349.02  133.961  30.811 0.000
341.5 341.503472  2191.91   87.676  20.166 0.000
344.5 344.503472  2003.45   80.138  18.432 0.000
348.5 348.503472  2082.80   83.312  19.162 0.000
351.5 351.503472  1772.58   70.903  16.308 0.000
355.5 355.503472  1579.41   63.176  14.531 0.000
358.5 358.503472  1955.80   78.232  17.993 0.000
362.5 362.503472  2238.40   89.536  20.593 0.000
