data/obs/c2h6/WDCGG/event/DE0043G.20120101000000.20170621000000.online_gc.ethane.air.1y.12h.DE09L_Varian_GC-3800-FID_HPB_C2-C8-hydrocarb.DE09L_Measurements_of_Hydrocarbons_GC-3800.lev2.nas
74 1001
Claude, Anja; Plass-Duelmer, Christian
DE09L, Deutscher Wetterdienst, DWD, Met. Obs., Hohenspeissenberg, , 82283, Hohenspeissenberg, Germany
Claude, Anja
ACTRIS EMEP GAW-WDCRG
1 1
2012 01 01 2017 06 21
0
days from file reference point
5
1 1 1 1 1
999.999999 99999.9 9999.9 9999.9 9.999
end_time of measurement, days from the file reference point
ethane, pmol/mol, Statistics=arithmetic mean
ethane, pmol/mol, Statistics=expanded uncertainty 2sigma
ethane, pmol/mol, Statistics=precision
numflag, no unit
0
55
Data definition:              EBAS_1.1
Set type code:                TI
Timezone:                     UTC
File name:                    DE0043G.20120101000000.20170621000000.online_gc.ethane.air.1y.12h.DE09L_Varian_GC-3800-FID_HPB_C2-C8-hydrocarb.DE09L_Measurements_of_Hydrocarbons_GC-3800.lev2.nas
File creation:                20190306184600
Startdate:                    20120101000000
Revision date:                20170621000000
Version:                      3
Version description:          2nd revision 2017, manually inspected, 2017 header
Data level:                   2
Period code:                  1y
Resolution code:              12h
Sample duration:              15mn
Orig. time res.:              15mn
Station code:                 DE0043G
Platform code:                DE0043S
Station name:                 Hohenpeissenberg
Station WDCA-ID:              GAWADE__HPB
Station GAW-ID:               HPB
Station GAW-Name:             Hohenpeissenberg
Station land use:             Grassland
Station setting:              Mountain
Station GAW type:             G
Station WMO region:           6
Station latitude:             47.8014984131
Station longitude:            11.0096197128
Station altitude:             985.0m
Measurement altitude:         1000.0m
Measurement height:           15.0m
Regime:                       IMG
Component:                    ethane
Unit:                         pmol/mol
Matrix:                       air
Instrument type:              online_gc
Laboratory code:              DE09L
Instrument name:              Varian_GC-3800-FID_HPB_C2-C8-hydrocarb
Instrument manufacturer:      Varian
Instrument model:             GC-3800
Instrument serial number:     104633
Method ref:                   DE09L_Measurements_of_Hydrocarbons_GC-3800
Standard method:              SOP=ACTRIS_VOC_2014
Calibration scale:            NPL
Calibration standard ID:      Manufacturer NPL (quantum passivated cylinder form Air products); Batch D641624
Inlet type:                   Hat or hood
Inlet description:            Downward facing with hood
Detection limit expl.:        Determined by multiple peak integration of zero gas measurements, detection limit flag 147 is used for values under detection  limit defined as 3-sigma precision
Measurement uncertainty expl.: "Includes reproducibility (precision) + systematic errors (accuracy). Ref:http://www.atmos-meas-tech.net/8/2715/2015/"
Zero/negative values code:    Zero/negative possible
Zero/negative values:         Zero and neg. values may appear due to statistical variations at very low concentrations
Originator:                   Claude, Anja, anja.claude@dwd.de, Deutscher Wetterdienst, DWD, Hohenpeissenberg Meteorological Observatory, Albin-Schwaiger-Weg 10, , D-82383, Hohenpeissenberg, Germany
Originator:                   Plass-Duelmer, Christian, , , , , , , , , 
Submitter:                    Claude, Anja, anja.claude@dwd.de, Deutscher Wetterdienst, DWD, Hohenpeissenberg Meteorological Observatory, Albin-Schwaiger-Weg 10, , D-82383, Hohenpeissenberg, Germany
Acknowledgement:              Request acknowledgement details from data originator
Comment:                      preconcentration on glass beeds (-197\B0C), o3 removed, cryo-dryer at -40\B0C, 2 week calibration interval.
starttime endtime C2H6 C2H6 C2H6 flag
[from data line 321]
153.011111 153.021528  1122.3   32.0   22.8 0.000
153.511111 153.521528  1070.1   30.5   21.7 0.000
154.011111 154.021528   955.9   27.3   19.4 0.000
154.512500 154.522917  1057.0   30.1   21.5 0.000
155.018750 155.029167   984.2   28.1   20.0 0.000
155.529167 155.539583   987.4   28.2   20.1 0.000
156.029861 156.040278  1038.4   29.6   21.1 0.000
156.513194 156.523611  1286.3   36.6   26.1 0.000
157.013889 157.024306  1262.9   36.0   25.6 0.000
157.494444 157.504861  1033.2   29.5   21.0 0.000
157.995139 158.005556   987.0   28.1   20.1 0.000
158.495833 158.506250   981.9   28.0   20.0 0.000
158.996528 159.006944   746.8   21.3   15.2 0.000
159.497917 159.508333   896.1   25.6   18.2 0.000
159.997917 160.008333   984.3   28.1   20.0 0.000
160.498611 160.509028  1044.1   29.8   21.2 0.000
161.000000 161.010417  1012.3   28.9   20.6 0.000
161.500694 161.511111  1104.2   31.5   22.4 0.000
162.001389 162.011806  1072.3   30.6   21.8 0.000
162.495833 162.506250   994.0   28.3   20.2 0.000
162.996528 163.006944   970.6   27.7   19.7 0.000
163.490278 163.500694  1012.1   28.9   20.6 0.000
163.990972 164.001389  1108.4   31.6   22.5 0.000
164.491667 164.502083  1155.4   32.9   23.5 0.000
164.575694 164.586111  1149.6   32.8   23.3 0.000
164.659028 164.669444  1192.4   34.0   24.2 0.000
164.742361 164.752778  1238.5   35.3   25.1 0.000
164.825694 164.836111  1251.9   35.7   25.4 0.000
164.909028 164.919444  1199.5   34.2   24.3 0.000
164.993056 165.003472  1154.5   32.9   23.4 0.000
165.076389 165.086806  1149.2   32.7   23.3 0.000
165.159722 165.170139  1144.7   32.6   23.2 0.000
165.243750 165.254167  1163.1   33.1   23.6 0.000
165.327083 165.337500  1158.7   33.0   23.5 0.000
165.492361 165.502778  1110.4   31.6   22.5 0.000
165.575694 165.586111  1069.3   30.5   21.7 0.000
165.659722 165.670139  1037.4   29.6   21.1 0.000
165.743750 165.754167  1036.2   29.5   21.0 0.000
165.827083 165.837500  1084.9   30.9   22.0 0.000
165.911111 165.921528  1115.4   31.8   22.6 0.000
165.995139 166.005556  1111.9   31.7   22.6 0.000
166.078472 166.088889  1060.7   30.2   21.5 0.000
166.162500 166.172917  1063.3   30.3   21.6 0.000
166.246528 166.256944  1049.6   29.9   21.3 0.000
166.330556 166.340972  1017.3   29.0   20.7 0.000
166.495833 166.506250   912.4   26.0   18.6 0.000
166.581250 166.591667   833.1   23.8   17.0 0.000
166.665278 166.675694   848.0   24.2   17.3 0.000
166.749306 166.759722   875.2   25.0   17.8 0.000
166.832639 166.843056   895.4   25.5   18.2 0.000
166.918056 166.928472   764.1   21.8   15.6 0.000
167.002778 167.013194   806.6   23.0   16.4 0.000
167.087500 167.097917   786.2   22.5   16.0 0.000
167.172222 167.182639   814.0   23.2   16.6 0.000
167.256944 167.267361   846.3   24.2   17.2 0.000
167.341667 167.352083   999.0   28.5   20.3 0.000
169.229167 169.239583   904.0   25.8   18.4 0.000
169.313889 169.324306   839.5   24.0   17.1 0.000
169.397917 169.408333   737.5   21.1   15.0 0.000
169.566667 169.577083   819.0   23.4   16.7 0.000
169.651389 169.661806   797.7   22.8   16.2 0.000
169.735417 169.745833   886.7   25.3   18.0 0.000
169.820139 169.830556   766.0   21.9   15.6 0.000
169.904861 169.915278   855.9   24.4   17.4 0.000
169.988889 169.999306   782.4   22.3   15.9 0.000
170.072917 170.083333   783.4   22.4   16.0 0.000
170.157639 170.168056   777.7   22.2   15.8 0.000
170.241667 170.252083   785.7   22.4   16.0 0.000
170.410417 170.420833   812.0   23.2   16.5 0.000
170.493750 170.504167   904.9   25.8   18.4 0.000
170.577778 170.588194   762.5   21.8   15.5 0.000
170.661111 170.671528   764.0   21.8   15.6 0.000
170.744444 170.754861   709.2   20.3   14.5 0.000
170.828472 170.838889   799.7   22.8   16.3 0.000
170.995139 171.005556   775.3   22.1   15.8 0.000
171.162500 171.172917   769.2   22.0   15.7 0.000
171.246528 171.256944   840.1   24.0   17.1 0.000
171.329861 171.340278   865.9   24.7   17.6 0.000
171.413889 171.424306   770.7   22.0   15.7 0.000
171.497222 171.507639   813.3   23.2   16.6 0.000
171.581250 171.591667   789.7   22.5   16.1 0.000
171.665278 171.675694   826.9   23.6   16.8 0.000
171.749306 171.759722   797.4   22.8   16.2 0.000
171.832639 171.843056   794.6   22.7   16.2 0.000
171.916667 171.927083   795.1   22.7   16.2 0.000
172.000000 172.010417   796.9   22.7   16.2 0.000
172.084028 172.094444   783.9   22.4   16.0 0.000
172.168056 172.178472   789.1   22.5   16.1 0.000
172.248611 172.259028   822.3   23.5   16.7 0.000
172.499306 172.509722   808.2   23.1   16.5 0.000
172.580556 172.590972   787.8   22.5   16.1 0.000
172.661806 172.672222   781.7   22.3   15.9 0.000
172.745139 172.755556   772.4   22.1   15.8 0.000
172.828472 172.838889   773.8   22.1   15.8 0.000
172.911111 172.921528   793.9   22.7   16.2 0.000
172.994444 173.004861   782.2   22.3   15.9 0.000
173.077083 173.087500   784.4   22.4   16.0 0.000
173.160417 173.170833   790.7   22.6   16.1 0.000
173.243056 173.253472   824.6   23.5   16.8 0.000
173.327083 173.337500   813.0   23.2   16.6 0.000
173.409722 173.420139   918.5   26.2   18.7 0.000
173.492361 173.502778   904.8   25.8   18.4 0.000
173.575694 173.586111   914.8   26.1   18.6 0.000
173.658333 173.668750   888.4   25.4   18.1 0.000
173.741667 173.752083   895.1   25.5   18.2 0.000
173.825000 173.835417   891.7   25.4   18.2 0.000
173.908333 173.918750   942.6   26.9   19.2 0.000
173.991667 174.002083   909.8   26.0   18.5 0.000
174.075000 174.085417   935.2   26.7   19.0 0.000
174.157639 174.168056   966.6   27.6   19.7 0.000
174.324306 174.334722   931.0   26.6   18.9 0.000
174.408333 174.418750   907.1   25.9   18.5 0.000
174.491667 174.502083   903.0   25.8   18.4 0.000
174.575000 174.585417   891.5   25.4   18.1 0.000
174.658333 174.668750   928.5   26.5   18.9 0.000
174.741667 174.752083   905.5   25.8   18.4 0.000
174.825000 174.835417   929.7   26.5   18.9 0.000
174.908333 174.918750   963.7   27.5   19.6 0.000
174.991667 175.002083   935.3   26.7   19.0 0.000
175.159028 175.169444   914.3   26.1   18.6 0.000
175.242361 175.252778   929.0   26.5   18.9 0.000
175.326389 175.336806   923.3   26.3   18.8 0.000
175.409722 175.420139   935.7   26.7   19.0 0.000
175.493056 175.503472   938.2   26.8   19.1 0.000
175.577083 175.587500   945.0   27.0   19.2 0.000
175.660417 175.670833   969.3   27.6   19.7 0.000
175.743750 175.754167   971.1   27.7   19.8 0.000
175.827778 175.838194   963.4   27.5   19.6 0.000
175.995139 176.005556   853.5   24.4   17.4 0.000
176.079167 176.089583   829.9   23.7   16.9 0.000
176.162500 176.172917   814.1   23.2   16.6 0.000
176.329861 176.340278   886.8   25.3   18.0 0.000
176.413889 176.424306   831.5   23.7   16.9 0.000
176.497222 176.507639   842.1   24.0   17.2 0.000
176.579861 176.590278   809.5   23.1   16.5 0.000
176.663889 176.674306   774.6   22.1   15.8 0.000
176.747917 176.758333   811.1   23.2   16.5 0.000
176.915278 176.925694   921.1   26.3   18.7 0.000
176.999306 177.009722   945.5   27.0   19.2 0.000
177.083333 177.093750   925.0   26.4   18.8 0.000
177.167361 177.177778   923.2   26.3   18.8 0.000
177.251389 177.261806   941.7   26.9   19.2 0.000
177.334722 177.345139   915.2   26.1   18.6 0.000
177.418056 177.428472   897.5   25.6   18.3 0.000
177.500694 177.511111   872.3   24.9   17.8 0.000
177.667361 177.677778   882.4   25.2   18.0 0.000
177.750694 177.761111   883.1   25.2   18.0 0.000
177.834028 177.844444   878.4   25.1   17.9 0.000
177.917361 177.927778   863.8   24.7   17.6 0.000
178.000694 178.011111  1066.3   30.4   21.7 0.000
178.084028 178.094444   937.2   26.7   19.1 0.000
178.167361 178.177778   888.9   25.4   18.1 0.000
178.250694 178.261111   853.1   24.3   17.4 0.000
178.417361 178.427778   788.3   22.5   16.1 0.000
178.500694 178.511111   724.8   20.7   14.8 0.000
178.584722 178.595139   686.4   19.6   14.0 0.000
178.668056 178.678472   696.8   19.9   14.2 0.000
178.751389 178.761806   714.9   20.4   14.6 0.000
178.834722 178.845139   681.3   19.5   13.9 0.000
178.918056 178.928472   765.7   21.9   15.6 0.000
179.001389 179.011806   801.4   22.9   16.3 0.000
179.085417 179.095833   753.0   21.5   15.4 0.000
179.168750 179.179167   755.5   21.6   15.4 0.000
179.252083 179.262500   720.8   20.6   14.7 0.000
179.419444 179.429861   676.3   19.3   13.8 0.000
179.503472 179.513889   652.8   18.7   13.3 0.000
179.586806 179.597222   656.3   18.8   13.4 0.000
179.670833 179.681250   662.2   18.9   13.5 0.000
180.326389 180.336806   670.8   19.2   13.7 0.000
180.409722 180.420139   672.8   19.2   13.7 0.000
180.493056 180.503472   675.0   19.3   13.8 0.000
180.576389 180.586806   657.7   18.8   13.4 0.000
180.659722 180.670139   662.6   18.9   13.5 0.000
180.743056 180.753472   675.1   19.3   13.8 0.000
180.826389 180.836806   758.8   21.7   15.5 0.000
180.909028 180.919444   661.8   18.9   13.5 0.000
180.992361 181.002778   709.6   20.3   14.5 0.000
181.076389 181.086806   742.7   21.2   15.2 0.000
181.159028 181.169444   745.3   21.3   15.2 0.000
181.242361 181.252778   740.1   21.1   15.1 0.000
181.325694 181.336111   757.9   21.6   15.5 0.000
181.409028 181.419444   697.7   19.9   14.2 0.000
181.492361 181.502778   676.0   19.3   13.8 0.000
181.576389 181.586806   670.9   19.2   13.7 0.000
181.659722 181.670139   685.1   19.6   14.0 0.000
181.743056 181.753472   726.8   20.8   14.8 0.000
181.827083 181.837500   752.2   21.5   15.3 0.000
181.910417 181.920833   667.2   19.1   13.6 0.000
182.161111 182.171528   707.4   20.2   14.4 0.000
182.244444 182.254861   718.6   20.5   14.7 0.000
182.327778 182.338194   751.1   21.5   15.3 0.000
182.411806 182.422222   853.6   24.4   17.4 0.000
182.495139 182.505556   820.5   23.4   16.7 0.000
182.579167 182.589583   804.9   23.0   16.4 0.000
182.662500 182.672917   804.8   23.0   16.4 0.000
182.745833 182.756250   794.6   22.7   16.2 0.000
182.829861 182.840278   783.9   22.4   16.0 0.000
182.913194 182.923611   769.7   22.0   15.7 0.000
182.997222 183.007639   772.9   22.1   15.8 0.000
183.080556 183.090972   774.2   22.1   15.8 0.000
183.164583 183.175000   851.9   24.3   17.4 0.000
183.247917 183.258333   896.8   25.6   18.3 0.000
183.407639 183.418056   912.2   26.0   18.6 0.000
183.491667 183.502083   906.2   25.9   18.4 0.000
183.575694 183.586111   864.2   24.7   17.6 0.000
183.659028 183.669444   839.8   24.0   17.1 0.000
183.743056 183.753472   860.4   24.6   17.5 0.000
183.827083 183.837500   885.5   25.3   18.0 0.000
183.910417 183.920833   861.7   24.6   17.5 0.000
183.994444 184.004861   854.9   24.4   17.4 0.000
184.078472 184.088889   884.1   25.2   18.0 0.000
184.162500 184.172917   884.2   25.2   18.0 0.000
184.493750 184.504167   798.2   22.8   16.3 0.000
184.660417 184.670833   797.1   22.8   16.2 0.000
184.827083 184.837500   735.0   21.0   15.0 0.000
185.003472 185.013889   796.6   22.7   16.2 0.000
185.177778 185.188194   839.5   24.0   17.1 0.000
185.325000 185.335417   829.6   23.7   16.9 0.000
185.408333 185.418750   802.6   22.9   16.4 0.000
185.492361 185.502778   792.4   22.6   16.2 0.000
185.576389 185.586806   797.1   22.8   16.2 0.000
185.665972 185.676389   785.6   22.4   16.0 0.000
185.754167 185.764583   793.4   22.7   16.2 0.000
185.841667 185.852083   775.8   22.2   15.8 0.000
186.324306 186.334722   718.2   20.5   14.7 0.000
186.406944 186.417361   823.0   23.5   16.8 0.000
186.490278 186.500694   826.0   23.6   16.8 0.000
186.572917 186.583333   830.7   23.7   16.9 0.000
186.656250 186.666667   808.3   23.1   16.5 0.000
186.739583 186.750000   813.8   23.2   16.5 0.000
186.822917 186.833333   834.8   23.8   17.0 0.000
186.906250 186.916667   834.6   23.8   17.0 0.000
186.988889 186.999306   825.5   23.6   16.8 0.000
187.072222 187.082639   826.1   23.6   16.8 0.000
187.155556 187.165972   818.1   23.4   16.7 0.000
190.491667 190.502083   800.3   22.9   16.3 0.000
190.575000 190.585417   793.8   22.7   16.2 0.000
190.658333 190.668750   780.5   22.3   15.9 0.000
190.742361 190.752778   790.2   22.6   16.1 0.000
190.825694 190.836111   781.9   22.3   15.9 0.000
190.909028 190.919444   756.1   21.6   15.4 0.000
190.992361 191.002778   809.2   23.1   16.5 0.000
191.075694 191.086111   774.6   22.1   15.8 0.000
191.159722 191.170139   778.9   22.2   15.9 0.000
191.243056 191.253472   788.5   22.5   16.1 0.000
191.326389 191.336806   798.4   22.8   16.3 0.000
191.409722 191.420139   770.6   22.0   15.7 0.000
191.493056 191.503472   732.9   20.9   15.0 0.000
191.577083 191.587500   727.3   20.8   14.8 0.000
191.660417 191.670833   742.3   21.2   15.1 0.000
191.743750 191.754167   719.8   20.6   14.7 0.000
191.827778 191.838194   730.1   20.9   14.9 0.000
191.911111 191.921528   738.3   21.1   15.1 0.000
191.995139 192.005556   742.1   21.2   15.1 0.000
192.078472 192.088889   733.8   21.0   15.0 0.000
192.161806 192.172222   749.7   21.4   15.3 0.000
192.491667 192.502083   715.0   20.4   14.6 0.000
192.575000 192.585417   700.2   20.0   14.3 0.000
192.659028 192.669444   691.3   19.8   14.1 0.000
192.742361 192.752778   734.7   21.0   15.0 0.000
192.826389 192.836806   766.1   21.9   15.6 0.000
192.910417 192.920833   722.3   20.6   14.7 0.000
192.993750 193.004167   722.7   20.7   14.8 0.000
194.490972 194.501389   703.7   20.1   14.4 0.000
194.990972 195.001389   793.2   22.7   16.2 0.000
195.490972 195.501389   782.8   22.4   16.0 0.000
195.990972 196.001389   817.8   23.4   16.7 0.000
196.491667 196.502083   751.7   21.5   15.3 0.000
196.993750 197.004167   749.2   21.4   15.3 0.000
197.492361 197.502778   784.2   22.4   16.0 0.000
197.990972 198.001389   768.1   21.9   15.7 0.000
198.495139 198.505556   716.7   20.5   14.6 0.000
198.993750 199.004167   735.6   21.0   15.0 0.000
199.493056 199.503472   594.1   17.0   12.2 0.000
199.993056 200.003472   661.4   18.9   13.5 0.000
200.493750 200.504167   680.4   19.5   13.9 0.000
200.994444 201.004861   622.7   17.8   12.8 0.000
201.495139 201.505556   648.8   18.6   13.3 0.000
201.994444 202.004861   809.7   23.1   16.5 0.000
202.493056 202.503472   755.8   21.6   15.4 0.000
202.992361 203.002778   795.3   22.7   16.2 0.000
203.490972 203.501389   853.7   24.4   17.4 0.000
203.990972 204.001389   818.0   23.4   16.7 0.000
204.492361 204.502778   797.4   22.8   16.3 0.000
205.495139 205.505556   810.3   23.1   16.5 0.000
205.995139 206.005556   925.2   26.4   18.8 0.000
206.495139 206.505556  1365.0   38.9   27.7 0.000
206.995139 207.005556   995.9   28.4   20.2 0.000
207.496528 207.506944   813.6   23.2   16.6 0.000
207.997917 208.008333   845.5   24.1   17.2 0.000
208.081944 208.092361   820.6   23.4   16.7 0.000
208.165278 208.175694   805.3   23.0   16.4 0.000
208.248611 208.259028   794.2   22.7   16.2 0.000
208.331944 208.342361   740.6   21.2   15.1 0.000
208.413194 208.423611   733.7   21.0   15.0 0.000
208.506250 208.516667   809.8   23.1   16.5 0.000
209.492361 209.502778   886.9   25.3   18.1 0.000
209.992361 210.002778   841.7   24.0   17.1 0.000
210.492361 210.502778   815.7   23.3   16.6 0.000
210.992361 211.002778   890.9   25.4   18.1 0.000
211.993750 212.004167   821.4   23.5   16.7 0.000
212.495139 212.505556   787.1   22.5   16.1 0.000
212.995139 213.005556   802.9   22.9   16.4 0.000
213.246528 213.256944   741.7   21.2   15.1 0.000
213.329861 213.340278   769.9   22.0   15.7 0.000
213.413889 213.424306   762.9   21.8   15.6 0.000
213.497222 213.507639   696.7   19.9   14.2 0.000
213.581250 213.591667   637.9   18.3   13.1 0.000
213.664583 213.675000   569.8   16.3   11.7 0.000
213.748611 213.759028   614.4   17.6   12.6 0.000
213.831944 213.842361   654.4   18.7   13.4 0.000
213.915972 213.926389   604.6   17.3   12.4 0.000
213.999306 214.009722   644.9   18.5   13.2 0.000
214.082639 214.093056  1062.0   30.3   21.6 0.000
214.166667 214.177083   848.7   24.2   17.3 0.000
214.247222 214.257639   823.3   23.5   16.8 0.000
214.330556 214.340972   832.3   23.8   17.0 0.000
214.413889 214.424306   789.7   22.6   16.1 0.000
214.497222 214.507639   785.7   22.4   16.0 0.000
