data/obs/c2h6/WDCGG/event/DE0043G.20160101114900.20170511000000.online_gc.ethane.air.1y.12h.DE09L_Varian_GC-3800-FID_HPB_C2-C8-hydrocarb.DE09L_Measurements_of_Hydrocarbons_GC-3800.lev2.nas
74 1001
Claude, Anja; Kubistin, Dagmar
DE09L, Deutscher Wetterdienst, DWD, Met. Obs., Hohenspeissenberg, , 82283, Hohenspeissenberg, Germany
Claude, Anja
ACTRIS EMEP GAW-WDCRG
1 1
2016 01 01 2017 05 11
0
days from file reference point
5
1 1 1 1 1
999.999999 99999.9 9999.9 9999.9 9.999
end_time of measurement, days from the file reference point
ethane, pmol/mol, Statistics=arithmetic mean
ethane, pmol/mol, Statistics=expanded uncertainty 2sigma
ethane, pmol/mol, Statistics=precision
numflag, no unit
0
55
Data definition:              EBAS_1.1
Set type code:                TI
Timezone:                     UTC
File name:                    DE0043G.20160101114900.20170511000000.online_gc.ethane.air.1y.12h.DE09L_Varian_GC-3800-FID_HPB_C2-C8-hydrocarb.DE09L_Measurements_of_Hydrocarbons_GC-3800.lev2.nas
File creation:                20190306184600
Startdate:                    20160101114900
Revision date:                20170511000000
Version:                      2
Version description:          initial revision, manually inspected, revised after Duebendorf data workshop
Data level:                   2
Period code:                  1y
Resolution code:              12h
Sample duration:              15mn
Orig. time res.:              15mn
Station code:                 DE0043G
Platform code:                DE0043S
Station name:                 Hohenpeissenberg
Station WDCA-ID:              GAWADE__HPB
Station GAW-ID:               HPB
Station GAW-Name:             Hohenpeissenberg
Station land use:             Grassland
Station setting:              Mountain
Station GAW type:             G
Station WMO region:           6
Station latitude:             47.8014984131
Station longitude:            11.0096197128
Station altitude:             985.0m
Measurement altitude:         1000.0m
Measurement height:           15.0m
Regime:                       IMG
Component:                    ethane
Unit:                         pmol/mol
Matrix:                       air
Instrument type:              online_gc
Laboratory code:              DE09L
Instrument name:              Varian_GC-3800-FID_HPB_C2-C8-hydrocarb
Instrument manufacturer:      Varian
Instrument model:             GC-3800
Instrument serial number:     104633
Method ref:                   DE09L_Measurements_of_Hydrocarbons_GC-3800
Standard method:              SOP=ACTRIS_VOC_2014
Calibration scale:            NPL
Calibration standard ID:      Manufacturer NPL (quantum passivated cylinder form Air products); Batch D910379
Inlet type:                   Hat or hood
Inlet description:            Downward facing with hood
Detection limit expl.:        Determined by multiple peak integration of zero gas measurements, detection limit flag 147 is used for values under detection  limit defined as 3-sigma precision
Measurement uncertainty expl.: "Includes reproducibility (precision) + systematic errors (accuracy). Ref:http://www.atmos-meas-tech.net/8/2715/2015/"
Zero/negative values code:    Zero/negative possible
Zero/negative values:         Zero and neg. values may appear due to statistical variations at very low concentrations
Originator:                   Claude, Anja, anja.claude@dwd.de, Deutscher Wetterdienst, DWD, Hohenpeissenberg Meteorological Observatory, Albin-Schwaiger-Weg 10, , D-82383, Hohenpeissenberg, Germany
Originator:                   Kubistin, Dagmar, dagmar.kubistin@dwd.de, Deutscher Wetterdienst, DWD, Hohenpeissenberg Meteorological Observatory, Albin-Schwaiger-Weg 10, , D-82383, Hohenpeissenberg, Germany
Submitter:                    Claude, Anja, anja.claude@dwd.de, Deutscher Wetterdienst, DWD, Hohenpeissenberg Meteorological Observatory, Albin-Schwaiger-Weg 10, , D-82383, Hohenpeissenberg, Germany
Acknowledgement:              Request acknowledgement details from data originator
Comment:                      preconcentration on glass beeds (-197\B0C), o3 removed, cryo-dryer at -40\B0C, 2 week calibration interval, two target gases were used
starttime endtime C2H6 C2H6 C2H6 flag
[from data line 321]
135.990278 136.000694  1661.8   47.3   33.7 0.000
136.489583 136.500000  1607.8   45.8   32.6 0.000
136.988889 136.999306  1645.9   46.9   33.4 0.000
137.488194 137.498611  1533.1   43.7   31.1 0.000
137.986806 137.997222  1569.7   44.7   31.8 0.000
138.493750 138.504167  1451.5   41.3   29.4 0.000
138.993056 139.003472  1438.9   41.0   29.2 0.000
139.493750 139.504167  1363.2   38.8   27.6 0.000
139.993056 140.003472  1410.3   40.2   28.6 0.000
140.495139 140.505556  1387.5   39.5   28.1 0.000
140.995139 141.005556  1362.5   38.8   27.6 0.000
141.493750 141.504167  1323.2   37.7   26.8 0.000
141.993750 142.004167  1317.5   37.5   26.7 0.000
142.493056 142.503472  1371.2   39.1   27.8 0.000
142.993056 143.003472  1268.1   36.1   25.7 0.000
143.225694 143.236111  1372.7   39.1   27.8 0.000
143.275000 143.285417  1369.9   39.0   27.8 0.000
143.324306 143.334722  1384.6   39.4   28.1 0.000
143.373611 143.384028  1413.7   40.3   28.7 0.000
143.457639 143.468056  1416.9   40.4   28.7 0.000
143.540972 143.551389  1428.1   40.7   29.0 0.000
143.624306 143.634722  1458.1   41.5   29.6 0.000
143.707639 143.718056  1438.2   41.0   29.2 0.000
143.756250 143.766667  1427.4   40.7   28.9 0.000
143.806250 143.816667  1427.0   40.6   28.9 0.000
143.854861 143.865278  1419.0   40.4   28.8 0.000
143.945139 143.955556  1408.0   40.1   28.6 0.000
144.029167 144.039583  1414.4   40.3   28.7 0.000
144.111806 144.122222  1442.1   41.1   29.2 0.000
144.195833 144.206250  1466.6   41.8   29.7 0.000
144.494444 144.504861  1574.6   44.8   31.9 0.000
144.993750 145.004167  1679.5   47.8   34.0 0.000
145.493750 145.504167  1470.4   41.9   29.8 0.000
145.993056 146.003472  1530.7   43.6   31.0 0.000
146.492361 146.502778  1355.1   38.6   27.5 0.000
146.992361 147.002778  1381.0   39.3   28.0 0.000
147.452778 147.463194  1281.3   36.5   26.0 0.000
147.952778 147.963194  1182.0   33.7   24.0 0.000
148.452083 148.462500  1162.9   33.1   23.6 0.000
148.951389 148.961806  1175.9   33.5   23.9 0.000
149.450694 149.461111  1210.2   34.5   24.6 0.000
149.950694 149.961111  1059.4   30.2   21.5 0.000
150.493750 150.504167  1274.3   36.3   25.8 0.000
150.993056 151.003472  1287.4   36.7   26.1 0.000
151.493750 151.504167  1310.2   37.3   26.6 0.000
151.993056 152.003472  1255.3   35.8   25.5 0.000
152.494444 152.504861  1311.0   37.3   26.6 0.000
152.993750 153.004167  1238.1   35.3   25.1 0.000
153.495833 153.506250  1395.9   39.8   28.3 0.000
153.995833 154.006250  1351.9   38.5   27.4 0.000
154.493056 154.503472  1322.7   37.7   26.8 0.000
154.993056 155.003472  1371.6   39.1   27.8 0.000
155.493056 155.503472  1554.8   44.3   31.5 0.000
155.993056 156.003472  1509.0   43.0   30.6 0.000
156.492361 156.502778  1450.3   41.3   29.4 0.000
156.993056 157.003472  1301.1   37.1   26.4 0.000
157.493750 157.504167  1317.1   37.5   26.7 0.000
157.993056 158.003472  1222.9   34.8   24.8 0.000
158.495139 158.505556  1146.1   32.7   23.3 0.000
158.994444 159.004861  1183.6   33.7   24.0 0.000
159.495833 159.506250  1197.6   34.1   24.3 0.000
159.995139 160.005556  1151.4   32.8   23.4 0.000
160.494444 160.504861  1072.3   30.6   21.8 0.000
160.993750 161.004167  1043.0   29.7   21.2 0.000
161.493750 161.504167  1087.6   31.0   22.1 0.000
161.994444 162.004861  1113.6   31.7   22.6 0.000
162.493750 162.504167  1082.6   30.9   22.0 0.000
162.994444 163.004861   965.1   27.5   19.6 0.000
163.493750 163.504167   940.9   26.8   19.1 0.000
163.994444 164.004861  1031.7   29.4   21.0 0.000
164.494444 164.504861   942.0   26.9   19.2 0.000
164.993750 165.004167  1060.8   30.2   21.6 0.000
165.263889 165.274306  1075.5   30.7   21.9 0.000
165.313194 165.323611  1081.0   30.8   22.0 0.000
165.361806 165.372222  1028.4   29.3   20.9 0.000
165.411806 165.422222  1021.0   29.1   20.7 0.000
165.495833 165.506250   937.7   26.7   19.1 0.000
165.579167 165.589583   902.1   25.7   18.4 0.000
165.663194 165.673611   952.4   27.2   19.4 0.000
165.746528 165.756944  1007.7   28.7   20.5 0.000
165.795833 165.806250  1036.3   29.5   21.1 0.000
165.845139 165.855556  1067.3   30.4   21.7 0.000
165.894444 165.904861  1052.2   30.0   21.4 0.000
165.984028 165.994444  1029.5   29.4   20.9 0.000
166.068056 166.078472  1028.2   29.3   20.9 0.000
166.151389 166.161806  1014.4   28.9   20.6 0.000
166.235417 166.245833  1025.5   29.2   20.8 0.000
166.493750 166.504167  1012.7   28.9   20.6 0.000
166.993056 167.003472   988.3   28.2   20.1 0.000
167.494444 167.504861  1054.2   30.1   21.4 0.000
167.993750 168.004167   972.6   27.7   19.8 0.000
168.493750 168.504167   921.7   26.3   18.8 0.000
168.993750 169.004167   926.9   26.4   18.9 0.000
169.493750 169.504167   972.0   27.7   19.8 0.000
169.993750 170.004167   990.4   28.2   20.1 0.000
170.493750 170.504167  1134.1   32.3   23.0 0.000
170.993750 171.004167  1151.8   32.8   23.4 0.000
171.493750 171.504167  1088.5   31.0   22.1 0.000
171.993056 172.003472  1091.1   31.1   22.2 0.000
172.494444 172.504861   945.8   27.0   19.2 0.000
172.993750 173.004167   785.5   22.4   16.0 0.000
173.494444 173.504861   719.5   20.6   14.7 0.000
173.993750 174.004167   747.5   21.4   15.2 0.000
174.494444 174.504861   657.9   18.8   13.5 0.000
174.993750 175.004167   779.3   22.3   15.9 0.000
175.493750 175.504167   652.1   18.7   13.3 0.000
175.994444 176.004861   701.6   20.1   14.3 0.000
176.493750 176.504167   778.0   22.2   15.9 0.000
176.993750 177.004167   823.4   23.5   16.8 0.000
177.493056 177.503472  1129.0   32.2   22.9 0.000
177.993056 178.003472   921.9   26.3   18.8 0.000
178.493750 178.504167   897.3   25.6   18.3 0.000
178.993750 179.004167   923.7   26.4   18.8 0.000
179.494444 179.504861   824.0   23.5   16.8 0.000
179.994444 180.004861   733.8   21.0   15.0 0.000
180.493056 180.503472   685.8   19.6   14.0 0.000
180.993056 181.003472   898.5   25.6   18.3 0.000
181.494444 181.504861   759.1   21.7   15.5 0.000
181.993750 182.004167   817.4   23.3   16.7 0.000
182.494444 182.504861   729.7   85.0   83.0 0.000
182.994444 183.004861   752.3   87.6   85.6 0.000
183.494444 183.504861   791.5   92.2   90.0 0.000
183.994444 184.004861   899.0  104.7  102.2 0.000
184.493750 184.504167   881.9  102.7  100.3 0.000
184.993750 185.004167   934.4  108.8  106.3 0.000
185.494444 185.504861   867.9  101.1   98.7 0.000
185.993750 186.004167   852.1   99.3   96.9 0.000
186.493750 186.504167   774.0   90.2   88.0 0.000
186.993750 187.004167   778.0   90.6   88.5 0.000
187.493750 187.504167   761.0   88.7   86.6 0.000
187.993056 188.003472   934.3  108.8  106.3 0.000
188.494444 188.504861   819.4   95.5   93.2 0.000
188.993750 189.004167   928.7  108.2  105.6 0.000
189.494444 189.504861   796.5   92.8   90.6 0.000
189.994444 190.004861   846.6   98.6   96.3 0.000
190.494444 190.504861   695.0   81.0   79.1 0.000
190.994444 191.004861   830.1   96.7   94.4 0.000
191.494444 191.504861   673.1   78.4   76.6 0.000
191.994444 192.004861   707.3   82.4   80.5 0.000
192.494444 192.504861   722.0   84.1   82.1 0.000
192.993750 193.004167   691.8   80.6   78.7 0.000
193.494444 193.504861   702.0   81.8   79.9 0.000
193.994444 194.004861   768.5   89.5   87.4 0.000
194.494444 194.504861   740.1   86.2   84.2 0.000
194.993750 195.004167   786.7   91.7   89.5 0.000
195.494444 195.504861   947.9  110.4  107.8 0.000
195.993750 196.004167   896.6  104.4  102.0 0.000
199.495139 199.505556   507.4   59.1   57.7 0.000
199.995833 200.006250   535.9   62.4   61.0 0.000
200.223611 200.234028   555.2   64.7   63.2 0.000
200.273611 200.284028   560.5   65.3   63.8 0.559
200.323611 200.334028   640.4   74.6   72.8 0.559
200.372917 200.383333   648.5   75.6   73.8 0.559
200.457639 200.468056   548.8   63.9   62.4 0.559
200.540972 200.551389   526.8   61.4   59.9 0.559
200.625694 200.636111   535.0   62.3   60.9 0.559
200.709722 200.720139   534.4   62.3   60.8 0.000
200.759722 200.770139   655.0   76.3   74.5 0.000
200.809028 200.819444   674.5   78.6   76.7 0.000
200.859028 200.869444   684.7   79.8   77.9 0.000
200.948611 200.959028   754.3   87.9   85.8 0.000
201.525000 201.535417   584.4   68.1   66.5 0.000
202.001389 202.011806   526.8   61.4   59.9 0.000
202.497222 202.507639   649.4   75.7   73.9 0.000
203.002083 203.012500   658.5   76.7   74.9 0.000
203.494444 203.504861   677.1   78.9   77.0 0.000
203.998611 204.009028   738.9   86.1   84.0 0.000
204.497917 204.508333   720.9   84.0   82.0 0.000
205.002083 205.012500   731.8   85.3   83.2 0.000
205.506250 205.516667   686.1   79.9   78.0 0.000
205.995833 206.006250   706.8   82.3   80.4 0.000
207.495833 207.506250   848.4   98.8   96.5 0.000
208.000694 208.011111   742.6   86.5   84.5 0.000
208.497222 208.507639   751.4   87.5   85.5 0.000
208.997222 209.007639   656.0   76.4   74.6 0.000
209.497222 209.507639   718.3   83.7   81.7 0.000
209.997917 210.008333   780.8   91.0   88.8 0.000
210.500694 210.511111   617.0   71.9   70.2 0.000
211.002778 211.013194   633.9   73.9   72.1 0.000
211.506944 211.517361   508.1   59.2   57.8 0.000
212.009028 212.019444   562.4   65.5   64.0 0.000
212.511806 212.522222   616.1   71.8   70.1 0.000
213.013889 213.024306   692.6   19.8   14.1 0.000
213.490972 213.501389   809.5   23.1   16.5 0.000
213.993056 214.003472   771.5   22.0   15.7 0.000
214.495139 214.505556   745.2   21.3   15.2 0.000
214.996528 215.006944   642.9   18.4   13.2 0.000
215.493056 215.503472   582.3   16.7   11.9 0.000
215.993750 216.004167   565.8   16.2   11.6 0.000
216.997222 217.007639   518.2   14.9   10.7 0.000
217.495139 217.505556   733.5   21.0   15.0 0.000
217.996528 218.006944   677.3   19.4   13.8 0.000
218.497917 218.508333   757.4   21.6   15.4 0.000
218.998611 219.009028   730.0   20.9   14.9 0.000
219.500000 219.510417   711.7   20.3   14.5 0.000
220.001389 220.011806   748.3   21.4   15.3 0.000
220.496528 220.506944   729.1   20.8   14.9 0.000
220.997222 221.007639   736.9   21.1   15.0 0.000
221.494444 221.504861   697.5   19.9   14.2 0.000
221.994444 222.004861   767.4   21.9   15.6 0.000
222.493056 222.503472   793.3   22.7   16.2 0.000
222.993056 223.003472   834.9   23.8   17.0 0.000
223.493750 223.504167   799.2   22.8   16.3 0.000
223.993056 224.003472   801.9   22.9   16.3 0.000
224.986806 224.997222   442.4   12.8    9.2 0.000
225.486806 225.497222   400.0   11.5    8.3 0.000
225.986806 225.997222   477.2   13.7    9.8 0.000
226.486806 226.497222   524.9   15.1   10.8 0.000
226.986111 226.996528   665.5   19.0   13.6 0.000
227.486111 227.496528   694.7   19.9   14.2 0.000
227.986111 227.996528   688.8   19.7   14.1 0.000
228.493750 228.504167   620.6   17.8   12.7 0.000
228.993056 229.003472   674.6   19.3   13.8 0.000
229.493750 229.504167   837.9   23.9   17.1 0.000
229.993750 230.004167   782.1   22.3   15.9 0.000
230.493056 230.503472   873.4   24.9   17.8 0.000
230.993056 231.003472   728.3   20.8   14.9 0.000
231.493056 231.503472   693.7   19.8   14.2 0.000
231.993056 232.003472   689.7   19.7   14.1 0.000
232.492361 232.502778   748.8   21.4   15.3 0.000
232.992361 233.002778   753.9   21.5   15.4 0.000
233.492361 233.502778   747.4   21.3   15.2 0.000
233.991667 234.002083   765.3   21.9   15.6 0.000
234.493750 234.504167   727.0   20.8   14.8 0.559
234.993750 235.004167   717.8   20.5   14.7 0.559
235.504167 235.514583   695.5   19.9   14.2 0.559
235.996528 236.006944   733.7   21.0   15.0 0.559
236.223611 236.234028   684.3   19.6   14.0 0.559
236.272917 236.283333   684.7   19.6   14.0 0.559
236.321528 236.331944   690.9   19.8   14.1 0.559
236.371528 236.381944   755.4   21.6   15.4 0.559
236.457639 236.468056   659.6   18.9   13.5 0.559
236.540972 236.551389   648.8   18.6   13.3 0.559
236.625000 236.635417   647.8   18.5   13.2 0.559
236.707639 236.718056   644.0   18.4   13.2 0.559
236.757639 236.768056   656.2   18.8   13.4 0.559
236.806250 236.816667   665.1   19.0   13.6 0.559
236.855556 236.865972   671.0   19.2   13.7 0.559
236.945139 236.955556   686.6   19.6   14.0 0.559
237.029167 237.039583   697.7   19.9   14.2 0.559
237.111806 237.122222   682.6   19.5   13.9 0.559
237.195833 237.206250   676.3   19.3   13.8 0.559
237.540278 237.550694   727.8   20.8   14.9 0.559
237.993056 238.003472   740.0   21.1   15.1 0.559
238.493056 238.503472   715.8   20.5   14.6 0.559
238.993056 239.003472   735.7   21.0   15.0 0.559
239.493056 239.503472   745.1   21.3   15.2 0.559
239.993056 240.003472   772.3   22.1   15.7 0.559
240.492361 240.502778   720.7   20.6   14.7 0.559
240.992361 241.002778   783.8   22.4   16.0 0.559
241.494444 241.504861   757.6   21.6   15.5 0.559
241.993750 242.004167   673.0   19.2   13.8 0.559
242.494444 242.504861   721.7   20.6   14.7 0.559
242.993750 243.004167   785.7   22.4   16.0 0.559
243.494444 243.504861   791.0   22.6   16.1 0.000
243.994444 244.004861   764.3   21.8   15.6 0.000
244.495833 244.506250   773.3   22.1   15.8 0.000
244.995833 245.006250   818.1   23.4   16.7 0.000
245.495833 245.506250   784.1   22.4   16.0 0.000
245.995139 246.005556   798.1   22.8   16.3 0.000
246.495139 246.505556   862.8   24.6   17.6 0.000
246.995139 247.005556   807.6   23.1   16.5 0.000
247.495139 247.505556   751.8   21.5   15.3 0.000
247.995139 248.005556   647.8   18.5   13.2 0.000
248.494444 248.504861   680.8   19.5   13.9 0.000
248.994444 249.004861   804.1   23.0   16.4 0.000
249.493750 249.504167   760.0   21.7   15.5 0.000
249.993750 250.004167   765.2   21.9   15.6 0.000
250.494444 250.504861   792.9   22.6   16.2 0.000
250.993750 251.004167   792.2   22.6   16.1 0.000
251.495139 251.505556   768.4   21.9   15.7 0.000
251.994444 252.004861   780.8   22.3   15.9 0.000
252.495139 252.505556   748.7   21.4   15.3 0.000
255.494444 255.504861   832.4  226.0   12.8 0.000
255.993750 256.004167   880.8  239.1   13.5 0.000
256.494444 256.504861  1000.1  271.5   15.3 0.000
256.994444 257.004861  1071.5  290.8   16.4 0.000
257.494444 257.504861   972.4  263.9   14.9 0.000
257.994444 258.004861  1017.2  276.1   15.5 0.000
258.493750 258.504167  1044.9  283.6   16.0 0.000
258.993750 259.004167  1183.0  321.1   18.0 0.000
259.493750 259.504167  1043.6  283.3   15.9 0.000
259.993750 260.004167   881.9  239.4   13.5 0.000
260.493056 260.503472   893.1  242.4   13.7 0.000
260.993056 261.003472   988.7  268.3   15.1 0.000
261.493056 261.503472   979.1  265.7   15.0 0.000
262.493750 262.504167   878.4  238.4   13.5 0.000
262.993750 263.004167   958.2  260.1   14.7 0.000
263.493750 263.504167  1518.9  412.2   23.1 0.000
263.993056 264.003472  1629.5  442.2   24.8 0.000
264.494444 264.504861  1378.9  374.2   21.0 0.000
264.993750 265.004167  1311.7  356.0   20.0 0.000
265.225000 265.235417  1259.2  341.7   19.2 0.000
265.273611 265.284028  1339.6  363.6   20.4 0.000
265.322917 265.333333  1272.2  345.3   19.4 0.000
265.372917 265.383333  1180.7  320.4   18.0 0.000
265.456944 265.467361  1111.8  301.8   17.0 0.000
265.541667 265.552083  1078.2  292.6   16.5 0.000
265.626389 265.636806  1045.5  283.8   16.0 0.000
265.711111 265.721528  1017.2  276.1   15.5 0.000
265.759722 265.770139  1066.8  289.5   16.3 0.000
265.809028 265.819444  1071.9  290.9   16.4 0.000
265.858333 265.868750  1061.6  288.1   16.2 0.000
265.947917 265.958333  1128.8  306.3   17.2 0.000
266.032639 266.043056  1186.5  322.0   18.1 0.000
266.116667 266.127083  1189.8  322.9   18.1 0.000
266.201389 266.211806  1256.3  340.9   19.1 0.000
266.493750 266.504167  1166.5  316.6   17.8 0.000
266.993750 267.004167  1228.6  333.4   18.7 0.000
267.494444 267.504861  1201.8  326.2   18.3 0.000
267.994444 268.004861  1106.2  300.2   16.9 0.000
268.495139 268.505556   967.1  262.5   14.8 0.000
268.995833 269.006250   902.1  244.9   13.8 0.000
269.494444 269.504861   996.8  270.5   15.2 0.000
269.994444 270.004861  1060.3  287.8   16.2 0.000
270.493750 270.504167  1133.1  307.5   17.3 0.000
270.993750 271.004167  1142.9  310.2   17.4 0.000
271.494444 271.504861   988.5  268.3   15.1 0.000
271.994444 272.004861   984.9  267.3   15.1 0.000
