data/obs/c2h6/WDCGG/event/DE0043G.20150101115400.20160727000000.online_gc.ethane.air.1y.12h.DE09L_Varian_GC-3800-FID_HPB_C2-C8-hydrocarb.DE09L_Measurements_of_Hydrocarbons_GC-3800.lev2.nas
74 1001
Claude, Anja; Kubistin, Dagmar
DE09L, Deutscher Wetterdienst, DWD, Met. Obs., Hohenspeissenberg, , 82283, Hohenspeissenberg, Germany
Claude, Anja
ACTRIS EMEP GAW-WDCGG-node
1 1
2015 01 01 2016 07 27
0
days from file reference point
5
1 1 1 1 1
999.999999 99999.9 9999.9 9999.9 9.999
end_time of measurement, days from the file reference point
ethane, pmol/mol, Statistics=arithmetic mean
ethane, pmol/mol, Statistics=expanded uncertainty 2sigma
ethane, pmol/mol, Statistics=precision
numflag, no unit
0
55
Data definition:              EBAS_1.1
Set type code:                TI
Timezone:                     UTC
File name:                    DE0043G.20150101115400.20160727000000.online_gc.ethane.air.1y.12h.DE09L_Varian_GC-3800-FID_HPB_C2-C8-hydrocarb.DE09L_Measurements_of_Hydrocarbons_GC-3800.lev2.nas
File creation:                20190306184600
Startdate:                    20150101115400
Revision date:                20160727000000
Version:                      2
Version description:          revised data after data workshop 2016, manually inspected, 2017 header
Data level:                   2
Period code:                  1y
Resolution code:              12h
Sample duration:              15mn
Orig. time res.:              15mn
Station code:                 DE0043G
Platform code:                DE0043S
Station name:                 Hohenpeissenberg
Station WDCA-ID:              GAWADE__HPB
Station GAW-ID:               HPB
Station GAW-Name:             Hohenpeissenberg
Station land use:             Grassland
Station setting:              Mountain
Station GAW type:             G
Station WMO region:           6
Station latitude:             47.8014984131
Station longitude:            11.0096197128
Station altitude:             985.0m
Measurement altitude:         1000.0m
Measurement height:           15.0m
Regime:                       IMG
Component:                    ethane
Unit:                         pmol/mol
Matrix:                       air
Instrument type:              online_gc
Laboratory code:              DE09L
Instrument name:              Varian_GC-3800-FID_HPB_C2-C8-hydrocarb
Instrument manufacturer:      Varian
Instrument model:             GC-3800
Instrument serial number:     104633
Method ref:                   DE09L_Measurements_of_Hydrocarbons_GC-3800
Standard method:              SOP=ACTRIS_VOC_2014
Calibration scale:            NPL
Calibration standard ID:      Manufacturer NPL (quantum passivated cylinder form Air products); Batch D910379
Inlet type:                   Hat or hood
Inlet description:            Downward facing with hood
Detection limit expl.:        Determined by multiple peak integration of zero gas measurements, detection limit flag 147 is used for values under detection  limit defined as 3-sigma precision
Measurement uncertainty expl.: "Includes reproducibility (precision) + systematic errors (accuracy). Ref:http://www.atmos-meas-tech.net/8/2715/2015/"
Zero/negative values code:    Zero/negative possible
Zero/negative values:         Zero and neg. values may appear due to statistical variations at very low concentrations
Originator:                   Claude, Anja, anja.claude@dwd.de, Deutscher Wetterdienst, DWD, Hohenpeissenberg Meteorological Observatory, Albin-Schwaiger-Weg 10, , D-82383, Hohenpeissenberg, Germany
Originator:                   Kubistin, Dagmar, dagmar.kubistin@dwd.de, Deutscher Wetterdienst, DWD, Hohenpeissenberg Meteorological Observatory, Albin-Schwaiger-Weg 10, , D-82383, Hohenpeissenberg, Germany
Submitter:                    Claude, Anja, anja.claude@dwd.de, Deutscher Wetterdienst, DWD, Hohenpeissenberg Meteorological Observatory, Albin-Schwaiger-Weg 10, , D-82383, Hohenpeissenberg, Germany
Acknowledgement:              Request acknowledgement details from data originator
Comment:                      preconcentration on glass beeds (-197\B0C), o3 removed, cryo-dryer at -40\B0C, 2 week calibration interval, two target gases were used.
starttime endtime C2H6 C2H6 C2H6 flag
[from data line 321]
164.494444 164.504861  1148.1   32.9   23.5 0.000
164.994444 165.004861  1055.8   30.2   21.6 0.000
165.494444 165.504861  1028.9   29.5   21.1 0.000
165.994444 166.004861  1250.9   35.8   25.6 0.000
166.494444 166.504861  1070.3   30.6   21.9 0.000
166.994444 167.004861  1118.6   32.0   22.9 0.000
167.493750 167.504167  1179.6   33.8   24.1 0.000
167.994444 168.004861  1169.5   33.5   23.9 0.000
168.494444 168.504861  1100.7   31.5   22.5 0.000
168.994444 169.004861  1087.3   31.1   22.3 0.000
169.494444 169.504861  1200.3   34.3   24.6 0.000
169.994444 170.004861  1351.6   38.6   27.6 0.000
170.495139 170.505556  1296.0   37.1   26.5 0.000
170.995139 171.005556  1214.7   34.7   24.8 0.000
171.495833 171.506250  1126.8   32.2   23.1 0.000
171.995833 172.006250   863.0   24.8   17.8 0.000
172.493750 172.504167   881.4   25.3   18.1 0.000
172.994444 173.004861   973.4   27.9   20.0 0.000
173.493750 173.504167  1082.4   31.0   22.2 0.000
173.993750 174.004167  1176.7   33.7   24.1 0.000
174.494444 174.504861  1114.2   31.9   22.8 0.000
174.994444 175.004861  1125.8   32.2   23.0 0.000
175.493750 175.504167  1044.8   29.9   21.4 0.000
175.993750 176.004167  1133.8   32.5   23.2 0.000
176.494444 176.504861  1045.8   29.9   21.4 0.000
176.994444 177.004861   994.9   28.5   20.4 0.000
177.494444 177.504861  1125.1   32.2   23.0 0.000
177.995139 178.005556   975.5   28.0   20.0 0.000
178.495139 178.505556   960.0   27.5   19.7 0.000
178.995139 179.005556  1011.5   29.0   20.7 0.000
179.494444 179.504861   962.8   27.6   19.8 0.000
179.994444 180.004861   937.5   26.9   19.3 0.000
180.496528 180.506944   949.4   27.2   19.5 0.000
180.996528 181.006944   966.4   27.7   19.8 0.000
181.494444 181.504861   938.5   26.9   19.3 0.000
181.994444 182.004861   940.0   26.9   19.3 0.000
182.494444 182.504861   924.7   26.5   19.0 0.000
182.994444 183.004861   887.0   25.4   18.2 0.000
183.493750 183.504167   760.1   21.8   15.7 0.000
183.994444 184.004861   717.1   20.6   14.8 0.000
184.494444 184.504861   742.5   21.3   15.3 0.000
184.994444 185.004861   746.3   21.5   15.4 0.000
185.495139 185.505556   730.9   21.0   15.1 0.000
185.995139 186.005556   827.0   23.7   17.0 0.000
186.493750 186.504167  1117.3   32.0   22.9 0.000
186.993750 187.004167  1006.1   28.8   20.6 0.000
187.494444 187.504861   817.7   23.5   16.8 0.000
187.994444 188.004861   869.8   25.0   17.9 0.000
188.495139 188.505556   898.7   25.8   18.5 0.000
188.995139 189.005556   825.7   23.7   17.0 0.000
189.495139 189.505556   860.3   24.7   17.7 0.000
189.995139 190.005556   993.0   28.5   20.4 0.000
190.493056 190.503472   978.2   28.0   20.1 0.000
190.993056 191.003472   972.6   27.9   20.0 0.000
191.493750 191.504167   965.5   27.7   19.8 0.000
191.993750 192.004167   940.0   26.9   19.3 0.000
192.493750 192.504167   992.6   28.4   20.4 0.000
192.993750 193.004167   869.4   24.9   17.9 0.000
193.504861 193.515278   838.3   24.1   17.3 0.000
194.005556 194.015972   903.6   25.9   18.6 0.000
194.494444 194.504861   912.4   26.2   18.8 0.000
194.994444 195.004861   885.2   25.4   18.2 0.000
195.492361 195.502778   851.2   24.4   17.5 0.000
195.993056 196.003472   851.3   24.4   17.5 0.000
196.493750 196.504167   814.1   23.4   16.8 0.000
196.994444 197.004861   824.3   23.7   17.0 0.000
197.504861 197.515278   720.0   20.7   14.9 0.000
198.004861 198.015278   797.1   22.9   16.4 0.000
198.504861 198.515278   782.0   22.5   16.1 0.000
199.004861 199.015278   740.9   21.3   15.3 0.000
199.504861 199.515278   698.1   20.1   14.4 0.000
200.004861 200.015278   723.2   20.8   15.0 0.000
200.492361 200.502778   723.2   20.8   15.0 0.000
200.992361 201.002778   733.0   21.1   15.2 0.000
201.492361 201.502778   745.5   21.4   15.4 0.000
201.992361 202.002778   728.5   20.9   15.0 0.000
202.495833 202.506250   722.4   20.8   14.9 0.000
202.995833 203.006250   742.2   21.3   15.3 0.000
203.493750 203.504167  1300.6   37.2   26.6 0.000
203.993056 204.003472  1051.1   30.1   21.5 0.000
204.491667 204.502083   941.4   27.0   19.3 0.000
204.991667 205.002083   820.8   23.6   16.9 0.000
205.490972 205.501389   824.5   23.7   17.0 0.000
205.990972 206.001389  1036.9   29.7   21.3 0.000
206.490972 206.501389   969.2   27.8   19.9 0.000
206.990972 207.001389   986.8   28.3   20.2 0.000
207.493750 207.504167   868.2   24.9   17.9 0.000
207.993750 208.004167   875.6   25.1   18.0 0.000
208.492361 208.502778   846.8   24.3   17.4 0.000
208.993056 209.003472   860.4   24.7   17.7 0.000
209.492361 209.502778   811.6   23.3   16.7 0.000
209.992361 210.002778   890.3   25.5   18.3 0.000
210.494444 210.504861   853.7   24.5   17.6 0.000
210.994444 211.004861   913.7   26.2   18.8 0.000
211.495833 211.506250 99999.9 9999.9 9999.9 0.999
211.995833 212.006250   881.5   25.3   18.1 0.000
212.495833 212.506250   884.7   25.5   18.4 0.000
212.995833 213.006250   778.0   22.5   16.2 0.000
213.495139 213.505556   935.9   26.9   19.4 0.000
213.995139 214.005556   813.1   23.5   16.9 0.000
214.499306 214.509722   703.9   20.4   14.7 0.000
214.999306 215.009722   735.4   21.3   15.4 0.000
215.495139 215.505556   796.4   23.0   16.6 0.000
215.994444 216.004861   719.0   20.8   15.0 0.000
216.494444 216.504861   756.4   21.9   15.8 0.000
216.993750 217.004167   741.3   21.4   15.5 0.000
217.491667 217.502083   742.5   21.5   15.5 0.000
217.991667 218.002083   734.3   21.2   15.3 0.000
218.493750 218.504167   755.3   21.8   15.8 0.000
218.993750 219.004167   777.9   22.5   16.2 0.000
219.493750 219.504167   753.8   21.8   15.7 0.000
219.993750 220.004167   689.9   20.0   14.5 0.000
220.493750 220.504167   752.0   21.7   15.7 0.000
220.993056 221.003472   789.8   22.8   16.4 0.000
221.493056 221.503472   748.0   21.6   15.6 0.000
221.993056 222.003472   930.8   26.8   19.3 0.000
222.495139 222.505556  1033.1   29.7   21.3 0.000
222.995139 223.005556  1175.3   33.7   24.2 0.000
223.492361 223.502778  1174.5   33.7   24.2 0.000
223.991667 224.002083  1138.5   32.7   23.4 0.000
224.241667 224.252083  1152.1   33.1   23.7 0.000
224.325000 224.335417  1292.8   37.1   26.6 0.000
224.414583 224.425000  1182.1   33.9   24.3 0.000
224.500694 224.511111  1063.5   30.6   21.9 0.000
224.584722 224.595139  1028.9   29.6   21.2 0.000
224.668750 224.679167 99999.9 9999.9 9999.9 0.999
224.752778 224.763194  1102.6   31.7   22.7 0.000
224.836806 224.847222  1189.5   34.1   24.5 0.000
224.920833 224.931250  1121.9   32.2   23.1 0.000
225.004861 225.015278  1040.8   29.9   21.5 0.000
225.088889 225.099306  1035.7   29.8   21.4 0.000
225.492361 225.502778  1076.9   30.9   22.2 0.000
225.992361 226.002778   862.9   24.9   17.9 0.000
226.492361 226.502778   789.1   22.8   16.4 0.000
226.992361 227.002778   813.0   23.5   16.9 0.000
227.492361 227.502778  1010.3   29.0   20.9 0.000
227.991667 228.002083  1139.9   32.7   23.5 0.000
228.494444 228.504861  1008.0   29.0   20.8 0.000
228.995139 229.005556   992.0   28.5   20.5 0.000
229.497917 229.508333   950.8   27.4   19.7 0.000
229.997917 230.008333  1026.6   29.5   21.2 0.000
230.504167 230.514583  1124.9   32.3   23.2 0.000
231.004167 231.014583   932.7   26.8   19.3 0.000
231.493056 231.503472  1022.3   29.4   21.1 0.000
231.992361 232.002778   942.8   27.1   19.5 0.000
232.494444 232.504861   911.4   26.2   18.9 0.000
232.994444 233.004861   906.8   26.1   18.8 0.000
233.493750 233.504167  1112.8   31.9   22.9 0.000
233.993750 234.004167  1141.5   32.8   23.5 0.000
234.493750 234.504167   984.5   28.3   20.3 0.000
234.993750 235.004167   938.0   27.0   19.4 0.000
235.543056 235.553472 99999.9 9999.9 9999.9 0.999
235.994444 236.004861   765.7   22.1   16.0 0.000
236.495833 236.506250   759.1   21.9   15.8 0.000
236.995139 237.005556   788.9   22.8   16.4 0.000
237.491667 237.502083   810.9   23.4   16.9 0.000
237.991667 238.002083   829.8   23.9   17.3 0.000
238.504167 238.514583   792.3   22.9   16.5 0.000
238.990278 239.000694   826.6   23.9   17.2 0.000
239.493750 239.504167   858.6   24.8   17.8 0.000
239.993750 240.004167   902.3   26.0   18.7 0.000
240.493750 240.504167   682.1   19.8   14.3 0.000
240.993750 241.004167   705.7   20.4   14.8 0.000
241.493750 241.504167   742.9   21.5   15.5 0.000
241.993750 242.004167   779.3   22.5   16.2 0.000
242.493750 242.504167   835.6   24.1   17.4 0.000
242.993750 243.004167   870.5   25.1   18.1 0.000
243.493056 243.503472   982.6   29.0   21.4 0.000
243.992361 244.002778   862.0   25.5   18.7 0.000
244.494444 244.504861  1142.1   33.7   24.7 0.000
244.994444 245.004861   881.9   26.0   19.2 0.000
245.494444 245.504861  1073.6   31.7   23.3 0.000
245.993750 246.004167  1036.0   30.6   22.5 0.000
246.496528 246.506944   946.3   27.9   20.5 0.000
246.996528 247.006944  1048.0   30.9   22.7 0.000
247.495833 247.506250   934.9   27.6   20.3 0.000
247.995833 248.006250   976.3   28.8   21.2 0.000
248.495833 248.506250   989.5   29.2   21.5 0.000
248.995139 249.005556   975.2   28.8   21.2 0.000
249.492361 249.502778   942.9   27.8   20.5 0.000
249.992361 250.002778  1053.0   31.1   22.8 0.000
250.503472 250.513889  1028.9   30.4   22.3 0.000
251.003472 251.013889   995.1   29.4   21.6 0.000
251.496528 251.506944  1001.7   29.6   21.7 0.000
251.995833 252.006250  1082.0   31.9   23.5 0.000
252.495139 252.505556  1098.0   32.4   23.8 0.000
252.995139 253.005556  1094.3   32.3   23.7 0.000
253.493056 253.503472  1013.9   29.9   22.0 0.000
253.993056 254.003472   990.9   29.2   21.5 0.000
254.492361 254.502778  1008.9   29.8   21.9 0.000
254.992361 255.002778   956.5   28.2   20.8 0.000
255.492361 255.502778  1052.3   31.0   22.8 0.000
255.992361 256.002778   995.6   29.4   21.6 0.000
256.497222 256.507639  1009.6   29.8   21.9 0.000
256.997222 257.007639   914.3   27.0   19.8 0.000
257.495833 257.506250   920.5   27.2   20.0 0.000
257.995833 258.006250   999.6   29.5   21.7 0.000
258.493056 258.503472   880.8   26.0   19.1 0.000
258.993056 259.003472   765.1   22.6   16.7 0.000
259.493056 259.503472  1024.2   30.2   22.2 0.000
259.993056 260.003472   903.2   26.7   19.6 0.000
260.492361 260.502778   905.3   26.7   19.7 0.000
260.992361 261.002778   918.4   27.1   19.9 0.000
261.492361 261.502778   946.1   27.9   20.5 0.000
261.992361 262.002778  1141.7   33.7   24.7 0.000
262.491667 262.502083  1253.7   36.9   27.1 0.000
262.991667 263.002083  1374.4   40.5   29.7 0.000
263.493056 263.503472  1186.5   35.0   25.7 0.000
263.993056 264.003472  1204.5   35.5   26.1 0.000
264.493750 264.504167  1055.2   31.1   22.9 0.000
264.993056 265.003472  1123.7   33.1   24.3 0.000
265.493750 265.504167  1025.9   30.3   22.2 0.000
265.993750 266.004167  1166.0   34.4   25.3 0.000
266.495833 266.506250  1184.9   34.9   25.7 0.000
266.995139 267.005556  1198.4   35.3   25.9 0.000
267.493750 267.504167  1203.0   35.5   26.0 0.000
267.993056 268.003472  1289.8   38.0   27.9 0.000
268.493056 268.503472  1314.4   38.7   28.4 0.000
268.993056 269.003472  1309.8   38.6   28.3 0.000
269.493056 269.503472  1174.0   34.6   25.4 0.000
269.992361 270.002778  1264.5   37.3   27.4 0.000
270.493750 270.504167  1075.9   31.7   23.3 0.000
270.993750 271.004167  1185.1   34.9   25.7 0.000
271.493750 271.504167  1172.8   34.6   25.4 0.000
271.993750 272.004167  1226.0   36.1   26.5 0.000
274.493750 274.504167  1518.2   43.3   30.8 0.000
274.993750 275.004167  1145.5   32.7   23.3 0.000
275.493750 275.504167  1408.6   40.1   28.6 0.000
275.993056 276.003472  1240.8   35.4   25.2 0.000
276.493056 276.503472  1049.0   29.9   21.4 0.000
276.992361 277.002778  1060.6   30.3   21.6 0.000
277.490278 277.500694  1362.4   38.8   27.7 0.000
277.990972 278.001389   783.3   22.4   16.0 0.000
278.556944 278.567361   836.8   23.9   17.1 0.000
278.990972 279.001389   818.4   23.4   16.7 0.000
279.493750 279.504167  1082.3   30.9   22.0 0.000
279.993056 280.003472  1076.2   30.7   21.9 0.000
280.494444 280.504861  1200.6   34.2   24.4 0.000
280.993750 281.004167  1252.4   35.7   25.5 0.000
281.491667 281.502083  1174.8   33.5   23.9 0.000
281.990972 282.001389  1169.1   33.3   23.8 0.000
282.490972 282.501389  1711.7   48.8   34.7 0.000
282.990278 283.000694  2431.8   69.2   49.3 0.000
283.490278 283.500694  2836.1   80.7   57.4 0.000
283.990278 284.000694  2257.5   64.3   45.7 0.000
284.495833 284.506250  2292.9   65.3   46.5 0.000
284.995833 285.006250  2025.1   57.7   41.0 0.000
285.497917 285.508333  1813.9   51.7   36.8 0.000
286.493056 286.503472  1770.7   50.4   35.9 0.000
286.993056 287.003472  2058.6   58.6   41.7 0.000
287.490972 287.501389  2420.9   68.9   49.0 0.000
287.990972 288.001389  2332.5   66.4   47.3 0.000
288.493056 288.503472  2690.0   76.6   54.5 0.000
288.993056 289.003472  2224.4   63.3   45.1 0.000
289.493056 289.503472  2202.5   62.7   44.6 0.000
289.993056 290.003472  2334.9   66.5   47.3 0.000
290.493056 290.503472  2173.0   61.9   44.0 0.000
290.992361 291.002778  2296.0   65.4   46.5 0.000
291.495833 291.506250 99999.9 9999.9 9999.9 0.999
292.493056 292.503472  2308.8   65.7   46.8 0.000
292.993056 293.003472  2586.2   73.6   52.4 0.000
293.493750 293.504167  2405.1   68.5   48.7 0.000
293.993750 294.004167  2111.8   60.1   42.8 0.000
294.493750 294.504167  1947.6   55.5   39.5 0.000
294.993056 295.003472  1577.9   45.0   32.0 0.000
295.503472 295.513889  1581.0   45.0   32.1 0.000
296.003472 296.013889  1567.9   44.7   31.8 0.000
296.502778 296.513194  1116.9   31.9   22.7 0.000
297.002778 297.013194   983.7   28.1   20.0 0.000
297.502083 297.512500  1332.5   38.0   27.1 0.000
298.002083 298.012500  1444.0   41.1   29.3 0.000
298.493750 298.504167  1463.8   41.7   29.7 0.000
299.534722 299.545139  2042.5   58.2   41.4 0.000
299.992361 300.002778  1044.7   29.8   21.3 0.000
300.523611 300.534028  1060.4   30.3   21.6 0.000
300.995139 301.005556  1805.9   51.4   36.6 0.000
301.515278 301.525694  1452.0   41.4   29.5 0.000
301.993750 302.004167  2007.7   57.2   40.7 0.000
302.494444 302.504861  1905.5   54.3   38.6 0.000
302.993750 303.004167  2015.5   57.4   40.9 0.000
303.493750 303.504167  1857.8   52.9   37.7 0.000
303.993056 304.003472  1263.2   36.0   25.7 0.000
304.493056 304.503472  1234.8   35.2   25.1 0.000
304.992361 305.002778  1433.8   40.8   29.1 0.000
305.495833 305.506250  1485.4   42.3   30.1 0.000
305.995139 306.005556  1163.9   33.2   23.6 0.000
308.494444 308.504861  1388.9   39.6   28.2 0.000
308.994444 309.004861  1323.8   37.7   26.9 0.000
309.493056 309.503472  1277.1   36.4   25.9 0.000
309.993056 310.003472  1348.1   38.4   27.3 0.000
310.493056 310.503472  1190.6   33.9   24.2 0.000
310.992361 311.002778  1093.4   31.2   22.2 0.000
311.492361 311.502778  1154.9   32.9   23.4 0.000
311.992361 312.002778   971.5   27.7   19.8 0.000
312.493056 312.503472  1043.3   29.7   21.2 0.000
312.993056 313.003472  1237.5   35.3   25.1 0.000
313.493750 313.504167  1204.6   34.3   24.4 0.000
313.993056 314.003472  1303.9   37.1   26.5 0.000
314.511806 314.522222  1324.2   37.7   26.9 0.000
314.990972 315.001389  1293.0   36.8   26.2 0.000
315.492361 315.502778  1429.6   40.7   29.0 0.000
315.992361 316.002778   923.0   26.3   18.8 0.000
316.493750 316.504167   982.5   28.0   20.0 0.000
316.993750 317.004167  1204.5   34.3   24.4 0.000
317.493056 317.503472  1573.4   44.8   31.9 0.000
317.993056 318.003472  1833.3   52.2   37.1 0.000
318.493056 318.503472  1103.3   31.4   22.4 0.000
318.993056 319.003472  1243.1   35.4   25.2 0.000
319.494444 319.504861   729.5   20.8   14.9 0.000
319.993750 320.004167  1147.4   32.7   23.3 0.000
320.495139 320.505556  1069.4   30.5   21.7 0.000
320.994444 321.004861  1051.0   30.0   21.4 0.000
321.493750 321.504167  1493.8   42.5   30.3 0.000
321.993056 322.003472  1761.1   50.1   35.7 0.000
322.493750 322.504167  1234.4   35.2   25.1 0.000
322.993750 323.004167  1103.5   31.5   22.4 0.000
323.494444 323.504861  1168.6   33.3   23.7 0.000
323.994444 324.004861  1756.5   50.0   35.6 0.000
324.493750 324.504167  1777.5   50.6   36.0 0.000
