data/obs/c2h6/WDCGG/event/DE0043G.20101231235600.20170621000000.online_gc.ethane.air.1y.12h.DE09L_Varian_GC-3800-FID_HPB_C2-C8-hydrocarb.DE09L_Measurements_of_Hydrocarbons_GC-3800.lev2.nas
74 1001
Claude, Anja; Plass-Duelmer, Christian
DE09L, Deutscher Wetterdienst, DWD, Met. Obs., Hohenspeissenberg, , 82283, Hohenspeissenberg, Germany
Claude, Anja
ACTRIS EMEP GAW-WDCRG
1 1
2011 01 01 2017 06 21
0
days from file reference point
5
1 1 1 1 1
999.999999 99999.9 9999.9 9999.9 9.999
end_time of measurement, days from the file reference point
ethane, pmol/mol, Statistics=arithmetic mean
ethane, pmol/mol, Statistics=expanded uncertainty 2sigma
ethane, pmol/mol, Statistics=precision
numflag, no unit
0
55
Data definition:              EBAS_1.1
Set type code:                TI
Timezone:                     UTC
File name:                    DE0043G.20101231235600.20170621000000.online_gc.ethane.air.1y.12h.DE09L_Varian_GC-3800-FID_HPB_C2-C8-hydrocarb.DE09L_Measurements_of_Hydrocarbons_GC-3800.lev2.nas
File creation:                20190306184600
Startdate:                    20101231235600
Revision date:                20170621000000
Version:                      3
Version description:          2nd revision 2017, manually inspected, 2017 header
Data level:                   2
Period code:                  1y
Resolution code:              12h
Sample duration:              15mn
Orig. time res.:              15mn
Station code:                 DE0043G
Platform code:                DE0043S
Station name:                 Hohenpeissenberg
Station WDCA-ID:              GAWADE__HPB
Station GAW-ID:               HPB
Station GAW-Name:             Hohenpeissenberg
Station land use:             Grassland
Station setting:              Mountain
Station GAW type:             G
Station WMO region:           6
Station latitude:             47.8014984131
Station longitude:            11.0096197128
Station altitude:             985.0m
Measurement altitude:         1000.0m
Measurement height:           15.0m
Regime:                       IMG
Component:                    ethane
Unit:                         pmol/mol
Matrix:                       air
Instrument type:              online_gc
Laboratory code:              DE09L
Instrument name:              Varian_GC-3800-FID_HPB_C2-C8-hydrocarb
Instrument manufacturer:      Varian
Instrument model:             GC-3800
Instrument serial number:     104633
Method ref:                   DE09L_Measurements_of_Hydrocarbons_GC-3800
Standard method:              SOP=ACTRIS_VOC_2014
Calibration scale:            NPL
Calibration standard ID:      Manufacturer NPL (quantum passivated cylinder form Air products); Batch D641624
Inlet type:                   Hat or hood
Inlet description:            Downward facing with hood
Detection limit expl.:        Determined by multiple peak integration of zero gas measurements, detection limit flag 147 is used for values under detection  limit defined as 3-sigma precision
Measurement uncertainty expl.: "Includes reproducibility (precision) + systematic errors (accuracy). Ref:http://www.atmos-meas-tech.net/8/2715/2015/"
Zero/negative values code:    Zero/negative possible
Zero/negative values:         Zero and neg. values may appear due to statistical variations at very low concentrations
Originator:                   Claude, Anja, anja.claude@dwd.de, Deutscher Wetterdienst, DWD, Hohenpeissenberg Meteorological Observatory, Albin-Schwaiger-Weg 10, , D-82383, Hohenpeissenberg, Germany
Originator:                   Plass-Duelmer, Christian, , , , , , , , , 
Submitter:                    Claude, Anja, anja.claude@dwd.de, Deutscher Wetterdienst, DWD, Hohenpeissenberg Meteorological Observatory, Albin-Schwaiger-Weg 10, , D-82383, Hohenpeissenberg, Germany
Acknowledgement:              Request acknowledgement details from data originator
Comment:                      preconcentration on glass beeds (-197\B0C), o3 removed, cryo-dryer at -40\B0C, 2 week calibration interval,two target gases were used.
starttime endtime C2H6 C2H6 C2H6 flag
[from data line 641]
285.996528 286.006944   957.3   29.0   21.7 0.000
286.492361 286.502778   911.5   27.7   20.8 0.000
286.993056 287.003472  1159.8   34.4   25.5 0.000
287.495139 287.505556  1153.5   34.2   25.3 0.000
287.995833 288.006250  1129.2   33.5   24.8 0.000
288.496528 288.506944  1289.0   38.0   27.9 0.000
288.997917 289.008333  1287.8   37.9   27.8 0.000
289.497222 289.507639  1251.3   36.9   27.1 0.000
289.997917 290.008333  1312.5   38.6   28.3 0.000
290.497917 290.508333   899.4   27.4   20.6 0.000
290.998611 291.009028   704.6   22.3   17.2 0.000
291.497222 291.507639  1245.4   36.7   27.0 0.000
291.997917 292.008333  1102.5   32.8   24.3 0.000
292.497222 292.507639  1013.3   30.4   22.7 0.000
292.999306 293.009722  1096.8   32.7   24.2 0.000
293.496528 293.506944  1110.9   33.1   24.5 0.000
293.996528 294.006944  1164.3   34.5   25.5 0.000
294.495833 294.506250  1511.5   44.1   32.1 0.000
294.995833 295.006250  1248.5   36.8   27.1 0.000
295.264583 295.275000  1190.9   35.3   26.0 0.000
295.313889 295.324306  1155.3   34.3   25.3 0.000
295.363194 295.373611  1242.9   36.7   27.0 0.000
295.412500 295.422917  1471.2   43.0   31.4 0.000
295.495833 295.506250  1233.4   36.4   26.8 0.000
295.579167 295.589583  1167.7   34.6   25.6 0.000
295.663194 295.673611  1236.8   36.5   26.9 0.000
295.746528 295.756944  1453.8   42.5   31.0 0.000
295.795833 295.806250  1572.6   45.8   33.3 0.000
295.845139 295.855556  1262.7   37.2   27.4 0.000
295.893750 295.904167  1259.1   37.1   27.3 0.000
295.977778 295.988194  1283.7   37.8   27.8 0.000
296.061111 296.071528  1249.8   36.9   27.1 0.000
296.144444 296.154861  1236.2   36.5   26.9 0.000
296.229167 296.239583  1165.9   34.6   25.6 0.000
296.493056 296.503472  1285.6   37.9   27.8 0.000
296.993056 297.003472  1114.2   33.2   24.6 0.000
297.493750 297.504167  1138.5   33.9   25.1 0.000
297.993750 298.004167  1555.7   45.4   33.0 0.000
298.494444 298.504861  1196.2   35.4   26.1 0.000
298.995139 299.005556  1323.3   38.9   28.5 0.000
299.497917 299.508333  1218.9   36.0   26.5 0.000
299.998611 300.009028  1116.8   33.2   24.6 0.000
300.495139 300.505556  1081.0   32.2   23.9 0.000
300.995139 301.005556  1074.1   32.1   23.8 0.000
301.495139 301.505556  1047.8   31.4   23.3 0.000
301.995139 302.005556  1020.9   30.7   22.9 0.000
302.495139 302.505556  1237.7   36.5   26.9 0.000
302.995833 303.006250  1601.2   46.6   33.8 0.000
303.495833 303.506250  2040.9   58.9   42.5 0.000
303.995833 304.006250  1141.0   81.9   78.7 0.000
304.495833 304.506250  1264.3   84.1   80.2 0.000
304.996528 305.006944  1391.1   84.7   80.0 0.000
305.496528 305.506944  1855.4   92.6   84.8 0.000
305.997222 306.007639   921.7   81.0   78.8 0.000
306.514583 306.525000  1108.0   81.9   78.8 0.000
307.015278 307.025694  1144.8   83.4   80.2 0.000
307.495139 307.505556  1173.8   82.7   79.3 0.000
307.995833 308.006250  1064.9   81.4   78.5 0.000
308.496528 308.506944  1130.3   83.1   79.9 0.000
308.997222 309.007639  1084.0   82.2   79.3 0.000
309.497917 309.508333  1420.7   85.6   80.8 0.000
309.999306 310.009722  1412.4   85.1   80.3 0.000
310.493056 310.503472  2453.0  102.8   90.3 0.000
310.994444 311.004861  1502.5   86.5   81.1 0.000
311.497917 311.508333  1392.9   85.7   81.1 0.000
311.998611 312.009028  1296.2   83.3   79.1 0.000
312.518056 312.528472  1480.6   86.7   81.5 0.000
313.020139 313.030556  1381.8   89.2   84.8 0.000
313.587500 313.597917  2645.3  105.4   91.1 0.000
314.046528 314.056944  2365.5  100.3   88.4 0.000
314.496528 314.506944  2486.2  102.5   89.6 0.000
314.995833 315.006250  1397.1   83.6   78.8 0.000
315.495833 315.506250  1363.1   83.1   78.5 0.000
315.995833 316.006250  1338.1   83.0   78.5 0.000
316.495833 316.506250  1543.2   85.9   80.1 0.000
316.995833 317.006250  1220.3   81.5   77.8 0.000
317.496528 317.506944  1183.2   81.4   77.9 0.000
318.955556 318.965972  1606.3   86.9   80.7 0.000
319.554167 319.564583  2161.1   96.0   85.8 0.000
319.991667 320.002083  1115.4   81.0   77.9 0.000
320.495139 320.505556  1291.5   82.4   78.3 0.000
320.933333 320.943750  1387.8   84.3   79.6 0.000
321.493750 321.504167  1269.3   82.0   78.0 0.000
321.994444 322.004861  1291.4   83.1   79.0 0.000
322.494444 322.504861  1443.3   84.3   79.2 0.000
322.995139 323.005556  1147.2   80.3   77.0 0.000
323.495833 323.506250  1494.8   85.0   79.6 0.000
323.996528 324.006944  1304.8   82.6   78.4 0.000
324.490972 324.501389  1513.2   85.8   80.3 0.000
324.991667 325.002083  1407.9   84.9   80.1 0.000
325.503472 325.513889  1501.8   86.1   80.6 0.000
326.004861 326.015278  1440.4   85.5   80.5 0.000
326.486111 326.496528  1784.1   89.6   82.2 0.000
326.987500 326.997917  3438.3  122.9  101.8 0.000
327.497917 327.508333  2715.6  107.2   92.4 0.000
327.998611 328.009028  1404.1   64.4   57.9 0.000
328.491667 328.502083  1325.7   83.3   78.9 0.000
328.991667 329.002083  1382.0   83.9   79.2 0.000
329.490972 329.501389  1648.3   86.9   80.4 0.000
329.990278 330.000694  1479.9   84.8   79.4 0.000
330.490972 330.501389  1374.0   83.6   79.0 0.000
330.990278 331.000694  1547.2   85.8   80.1 0.000
331.268750 331.279167  1602.1   86.9   80.7 0.000
331.318056 331.328472  1613.1   86.8   80.6 0.000
331.367361 331.377778  1669.5   87.6   81.0 0.000
331.416667 331.427083  1639.1   87.3   81.0 0.000
331.500000 331.510417  1607.5   86.9   80.7 0.000
331.583333 331.593750  1656.3   87.8   81.4 0.000
331.667361 331.677778  1662.0   88.7   82.3 0.000
331.750694 331.761111  1695.9   87.8   81.0 0.000
331.800000 331.810417  1623.7   87.0   80.7 0.000
331.849306 331.859722  1574.7   86.9   81.0 0.000
331.898611 331.909028  1865.9   91.0   83.0 0.000
331.982639 331.993056  1636.9   87.1   80.8 0.000
332.066667 332.077083  1412.4   84.3   79.4 0.000
332.150694 332.161111  1311.6   82.5   78.2 0.000
332.235417 332.245833  1210.9   81.2   77.5 0.000
332.495833 332.506250  1184.2   81.0   77.4 0.000
332.996528 333.006944  1386.8   84.6   79.9 0.000
333.496528 333.506944  1560.9   86.9   81.1 0.000
333.996528 334.006944  2061.7   67.3   53.2 0.000
334.557639 334.568056  1450.5   53.1   44.5 0.000
334.995833 335.006250  1275.3   48.9   41.7 0.000
335.495833 335.506250  1442.7   52.9   44.4 0.000
335.997222 336.007639  1459.9   52.8   44.0 0.000
336.497917 336.508333  1679.4   57.8   47.0 0.000
336.999306 337.009722  1535.6   55.0   45.7 0.000
337.500694 337.511111  1560.9   55.1   45.4 0.000
338.002083 338.012500  1171.6   47.3   41.1 0.000
338.494444 338.504861  1698.6   58.4   47.5 0.000
338.994444 339.004861  1614.9   56.5   46.4 0.000
339.493056 339.503472  1610.5   56.4   46.3 0.000
339.993056 340.003472  1745.1   59.7   48.4 0.000
340.492361 340.502778  2070.0   67.8   53.6 0.000
340.992361 341.002778  1802.3   60.8   49.0 0.000
341.497222 341.507639  1729.9   59.5   48.4 0.000
341.997917 342.008333  2305.8   73.6   57.3 0.000
342.495833 342.506250  1277.2   49.0   41.8 0.000
342.995833 343.006250  1311.6   49.8   42.3 0.000
343.495833 343.506250  1626.8   56.8   46.5 0.000
343.996528 344.006944  1644.9   57.5   47.2 0.000
344.496528 344.506944  1469.2   53.2   44.3 0.000
344.997222 345.007639  1054.0   44.5   39.2 0.000
345.493750 345.504167  1316.3   49.8   42.3 0.000
345.997222 346.007639  1538.9   54.6   45.1 0.000
346.507639 346.518056  1371.1   50.8   42.8 0.000
347.006250 347.016667  1288.1   49.2   42.0 0.000
347.496528 347.506944  1257.5   48.4   41.3 0.000
348.496528 348.506944  1526.1   54.4   45.1 0.000
348.996528 349.006944  1649.8   57.1   46.6 0.000
349.509028 349.519444  1060.1   45.1   39.8 0.000
350.009028 350.019444  1701.8   58.9   48.1 0.000
350.509028 350.519444  1848.1   61.8   49.5 0.000
351.009028 351.019444  1930.8   64.1   51.2 0.000
351.509722 351.520139  1925.0   63.8   50.9 0.000
352.009722 352.020139  2073.5   67.4   53.1 0.000
352.995139 353.005556  1870.7   62.5   50.1 0.000
353.494444 353.504861  1663.6   57.7   47.1 0.000
353.995139 354.005556  2553.9   79.7   61.2 0.000
354.489583 354.500000  2057.6   67.2   53.2 0.000
354.989583 355.000000  2009.4   66.1   52.4 0.000
355.475694 355.486111  2627.8   81.7   62.6 0.000
355.976389 355.986806  1503.4   53.7   44.5 0.000
356.496528 356.506944   975.5   43.4   38.7 0.000
356.997222 357.007639  1038.6   44.3   39.1 0.000
357.497222 357.507639  2193.4   70.5   55.2 0.000
357.997917 358.008333  2204.0   70.9   55.5 0.000
358.498611 358.509028  2124.1   69.0   54.3 0.000
358.999306 359.009722  1798.9   61.1   49.4 0.000
359.500694 359.511111  1751.9   60.0   48.7 0.000
360.002083 360.012500  1702.3   58.5   47.6 0.000
360.269444 360.279861  1856.5   62.5   50.2 0.000
360.318750 360.329167  1843.2   62.1   50.0 0.000
360.368056 360.378472  1983.7   65.3   51.9 0.000
360.417361 360.427778  1398.4   52.1   43.9 0.000
360.500000 360.510417  2071.2   67.2   53.0 0.000
360.583333 360.593750  2302.1   73.5   57.2 0.000
360.666667 360.677083  1722.6   59.3   48.3 0.000
360.750000 360.760417  1675.0   58.0   47.3 0.000
360.799306 360.809722  1680.9   58.3   47.6 0.000
360.848611 360.859028  1575.2   55.8   46.1 0.000
360.897917 360.908333  1691.0   58.6   47.9 0.000
360.981250 360.991667  2125.5   68.9   54.3 0.000
361.064583 361.075000  1870.1   62.6   50.3 0.000
361.147917 361.158333  1902.6   63.0   50.2 0.000
361.231250 361.241667  1701.8   58.7   47.8 0.000
361.496528 361.506944  1574.3   55.3   45.5 0.000
361.996528 362.006944  2028.9   66.6   52.8 0.000
362.497222 362.507639  2064.7   67.1   52.9 0.000
362.997222 363.007639  1778.6   60.3   48.7 0.000
363.497917 363.508333  1889.2   63.1   50.6 0.000
363.998611 364.009028  1967.7   65.0   51.7 0.000
364.499306 364.509722  1767.5   60.4   48.9 0.000
