data/obs/c2h6/WDCGG/event/DE0007R.20160104113000.20170601150737.steel_canister.ethane.air.1y.84h.DE03L_UBA_Ng_AuC_0001.DE28L_UBA_Sm_GCF_0001.lev2.nas
60 1001
Wallasch, Markus
DE03L, Umweltbundesamt, UBA-LA, Langen, Paul-Ehrlich-Str. 29, , 63225, Langen, Germany
Penzlin, Anke
ACTRIS EMEP GAW-WDCRG
1 1
2016 01 01 2017 06 01
0
days from file reference point
3
1 1 1
999.9 99999 9.999
end_time of measurement, days from the file reference point
ethane, pmol/mol
numflag ethane, no unit
0
43
Data definition:              EBAS_1.1
Set type code:                TI
Timezone:                     UTC
File name:                    DE0007R.20160104113000.20170601150737.steel_canister.ethane.air.1y.84h.DE03L_UBA_Ng_AuC_0001.DE28L_UBA_Sm_GCF_0001.lev2.nas
File creation:                20190306184558
Startdate:                    20160104113000
Revision date:                20170601150737
Version:                      2
Version description:          second revision, automatically generated after implementation of ACTRIS suggestions
Statistics:                   arithmetic mean
Data level:                   2
Period code:                  1y
Resolution code:              84h
Sample duration:              30mn
Orig. time res.:              30mn
Station code:                 DE0007R
Platform code:                DE0007S
Station name:                 Neuglobsow
Station latitude:             53.166667
Station longitude:            13.033333
Station altitude:             62.0m
Measurement height:           6.2m
Regime:                       IMG
Component:                    ethane
Unit:                         pmol/mol
Matrix:                       air
Instrument type:              steel_canister
Laboratory code:              DE03L
Instrument name:              UBA_Ng_AuC_0001
Instrument manufacturer:      Riemer
Instrument model:             AUTOCAN 2_4
Method ref:                   DE28L_UBA_Sm_GCF_0001
Standard method:              None
Inlet type:                   Hat or hood
Detection limit:              5.0 pmol/mol
Detection limit expl.:        Estimated, values below detection limit are flagged with 780.
Measurement uncertainty expl.: Not determined
Zero/negative values code:    Zero/negative impossible
Zero/negative values:         Values below 1 ppt are not reported by the instrument.
Originator:                   Wallasch, Markus, , , , , , , , , 
Submitter:                    Penzlin, Anke, anke.penzlin@uba.de, Umweltbundesamt Langen, UBA, Air Monitoring Network, Paul-Ehrlich-Str. 29, , 63225, Langen, Germany
Acknowledgement:              Request acknowledgement details from data originator
starttime endtime C2H6 flag_C2H6
  3.479167   3.5  3989 0.000
  6.479167   6.5  5552 0.000
 10.479167  10.5  2478 0.000
 13.479167  13.5  2482 0.000
 17.479167  17.5  2646 0.000
 20.479167  20.5  2240 0.000
 24.479167  24.5  2361 0.000
 27.479167  27.5  2207 0.000
 31.479167  31.5  2472 0.000
 34.479167  34.5  3173 0.000
 38.479167  38.5  2399 0.000
 41.479167  41.5  2393 0.000
 45.479167  45.5  2473 0.000
 48.479167  48.5  2984 0.000
 52.479167  52.5  2033 0.000
 55.479167  55.5  2332 0.000
 59.479167  59.5  2492 0.000
 62.479167  62.5  1539 0.000
 66.479167  66.5  2550 0.000
 69.479167  69.5 99999 0.999
 73.479167  73.5  2333 0.000
 76.479167  76.5  2178 0.000
 80.479167  80.5 99999 0.999
 83.479167  83.5  1980 0.000
 87.479167  87.5  1823 0.000
 90.479167  90.5  2050 0.000
 94.479167  94.5  2617 0.000
 97.479167  97.5  2001 0.000
101.479167 101.5 99999 0.999
104.479167 104.5  1994 0.000
108.479167 108.5  1929 0.000
111.479167 111.5  1908 0.000
115.479167 115.5  1890 0.000
118.479167 118.5  1815 0.000
122.479167 122.5 99999 0.999
125.479167 125.5  1465 0.000
129.479167 129.5  2088 0.000
132.479167 132.5  1689 0.000
136.479167 136.5  1415 0.000
139.479167 139.5  1333 0.000
143.479167 143.5  1263 0.000
146.479167 146.5  1125 0.000
150.479167 150.5  1507 0.000
153.479167 153.5  1080 0.000
157.479167 157.5  1056 0.000
160.479167 160.5   944 0.000
164.479167 164.5  1050 0.000
167.479167 167.5   861 0.000
171.479167 171.5 99999 0.999
174.479167 174.5   846 0.000
178.479167 178.5   996 0.000
181.479167 181.5   709 0.000
185.479167 185.5   811 0.000
188.479167 188.5   738 0.000
192.479167 192.5   583 0.000
195.479167 195.5   845 0.000
199.479167 199.5   698 0.000
202.479167 202.5   649 0.000
206.479167 206.5   981 0.000
209.479167 209.5   755 0.000
213.479167 213.5   694 0.000
216.479167 216.5 99999 0.999
220.479167 220.5   570 0.000
223.479167 223.5   681 0.000
227.479167 227.5   553 0.000
230.479167 230.5   757 0.000
234.479167 234.5   731 0.000
237.479167 237.5   624 0.000
241.479167 241.5   734 0.000
244.479167 244.5   782 0.000
248.479167 248.5   646 0.000
251.479167 251.5  1051 0.000
255.479167 255.5   910 0.000
258.479167 258.5   733 0.000
262.479167 262.5  1163 0.000
265.479167 265.5  1089 0.000
269.479167 269.5   864 0.000
272.479167 272.5   752 0.000
276.479167 276.5   739 0.000
279.479167 279.5  1407 0.000
283.479167 283.5  1226 0.000
286.479167 286.5  2162 0.000
290.479167 290.5  2268 0.000
293.479167 293.5  1222 0.000
297.479167 297.5  2442 0.000
300.479167 300.5  2672 0.000
304.479167 304.5 99999 0.999
307.479167 307.5  1656 0.000
311.479167 311.5  1810 0.000
314.479167 314.5  2541 0.000
318.479167 318.5  2173 0.000
321.479167 321.5  1355 0.000
325.479167 325.5  1561 0.000
328.479167 328.5 99999 0.999
332.479167 332.5  1491 0.000
335.479167 335.5  3016 0.000
339.479167 339.5  2146 0.000
342.479167 342.5  2032 0.000
346.479167 346.5  1853 0.000
349.479167 349.5  1968 0.000
353.479167 353.5  2533 0.000
356.479167 356.5  3628 0.000
360.479167 360.5  1830 0.000
363.479167 363.5  1982 0.000
