data/obs/c2h6/WDCGG/event/DE0043G.20170101115100.20180207000000.online_gc.ethane.air.1y.12h.DE09L_Varian_GC-3800-FID_HPB_C2-C8-hydrocarb.DE09L_Measurements_of_Hydrocarbons_GC-3800.lev2.nas
74 1001
Claude, Anja; Kubistin, Dagmar
DE09L, Deutscher Wetterdienst, DWD, Met. Obs., Hohenspeissenberg, , 82283, Hohenspeissenberg, Germany
Claude, Anja
ACTRIS EMEP GAW-WDCRG
1 1
2017 01 01 2018 02 07
0
days from file reference point
5
1 1 1 1 1
999.999999 99999.9 9999.9 9999.9 9.999
end_time of measurement, days from the file reference point
ethane, pmol/mol, Statistics=arithmetic mean
ethane, pmol/mol, Statistics=expanded uncertainty 2sigma
ethane, pmol/mol, Statistics=precision
numflag, no unit
0
55
Data definition:              EBAS_1.1
Set type code:                TI
Timezone:                     UTC
File name:                    DE0043G.20170101115100.20180207000000.online_gc.ethane.air.1y.12h.DE09L_Varian_GC-3800-FID_HPB_C2-C8-hydrocarb.DE09L_Measurements_of_Hydrocarbons_GC-3800.lev2.nas
File creation:                20190306184600
Startdate:                    20170101115100
Revision date:                20180207000000
Version:                      1
Version description:          initial revision, manually inspected
Data level:                   2
Period code:                  1y
Resolution code:              12h
Sample duration:              15mn
Orig. time res.:              15mn
Station code:                 DE0043G
Platform code:                DE0043S
Station name:                 Hohenpeissenberg
Station WDCA-ID:              GAWADE__HPB
Station GAW-ID:               HPB
Station GAW-Name:             Hohenpeissenberg
Station land use:             Grassland
Station setting:              Mountain
Station GAW type:             G
Station WMO region:           6
Station latitude:             47.8014984131
Station longitude:            11.0096197128
Station altitude:             985.0m
Measurement altitude:         1000.0m
Measurement height:           15.0m
Regime:                       IMG
Component:                    ethane
Unit:                         pmol/mol
Matrix:                       air
Instrument type:              online_gc
Laboratory code:              DE09L
Instrument name:              Varian_GC-3800-FID_HPB_C2-C8-hydrocarb
Instrument manufacturer:      Varian
Instrument model:             GC-3800
Instrument serial number:     104633
Method ref:                   DE09L_Measurements_of_Hydrocarbons_GC-3800
Standard method:              SOP=ACTRIS_VOC_2014
Calibration scale:            NPL
Calibration standard ID:      Manufacturer NPL (quantum passivated cylinder form Air products); Batch D910379
Inlet type:                   Hat or hood
Inlet description:            Downward facing with hood
Detection limit expl.:        Determined by multiple peak integration of zero gas measurements, detection limit flag 147 is used for values under detection  limit defined as 3-sigma precision
Measurement uncertainty expl.: "Includes reproducibility (precision) + systematic errors (accuracy). Ref:http://www.atmos-meas-tech.net/8/2715/2015/"
Zero/negative values code:    Zero/negative possible
Zero/negative values:         Zero and neg. values may appear due to statistical variations at very low concentrations
Originator:                   Claude, Anja, anja.claude@dwd.de, Deutscher Wetterdienst, DWD, Hohenpeissenberg Meteorological Observatory, Albin-Schwaiger-Weg 10, , D-82383, Hohenpeissenberg, Germany
Originator:                   Kubistin, Dagmar, dagmar.kubistin@dwd.de, Deutscher Wetterdienst, DWD, Hohenpeissenberg Meteorological Observatory, Albin-Schwaiger-Weg 10, , D-82383, Hohenpeissenberg, Germany
Submitter:                    Claude, Anja, anja.claude@dwd.de, Deutscher Wetterdienst, DWD, Hohenpeissenberg Meteorological Observatory, Albin-Schwaiger-Weg 10, , D-82383, Hohenpeissenberg, Germany
Acknowledgement:              Request acknowledgement details from data originator
Comment:                      "preconcentration on glass beeds (-197\B0C), o3 removed, cryo-dryer at -40\B0C, 2 week calibration interval, two targets used (second target: Aluminium cylinder (Luxfer) filled with compressed ambient air (RIX compressor); Batch Referenzluft_15RIX )"
starttime endtime C2H6 C2H6 C2H6 flag
[from data line 641]
273.656250 273.666667  1112.9   31.7   22.6 0.000
273.705556 273.715972  1130.4   32.2   22.9 0.000
273.755556 273.765972  1165.0   33.2   23.6 0.000
273.804167 273.814583  1233.8   35.1   25.0 0.000
273.877083 273.887500  1212.4   34.5   24.6 0.000
273.989583 274.000000  1101.3   31.4   22.4 0.000
274.494444 274.504861  1207.3   34.4   24.5 0.559
274.994444 275.004861   808.5   23.1   16.5 0.000
275.493750 275.504167   982.3   28.0   20.0 0.000
275.993750 276.004167  1076.9   30.7   21.9 0.000
276.527083 276.537500  1025.7   29.2   20.8 0.000
277.026389 277.036806  1029.3   29.3   20.9 0.000
277.497222 277.507639   941.8   26.9   19.1 0.000
277.996528 278.006944  1083.9   30.9   22.0 0.000
278.494444 278.504861  1104.8   31.5   22.4 0.000
278.994444 279.004861  1215.5   34.6   24.7 0.000
279.493750 279.504167  1206.0   34.4   24.5 0.000
279.993750 280.004167  1229.9   35.0   24.9 0.000
280.493750 280.504167  1121.0   31.9   22.7 0.000
280.993056 281.003472  1141.4   32.5   23.2 0.000
284.495139 284.505556   885.4   37.6   32.7 0.000
284.995139 285.005556   978.1   41.5   36.1 0.000
285.495139 285.505556   948.5   40.3   35.0 0.000
285.994444 286.004861   993.8   42.2   36.7 0.000
286.494444 286.504861  1179.8   50.1   43.6 0.000
286.993750 287.004167  1107.9   47.0   40.9 0.000
287.493750 287.504167  1061.5   45.1   39.2 0.000
287.993750 288.004167   978.0   41.5   36.1 0.000
288.494444 288.504861   906.3   38.5   33.5 0.559
288.994444 289.004861   826.8   35.1   30.6 0.000
289.495139 289.505556   911.0   38.7   33.7 0.000
289.994444 290.004861   919.9   39.1   34.0 0.000
290.495139 290.505556   947.7   40.2   35.0 0.000
290.994444 291.004861   969.8   41.2   35.8 0.000
291.495833 291.506250   976.9   41.5   36.1 0.000
291.995833 292.006250   952.5   40.5   35.2 0.000
292.495139 292.505556  1052.8   44.7   38.9 0.000
292.995139 293.005556  1220.0   51.8   45.1 0.000
293.494444 293.504861  1264.4   53.7   46.7 0.000
293.994444 294.004861  1176.5   49.9   43.4 0.000
294.494444 294.504861  1167.8   49.6   43.1 0.000
294.993750 295.004167  1158.5   49.2   42.8 0.000
295.535417 295.545833  1286.8   54.6   47.5 0.000
295.995833 296.006250  1233.0   52.3   45.5 0.000
296.495833 296.506250  1152.1   48.9   42.5 0.000
296.995833 297.006250  1044.8   44.4   38.6 0.000
297.496528 297.506944   930.3   39.5   34.4 0.000
297.996528 298.006944   899.1   38.2   33.2 0.000
298.494444 298.504861   829.4   35.2   30.7 0.000
298.995139 299.005556   818.0   34.8   30.2 0.000
299.495833 299.506250  1548.5   65.7   57.2 0.000
299.995833 300.006250  1479.9   62.8   54.6 0.000
300.495833 300.506250  1360.0   57.7   50.2 0.000
300.995833 301.006250  1347.8   57.2   49.8 0.000
301.496528 301.506944  1197.6   50.8   44.2 0.000
301.997917 302.008333  1566.1   66.5   57.8 0.000
302.497917 302.508333  1389.6   59.0   51.3 0.000
302.998611 303.009028  1496.2   63.5   55.2 0.000
303.498611 303.509028  1375.5   58.4   50.8 0.000
303.999306 304.009722  1406.9   59.7   51.9 0.000
305.536806 305.547222  1285.5   36.6   26.1 0.000
306.036806 306.047222  1494.2   42.5   30.3 0.000
306.536806 306.547222  1317.2   37.5   26.7 0.000
306.995139 307.005556   959.4   27.4   19.5 0.000
307.495139 307.505556  1017.9   29.0   20.7 0.000
307.994444 308.004861  1038.5   29.6   21.1 0.000
308.494444 308.504861  1139.3   32.5   23.1 0.000
308.994444 309.004861  1503.5   42.8   30.5 0.000
309.495833 309.506250  1676.0   47.7   34.0 0.000
309.995833 310.006250  1722.5   49.0   34.9 0.000
310.495833 310.506250  1701.5   48.4   34.5 0.000
310.995833 311.006250  1794.1   51.1   36.3 0.000
311.495833 311.506250  1889.2   53.8   38.3 0.000
311.996528 312.006944  1887.0   53.7   38.2 0.000
312.496528 312.506944  2132.6   60.7   43.2 0.000
312.996528 313.006944  1813.8   51.6   36.7 0.000
313.495833 313.506250  1883.7   53.6   38.1 0.000
313.996528 314.006944  1496.3   42.6   30.3 0.000
314.497222 314.507639  1356.0   38.6   27.5 0.000
314.997917 315.008333  1390.4   39.6   28.2 0.000
315.498611 315.509028  1282.5   36.5   26.0 0.000
315.999306 316.009722  1630.1   46.4   33.0 0.000
316.495139 316.505556  1729.0   49.2   35.0 0.000
317.494444 317.504861  1849.8   52.6   37.5 0.000
317.994444 318.004861  2137.6   60.8   43.3 0.559
318.567361 318.577778  1819.9   51.8   36.9 0.000
318.994444 319.004861  1919.7   54.6   38.9 0.000
319.495139 319.505556  1793.8   51.1   36.3 0.000
319.995139 320.005556  1861.7   53.0   37.7 0.000
320.494444 320.504861  2023.2   57.6   41.0 0.559
320.994444 321.004861  1693.8   48.2   34.3 0.000
321.494444 321.504861  1815.3   51.7   36.8 0.000
321.994444 322.004861  1640.3   46.7   33.2 0.000
322.494444 322.504861  1801.9   51.3   36.5 0.000
322.994444 323.004861  1831.8   52.1   37.1 0.000
323.077778 323.088194  1772.9   50.5   35.9 0.000
323.161111 323.171528  1808.3   51.5   36.6 0.000
323.211111 323.221528  1807.7   51.5   36.6 0.000
323.259722 323.270139  1762.3   50.2   35.7 0.000
323.309722 323.320139  1780.1   50.7   36.1 0.000
323.359028 323.369444  1779.1   50.6   36.0 0.000
323.407639 323.418056  1692.9   48.2   34.3 0.000
323.484028 323.494444  1733.2   49.3   35.1 0.000
323.568056 323.578472  1652.3   47.0   33.5 0.000
323.651389 323.661806  1666.3   47.4   33.8 0.000
323.701389 323.711806  1538.3   43.8   31.2 0.000
323.750000 323.760417  1495.2   42.6   30.3 0.000
323.800000 323.810417  1612.8   45.9   32.7 0.000
323.872917 323.883333  1595.8   45.4   32.3 0.000
323.985417 323.995833  1420.9   40.5   28.8 0.000
324.493750 324.504167  1107.7   31.6   22.5 0.000
324.993750 325.004167   813.1   23.2   16.6 0.000
325.495139 325.505556   885.5   25.3   18.0 0.000
325.995833 326.006250   833.0   23.8   17.0 0.000
326.494444 326.504861   879.6   25.1   17.9 0.000
326.994444 327.004861  1044.6   29.8   21.2 0.000
327.494444 327.504861  1089.6   31.1   22.1 0.559
327.993750 328.004167  1312.4   37.4   26.6 0.000
328.493750 328.504167  1469.2   41.8   29.8 0.000
328.993056 329.003472  2112.1   60.1   42.8 0.000
329.493056 329.503472  1760.0   50.1   35.6 0.000
330.493750 330.504167  1633.9   46.5   33.1 0.000
330.993750 331.004167  1666.6   47.4   33.8 0.000
331.494444 331.504861  1665.0   47.4   33.7 0.000
331.993750 332.004167  1848.0   52.6   37.4 0.000
332.494444 332.504861  1876.3   53.4   38.0 0.000
332.993750 333.004167  1953.6   55.6   39.6 0.000
333.495833 333.506250  1942.6   55.3   39.3 0.000
333.995139 334.005556  1891.0   53.8   38.3 0.000
334.495139 334.505556  1870.6   53.2   37.9 0.000
334.995139 335.005556  2275.9   64.8   46.1 0.000
335.495139 335.505556  2214.1   63.0   44.8 0.000
335.995139 336.005556  2172.4   61.8   44.0 0.000
336.494444 336.504861  2060.9   58.6   41.7 0.000
336.994444 337.004861  1712.3   48.7   34.7 0.000
337.508333 337.518750  1899.2   54.1   38.5 0.000
337.994444 338.004861  2116.2   60.2   42.8 0.000
338.495833 338.506250  1992.9   56.7   40.4 0.000
338.995833 339.006250  2036.7   58.0   41.2 0.000
339.495139 339.505556  2063.3   58.7   41.8 0.000
339.995139 340.005556  1197.2   34.1   24.3 0.000
340.495833 340.506250  1151.9   32.8   23.4 0.000
340.995139 341.005556  1146.4   32.7   23.3 0.000
341.494444 341.504861  2005.1   57.1   40.6 0.000
341.993750 342.004167  1790.1   51.0   36.3 0.000
342.493750 342.504167  1849.3   52.6   37.4 0.000
342.993750 343.004167  1807.9   51.5   36.6 0.000
343.493750 343.504167  1789.4   50.9   36.2 0.000
343.993750 344.004167  1546.6   44.0   31.3 0.000
344.494444 344.504861  1318.0   37.5   26.7 0.000
344.994444 345.004861  2272.6   64.7   46.0 0.000
345.494444 345.504861  1871.1   53.3   37.9 0.000
345.993750 346.004167  1940.1   55.2   39.3 0.000
346.494444 346.504861  1907.1   54.3   38.6 0.000
346.994444 347.004861  1626.6   46.3   33.0 0.000
347.494444 347.504861  1590.3   45.3   32.2 0.000
347.994444 348.004861  1602.7   45.6   32.5 0.000
348.494444 348.504861  1667.5   47.5   33.8 0.000
348.993750 349.004167  1732.9   49.3   35.1 0.000
349.493750 349.504167  1871.5   53.3   37.9 0.000
349.993750 350.004167  2159.1   61.4   43.7 0.000
350.493750 350.504167  2285.8   65.0   46.3 0.000
350.993056 351.003472  2092.3   59.5   42.4 0.000
351.494444 351.504861  1905.5   54.2   38.6 0.000
351.993750 352.004167  1949.4   55.5   39.5 0.000
352.077083 352.087500  2059.3   58.6   41.7 0.000
352.160417 352.170833  2072.9   59.0   42.0 0.000
352.209028 352.219444  2089.4   59.5   42.3 0.000
352.258333 352.268750  2116.4   60.2   42.9 0.000
352.307639 352.318056  2091.0   59.5   42.3 0.000
352.356944 352.367361  2137.7   60.8   43.3 0.000
352.406250 352.416667  2145.2   61.1   43.4 0.000
352.493056 352.503472  2255.6   64.2   45.7 0.000
352.576389 352.586806  2398.5   68.3   48.6 0.000
352.659028 352.669444  2397.7   68.2   48.5 0.000
352.708333 352.718750  2477.4   70.5   50.1 0.000
352.757639 352.768056  2521.0   71.7   51.0 0.000
352.806250 352.816667  2584.7   73.5   52.3 0.000
352.879167 352.889583  2668.9   75.9   54.0 0.000
352.993056 353.003472  2538.1   72.2   51.4 0.000
353.495139 353.505556  2381.9   67.8   48.2 0.000
353.994444 354.004861  2343.3   66.7   47.4 0.000
354.494444 354.504861  1698.5   48.3   34.4 0.000
354.994444 355.004861  1729.5   49.2   35.0 0.000
355.494444 355.504861  1445.8   41.2   29.3 0.000
355.995139 356.005556  1828.7   52.0   37.0 0.000
356.495139 356.505556  1834.8   52.2   37.2 0.000
356.995833 357.006250  1749.3   49.8   35.4 0.000
357.495833 357.506250  1351.1   38.5   27.4 0.000
357.995833 358.006250  1053.7   30.0   21.4 0.000
358.496528 358.506944  1065.4   30.4   21.6 0.000
358.996528 359.006944  1117.7   31.8   22.7 0.000
359.497222 359.507639  1303.9   37.1   26.4 0.000
359.997222 360.007639  1724.2   49.1   34.9 0.000
360.495139 360.505556  1733.3   49.3   35.1 0.000
360.995139 361.005556  2264.8   64.4   45.8 0.000
361.494444 361.504861  2316.5   65.9   46.9 0.000
361.994444 362.004861  2236.5   63.6   45.3 0.000
362.494444 362.504861  2199.9   62.6   44.5 0.000
362.993750 363.004167  1877.2   53.4   38.0 0.000
363.493750 363.504167  1842.1   52.4   37.3 0.000
363.993750 364.004167  1145.1   32.6   23.2 0.000
364.493750 364.504167  1164.0   33.2   23.6 0.000
364.993056 365.003472  1299.5   37.0   26.4 0.000
