data/obs/c2h6/WDCGG/event/DE0043G.20101231235600.20170621000000.online_gc.ethane.air.1y.12h.DE09L_Varian_GC-3800-FID_HPB_C2-C8-hydrocarb.DE09L_Measurements_of_Hydrocarbons_GC-3800.lev2.nas
74 1001
Claude, Anja; Plass-Duelmer, Christian
DE09L, Deutscher Wetterdienst, DWD, Met. Obs., Hohenspeissenberg, , 82283, Hohenspeissenberg, Germany
Claude, Anja
ACTRIS EMEP GAW-WDCRG
1 1
2011 01 01 2017 06 21
0
days from file reference point
5
1 1 1 1 1
999.999999 99999.9 9999.9 9999.9 9.999
end_time of measurement, days from the file reference point
ethane, pmol/mol, Statistics=arithmetic mean
ethane, pmol/mol, Statistics=expanded uncertainty 2sigma
ethane, pmol/mol, Statistics=precision
numflag, no unit
0
55
Data definition:              EBAS_1.1
Set type code:                TI
Timezone:                     UTC
File name:                    DE0043G.20101231235600.20170621000000.online_gc.ethane.air.1y.12h.DE09L_Varian_GC-3800-FID_HPB_C2-C8-hydrocarb.DE09L_Measurements_of_Hydrocarbons_GC-3800.lev2.nas
File creation:                20190306184600
Startdate:                    20101231235600
Revision date:                20170621000000
Version:                      3
Version description:          2nd revision 2017, manually inspected, 2017 header
Data level:                   2
Period code:                  1y
Resolution code:              12h
Sample duration:              15mn
Orig. time res.:              15mn
Station code:                 DE0043G
Platform code:                DE0043S
Station name:                 Hohenpeissenberg
Station WDCA-ID:              GAWADE__HPB
Station GAW-ID:               HPB
Station GAW-Name:             Hohenpeissenberg
Station land use:             Grassland
Station setting:              Mountain
Station GAW type:             G
Station WMO region:           6
Station latitude:             47.8014984131
Station longitude:            11.0096197128
Station altitude:             985.0m
Measurement altitude:         1000.0m
Measurement height:           15.0m
Regime:                       IMG
Component:                    ethane
Unit:                         pmol/mol
Matrix:                       air
Instrument type:              online_gc
Laboratory code:              DE09L
Instrument name:              Varian_GC-3800-FID_HPB_C2-C8-hydrocarb
Instrument manufacturer:      Varian
Instrument model:             GC-3800
Instrument serial number:     104633
Method ref:                   DE09L_Measurements_of_Hydrocarbons_GC-3800
Standard method:              SOP=ACTRIS_VOC_2014
Calibration scale:            NPL
Calibration standard ID:      Manufacturer NPL (quantum passivated cylinder form Air products); Batch D641624
Inlet type:                   Hat or hood
Inlet description:            Downward facing with hood
Detection limit expl.:        Determined by multiple peak integration of zero gas measurements, detection limit flag 147 is used for values under detection  limit defined as 3-sigma precision
Measurement uncertainty expl.: "Includes reproducibility (precision) + systematic errors (accuracy). Ref:http://www.atmos-meas-tech.net/8/2715/2015/"
Zero/negative values code:    Zero/negative possible
Zero/negative values:         Zero and neg. values may appear due to statistical variations at very low concentrations
Originator:                   Claude, Anja, anja.claude@dwd.de, Deutscher Wetterdienst, DWD, Hohenpeissenberg Meteorological Observatory, Albin-Schwaiger-Weg 10, , D-82383, Hohenpeissenberg, Germany
Originator:                   Plass-Duelmer, Christian, , , , , , , , , 
Submitter:                    Claude, Anja, anja.claude@dwd.de, Deutscher Wetterdienst, DWD, Hohenpeissenberg Meteorological Observatory, Albin-Schwaiger-Weg 10, , D-82383, Hohenpeissenberg, Germany
Acknowledgement:              Request acknowledgement details from data originator
Comment:                      preconcentration on glass beeds (-197\B0C), o3 removed, cryo-dryer at -40\B0C, 2 week calibration interval,two target gases were used.
starttime endtime C2H6 C2H6 C2H6 flag
 -0.002778   0.007639  1976.2   57.3   41.5 0.000
  0.497222   0.507639  1959.3   56.8   41.2 0.000
  0.997222   1.007639  2208.9   63.8   46.0 0.000
  1.497222   1.507639  2034.8   58.9   42.6 0.000
  1.997222   2.007639  2232.1   64.5   46.5 0.000
  2.488194   2.498611  2140.0   61.8   44.6 0.000
  2.988194   2.998611  2171.1   62.8   45.3 0.000
  3.491667   3.502083  2157.0   62.3   45.0 0.000
  3.992361   4.002778  2019.6   58.5   42.3 0.000
  4.495139   4.505556  1839.7   53.5   38.8 0.000
  4.995139   5.005556  1431.4   42.1   30.9 0.000
  5.495139   5.505556  1308.6   38.7   28.5 0.000
  5.995833   6.006250  1356.4   40.1   29.6 0.000
  6.496528   6.506944  1573.2   46.1   33.7 0.000
  6.996528   7.006944  1650.2   48.2   35.2 0.000
  7.497222   7.507639  1516.9   44.5   32.6 0.000
  7.997222   8.007639  1576.3   46.2   33.7 0.000
  8.497917   8.508333  1791.7   52.1   37.9 0.000
  8.998611   9.009028  1640.5   47.9   34.9 0.000
  9.493056   9.503472  1885.3   54.7   39.6 0.000
  9.993750  10.004167  2291.6   66.1   47.7 0.000
 10.497222  10.507639  1856.1   53.9   39.1 0.000
 10.997917  11.008333  1954.2   56.6   41.0 0.000
 11.497222  11.507639  2219.2   64.1   46.2 0.000
 11.997917  12.008333  1148.4   34.4   25.6 0.000
 12.488889  12.499306  1084.4   32.6   24.4 0.000
 12.988194  12.998611  1122.5   33.7   25.1 0.000
 13.495139  13.505556  1022.7   31.0   23.3 0.000
 13.995139  14.005556  1076.8   32.4   24.2 0.000
 14.495139  14.505556  1627.8   47.5   34.6 0.000
 14.995139  15.005556  1741.6   50.7   36.9 0.000
 15.495139  15.505556  1788.8   52.0   37.7 0.000
 15.995139  16.005556  1446.0   42.6   31.2 0.000
 16.532639  16.543056  1296.2   38.4   28.4 0.000
 17.032639  17.043056  1449.6   42.6   31.2 0.000
 17.491667  17.502083  1324.2   39.2   28.9 0.000
 17.991667  18.002083  2039.2   59.0   42.7 0.000
 18.497917  18.508333  2128.9   61.6   44.5 0.000
 18.998611  19.009028  2058.8   59.6   43.1 0.000
 19.497222  19.507639  1988.6   57.6   41.7 0.000
 19.997222  20.007639  2087.5   60.4   43.7 0.000
 20.495833  20.506250  1915.4   55.5   40.2 0.000
 20.995833  21.006250  2078.6   60.2   43.5 0.000
 21.495833  21.506250  1957.1   56.7   41.1 0.000
 21.995833  22.006250  2145.8   62.0   44.8 0.000
 22.264583  22.275000  2132.8   61.6   44.5 0.000
 22.313889  22.324306  2162.3   62.5   45.1 0.000
 22.363194  22.373611  2091.9   60.5   43.6 0.000
 22.412500  22.422917  2361.2   68.0   49.0 0.000
 22.493750  22.504167  2258.9   65.2   47.0 0.000
 22.575694  22.586111  2200.6   63.6   45.9 0.000
 22.657639  22.668056  2206.9   63.8   46.0 0.000
 22.739583  22.750000  2265.2   65.4   47.2 0.000
 22.788889  22.799306  2363.7   68.1   49.0 0.000
 22.838194  22.848611  2335.4   67.3   48.5 0.000
 22.886806  22.897222  2267.7   65.4   47.1 0.000
 22.968750  22.979167  2222.7   64.2   46.3 0.000
 23.050694  23.061111  2319.9   66.9   48.2 0.000
 23.132639  23.143056  2120.5   61.3   44.3 0.000
 23.215278  23.225694  2153.2   62.2   44.9 0.000
 23.494444  23.504861  2031.5   58.8   42.6 0.000
 23.994444  24.004861  2322.4   67.0   48.3 0.000
 24.493056  24.503472  2142.5   61.9   44.7 0.000
 24.993750  25.004167  1915.2   55.5   40.2 0.000
 25.495833  25.506250  1908.9   55.4   40.2 0.000
 25.997222  26.007639  2003.3   58.0   42.0 0.000
 26.494444  26.504861  2423.1   69.8   50.2 0.000
 26.995139  27.005556  2449.6   70.6   50.8 0.000
 27.497917  27.508333  2915.6   83.7   60.0 0.000
 27.997917  28.008333  3042.1   87.3   62.6 0.000
 28.498611  28.509028  2640.0   75.9   54.5 0.000
 28.999306  29.009722  2391.3   68.9   49.6 0.000
 29.499306  29.509722  2913.9   83.6   59.9 0.000
 30.000000  30.010417  3582.6  102.6   73.4 0.000
 30.495833  30.506250  3404.0   97.5   69.8 0.000
 30.996528  31.006944  3663.3  104.7   74.8 0.000
 31.495833  31.506250  3075.4   88.0   63.0 0.000
 31.996528  32.006944  2989.3   85.5   61.2 0.000
 32.495833  32.506250  2835.0   81.2   58.1 0.000
 32.996528  33.006944  1673.1   48.4   35.0 0.000
 33.495833  33.506250  1642.8   47.6   34.4 0.000
 33.996528  34.006944  1739.9   50.3   36.3 0.000
 34.495139  34.505556  1784.3   51.5   37.2 0.000
 34.994444  35.004861  2164.4   62.2   44.7 0.000
 35.494444  35.504861  1971.1   56.8   40.9 0.000
 35.994444  36.004861  1439.1   41.9   30.5 0.000
 36.494444  36.504861  1172.0   34.6   25.4 0.000
 36.994444  37.004861  1197.9   35.3   25.9 0.000
 37.505556  37.515972  1725.6   49.9   36.1 0.000
 38.005556  38.015972  1780.3   51.5   37.2 0.000
 38.495833  38.506250  1665.1   48.2   34.9 0.000
 38.995833  39.006250  1846.1   53.3   38.5 0.000
 39.495139  39.505556  1737.2   50.3   36.3 0.000
 39.995833  40.006250  1768.3   51.1   37.0 0.000
 40.495833  40.506250  1816.2   52.5   37.8 0.000
 40.995833  41.006250  1864.3   53.9   38.9 0.000
 41.496528  41.506944  1725.2   50.0   36.1 0.000
 41.997222  42.007639  1990.8   57.4   41.4 0.000
 42.497222  42.507639  1959.2   56.5   40.7 0.000
 42.997917  43.008333  1887.8   54.5   39.3 0.000
 43.497917  43.508333  2424.5   69.6   50.0 0.000
 43.998611  44.009028  1976.4   57.0   41.1 0.000
 44.496528  44.506944  2063.0   59.4   42.7 0.000
 44.997222  45.007639  2115.9   60.9   43.8 0.000
 45.495139  45.505556  2268.4   65.2   46.8 0.000
 45.995833  46.006250  2505.3   71.9   51.6 0.000
 46.495139  46.505556  2934.3   84.0   60.1 0.000
 46.995833  47.006250  3389.3   96.9   69.3 0.000
 47.494444  47.504861  3201.4   91.6   65.5 0.000
 47.995139  48.005556  3239.0   92.7   66.3 0.000
 48.506944  48.517361  2925.4   83.8   59.9 0.000
 49.006250  49.016667  3249.0   92.9   66.4 0.000
 49.506250  49.516667  2924.0   83.7   59.9 0.000
 50.006250  50.016667  2739.2   78.5   56.2 0.000
 50.506250  50.516667  3638.6  103.9   74.2 0.000
 51.006250  51.016667  4154.4  118.6   84.6 0.000
 51.494444  51.504861  3750.8  107.1   76.4 0.000
 51.994444  52.004861  3335.7   95.4   68.2 0.000
 52.498611  52.509028  3176.5   90.8   64.9 0.000
 52.999306  53.009722  3285.1   93.9   67.1 0.000
 53.494444  53.504861  2861.3   81.9   58.7 0.000
 53.994444  54.004861  2317.4   66.5   47.7 0.000
 54.498611  54.509028  2705.7   77.5   55.5 0.000
 54.998611  55.009028  2472.5   70.9   50.8 0.000
 55.495139  55.505556  2845.2   81.4   58.3 0.000
 55.995833  56.006250  2704.4   77.5   55.5 0.000
 56.496528  56.506944  2416.5   69.4   49.7 0.000
 56.997222  57.007639  2115.0   60.8   43.7 0.000
 57.497222  57.507639  2095.4   60.3   43.3 0.000
 57.997917  58.008333  2448.8   70.3   50.4 0.000
 58.304167  58.314583  2684.1   76.9   55.1 0.000
 58.353472  58.363889  2943.5   84.3   60.3 0.000
 58.402083  58.412500  2928.6   83.9   60.0 0.000
 58.451389  58.461806  2765.7   79.2   56.7 0.000
 58.535417  58.545833  3187.0   91.1   65.1 0.000
 58.619444  58.629861  3593.1  102.6   73.3 0.000
 58.710417  58.720833  4055.4  115.7   82.6 0.000
 58.793750  58.804167  4705.4  134.2   95.7 0.000
 58.843056  58.853472  4364.3  124.5   88.8 0.000
 58.892361  58.902778  4318.6  123.2   87.9 0.000
 58.941667  58.952083  4210.1  120.1   85.7 0.000
 59.025694  59.036111  3988.8  113.6   80.9 0.000
 59.109722  59.120139  3820.0  108.9   77.6 0.000
 59.193750  59.204167  3887.3  110.8   78.9 0.000
 59.277778  59.288194  3691.6  105.2   75.0 0.000
 59.493750  59.504167  4471.8  127.4   90.7 0.000
 59.993750  60.004167  5420.9  154.4  109.9 0.000
 60.543750  60.554167  3823.9  109.0   77.7 0.000
 61.002083  61.012500  4252.0  121.1   86.3 0.000
 61.495139  61.505556  4235.1  120.7   85.9 0.000
 62.995833  63.006250  4617.2  131.5   93.7 0.000
 63.495833  63.506250  4752.3  135.4   96.4 0.000
 63.995833  64.006250  3517.1  100.3   71.5 0.000
 64.495833  64.506250  2646.1   75.5   53.8 0.000
 64.996528  65.006944  2438.8   69.7   49.7 0.000
 65.495833  65.506250  2280.8   65.2   46.5 0.000
 65.954167  65.964583  2447.5   69.9   49.9 0.000
 66.496528  66.506944  2859.3   81.6   58.2 0.000
 66.954861  66.965278  2748.3   78.4   55.9 0.000
 67.493750  67.504167  2506.2   71.6   51.1 0.000
 67.994444  68.004861  2562.1   73.1   52.2 0.000
 68.528472  68.538889  2415.9   69.0   49.2 0.000
 68.987500  68.997917  2471.4   70.5   50.3 0.000
 69.495833  69.506250  2302.5   65.8   47.0 0.000
 69.996528  70.006944  2369.2   67.6   48.3 0.000
 70.497222  70.507639  2343.0   66.9   47.8 0.000
 70.997917  71.008333  1811.3   51.9   37.1 0.000
 71.498611  71.509028  1877.1   53.7   38.4 0.000
 71.999306  72.009722  1867.9   53.5   38.2 0.000
 72.495139  72.505556  2044.1   58.4   41.8 0.000
 72.952778  72.963194  2123.7   60.7   43.3 0.000
 73.493750  73.504167  1960.8   56.1   40.1 0.000
 73.952083  73.962500  1777.6   50.9   36.5 0.000
 74.516667  74.527083  2589.3   73.9   52.7 0.000
 74.989583  75.000000  2842.8   81.1   57.8 0.000
 75.492361  75.502778  3049.6   87.0   62.0 0.000
 75.992361  76.002778  3594.3  102.4   73.0 0.000
 76.495139  76.505556  2713.7   77.4   55.2 0.000
 76.995139  77.005556  2769.3   79.0   56.3 0.000
 77.495139  77.505556  2623.8   74.9   53.5 0.000
 77.995139  78.005556  2481.7   70.9   50.6 0.000
 78.495833  78.506250  2246.3   64.2   45.8 0.000
 78.995833  79.006250  2150.9   61.5   43.9 0.000
 79.495139  79.505556  2161.1   61.8   44.1 0.000
 79.995833  80.006250  2284.4   65.2   46.6 0.000
 80.495139  80.505556  2278.0   65.1   46.4 0.000
 80.996528  81.006944  2073.2   59.3   42.3 0.000
 81.555556  81.565972  2121.8   60.6   43.3 0.000
 81.993056  82.003472  2103.9   60.2   43.0 0.000
 82.497917  82.508333  1999.1   57.2   40.9 0.000
 82.998611  83.009028  1915.9   54.8   39.2 0.000
 83.495833  83.506250  1981.6   56.7   40.5 0.000
 83.996528  84.006944  1997.1   57.1   40.8 0.000
 84.497222  84.507639  2030.3   58.0   41.5 0.000
 84.997917  85.008333  2287.4   65.3   46.7 0.000
 85.498611  85.509028  2039.8   58.3   41.7 0.000
 85.999306  86.009722  2039.4   58.3   41.7 0.000
 86.493750  86.504167  2027.5   58.0   41.4 0.000
 86.994444  87.004861  2052.8   58.7   41.9 0.000
 87.496528  87.506944  2031.5   58.1   41.5 0.000
 87.997222  88.007639  1960.3   56.1   40.1 0.000
 88.511806  88.522222  1919.3   54.9   39.3 0.000
 89.013194  89.023611  1890.7   54.1   38.7 0.000
 89.490278  89.500694  1735.3   49.7   35.6 0.000
 89.989583  90.000000  1440.2   41.4   29.8 0.000
 90.493750  90.504167  1252.0   36.2   26.1 0.000
 90.993750  91.004167  1277.0   36.9   26.6 0.000
 91.493750  91.504167  1270.1   36.7   26.5 0.000
 91.993750  92.004167  1185.7   34.3   24.8 0.000
 92.494444  92.504861  1255.7   36.2   26.1 0.000
 92.994444  93.004861  1414.3   40.7   29.3 0.000
 93.495833  93.506250  1936.1   55.5   39.7 0.000
 93.995833  94.006250  1880.0   53.9   38.6 0.000
 94.496528  94.506944  1800.7   51.6   37.0 0.000
 94.996528  95.006944  1747.5   50.1   35.9 0.000
 95.495833  95.506250  1715.8   49.2   35.3 0.000
 95.996528  96.006944  1413.2   40.7   29.2 0.000
 96.491667  96.502083  1019.4   29.6   21.5 0.000
 96.992361  97.002778  1395.8   40.2   28.9 0.000
 97.495833  97.506250  1664.0   47.8   34.3 0.000
 97.996528  98.006944  1837.4   52.7   37.7 0.000
 98.497222  98.507639  1699.3   48.7   34.9 0.000
 98.997917  99.008333  1980.5   56.7   40.6 0.000
 99.498611  99.509028  1989.1   56.9   40.7 0.000
 99.999306 100.009722  1727.6   49.6   35.5 0.000
100.496528 100.506944  1455.7   41.9   30.1 0.000
100.545833 100.556250  1387.5   40.0   28.8 0.000
101.046528 101.056944  1642.3   47.1   33.8 0.000
101.495833 101.506250  1867.4   53.5   38.3 0.000
101.996528 102.006944  2094.3   59.9   42.8 0.000
102.497222 102.507639  2187.4   62.5   44.7 0.000
102.996528 103.006944  2111.3   60.4   43.2 0.000
103.497222 103.507639  2023.5   57.9   41.4 0.000
103.997222 104.007639  1985.6   56.9   40.7 0.000
104.495139 104.505556  1860.7   53.3   38.2 0.000
104.995139 105.005556  1825.3   52.3   37.5 0.000
105.495833 105.506250  1684.4   48.3   34.7 0.000
105.995833 106.006250  1776.5   50.9   36.5 0.000
106.495833 106.506250  1750.4   50.2   36.0 0.000
106.996528 107.006944  1736.4   49.8   35.7 0.000
107.489583 107.500000  1729.3   49.6   35.6 0.000
107.989583 108.000000  1809.5   51.9   37.1 0.000
108.493056 108.503472  1752.3   50.2   36.0 0.000
108.993750 109.004167  1909.9   54.7   39.1 0.000
109.540278 109.550694  1730.2   49.6   35.6 0.000
109.998611 110.009028  1700.5   48.8   35.0 0.000
110.493056 110.503472  1607.0   46.1   33.1 0.000
110.993056 111.003472  1717.9   49.3   35.4 0.000
111.493056 111.503472  1667.3   47.8   34.3 0.000
111.993056 112.003472  1748.5   50.2   36.0 0.000
112.493056 112.503472  1470.0   42.3   30.4 0.000
112.993056 113.003472  1525.2   43.8   31.5 0.000
113.493056 113.503472  1677.6   48.2   34.5 0.000
113.993056 114.003472  1446.4   41.6   29.9 0.000
114.493750 114.504167  1879.5   53.8   38.5 0.000
114.993750 115.004167  2143.2   61.3   43.8 0.000
115.261806 115.272222  2282.8   65.2   46.6 0.000
115.311111 115.321528  2151.1   61.5   44.0 0.000
115.360417 115.370833  2123.6   60.7   43.4 0.000
115.409722 115.420139  2046.9   58.6   41.9 0.000
115.493056 115.503472  2031.6   58.1   41.6 0.000
115.577083 115.587500  2039.8   58.4   41.8 0.000
115.660417 115.670833  2012.3   57.6   41.2 0.000
115.744444 115.754861  2003.5   57.4   41.0 0.000
115.793056 115.803472  2038.3   58.3   41.7 0.000
115.842361 115.852778  2027.6   58.0   41.5 0.000
115.891667 115.902083  2047.4   58.6   41.9 0.000
115.975000 115.985417  2016.7   57.7   41.3 0.000
116.059028 116.069444  2007.0   57.4   41.1 0.000
116.143056 116.153472  2032.4   58.2   41.6 0.000
116.226389 116.236806  2046.0   58.6   41.9 0.000
116.495139 116.505556  1938.0   55.5   39.7 0.000
116.995833 117.006250  1944.7   55.7   39.9 0.000
117.493750 117.504167  1865.3   53.4   38.3 0.000
117.993750 118.004167  1926.4   55.2   39.5 0.000
118.495833 118.506250  1876.9   53.8   38.5 0.000
118.996528 119.006944  1919.3   55.0   39.4 0.000
119.496528 119.506944  2105.3   60.2   43.1 0.000
119.997222 120.007639  1981.6   57.4   40.4 0.000
120.497917 120.508333  2033.4   58.9   41.5 0.000
120.998611 121.009028  2038.3   59.1   41.6 0.000
121.495833 121.506250  1939.2   56.2   39.6 0.000
122.495139 122.505556  1901.0   55.1   38.8 0.000
122.996528 123.006944  2001.1   58.0   40.8 0.000
123.496528 123.506944  1803.1   52.3   36.9 0.000
123.997222 124.007639  1846.8   53.6   37.7 0.000
124.536806 124.547222  1672.9   48.6   34.2 0.000
124.995139 125.005556  1704.1   49.5   34.9 0.000
125.495833 125.506250  1596.6   46.4   32.7 0.000
125.995833 126.006250  1578.5   45.9   32.4 0.000
126.496528 126.506944  1468.5   42.7   30.1 0.000
126.996528 127.006944  1516.8   44.1   31.1 0.000
127.497222 127.507639  1494.4   43.4   30.7 0.000
127.997222 128.007639  2054.1   59.5   41.9 0.000
128.492361 128.502778  1806.9   52.4   36.9 0.000
128.993056 129.003472  1625.3   47.2   33.3 0.000
129.490278 129.500694  1525.3   44.3   31.3 0.000
129.990972 130.001389  1692.7   49.2   34.7 0.000
130.494444 130.504861  1455.6   42.3   29.9 0.000
131.002083 131.012500  1469.4   42.7   30.2 0.000
131.491667 131.502083  1352.7   39.4   27.9 0.000
131.993056 132.003472  1288.2   37.6   26.6 0.000
132.495833 132.506250  1340.8   39.1   27.6 0.000
132.996528 133.006944  1440.5   41.9   29.6 0.000
133.497222 133.507639  1261.6   36.8   26.0 0.000
133.997222 134.007639  1395.0   40.6   28.7 0.000
134.497917 134.508333  1552.6   45.1   31.8 0.000
134.998611 135.009028  1506.6   43.8   30.9 0.000
135.495833 135.506250  1505.8   43.8   30.9 0.000
135.996528 136.006944  1375.0   40.0   28.3 0.000
136.494444 136.504861  1189.3   34.7   24.6 0.000
136.995139 137.005556  1122.2   32.8   23.3 0.000
137.265972 137.276389  1027.5   30.1   21.4 0.000
137.315278 137.325694  1031.6   30.2   21.5 0.000
137.364583 137.375000  1012.7   29.7   21.1 0.000
137.413889 137.424306  1004.5   29.5   21.0 0.000
137.497917 137.508333   959.2   28.2   20.1 0.000
137.581944 137.592361   923.6   27.1   19.4 0.000
137.666667 137.677083   916.2   26.9   19.2 0.000
137.750694 137.761111   921.8   27.1   19.3 0.000
