data/obs/c2h6/WDCGG/event/DE0043G.20090101000000.20170703000000.online_gc.ethane.air.1y.12h.DE09L_Varian_GC-3800-FID_HPB_C2-C8-hydrocarb.DE09L_Measurements_of_Hydrocarbons_GC-3800.lev2.nas
74 1001
Claude, Anja; Plass-Duelmer, Christian
DE09L, Deutscher Wetterdienst, DWD, Met. Obs., Hohenspeissenberg, , 82283, Hohenspeissenberg, Germany
Claude, Anja
ACTRIS EMEP GAW-WDCRG
1 1
2009 01 01 2017 07 03
0
days from file reference point
5
1 1 1 1 1
999.999999 99999.9 9999.9 9999.9 9.999
end_time of measurement, days from the file reference point
ethane, pmol/mol, Statistics=arithmetic mean
ethane, pmol/mol, Statistics=expanded uncertainty 2sigma
ethane, pmol/mol, Statistics=precision
numflag, no unit
0
55
Data definition:              EBAS_1.1
Set type code:                TI
Timezone:                     UTC
File name:                    DE0043G.20090101000000.20170703000000.online_gc.ethane.air.1y.12h.DE09L_Varian_GC-3800-FID_HPB_C2-C8-hydrocarb.DE09L_Measurements_of_Hydrocarbons_GC-3800.lev2.nas
File creation:                20190306184600
Startdate:                    20090101000000
Revision date:                20170703000000
Version:                      3
Version description:          2nd revision 2017, manually inspected, 2017 header
Data level:                   2
Period code:                  1y
Resolution code:              12h
Sample duration:              15mn
Orig. time res.:              15mn
Station code:                 DE0043G
Platform code:                DE0043S
Station name:                 Hohenpeissenberg
Station WDCA-ID:              GAWADE__HPB
Station GAW-ID:               HPB
Station GAW-Name:             Hohenpeissenberg
Station land use:             Grassland
Station setting:              Mountain
Station GAW type:             G
Station WMO region:           6
Station latitude:             47.8014984131
Station longitude:            11.0096197128
Station altitude:             985.0m
Measurement altitude:         1000.0m
Measurement height:           15.0m
Regime:                       IMG
Component:                    ethane
Unit:                         pmol/mol
Matrix:                       air
Instrument type:              online_gc
Laboratory code:              DE09L
Instrument name:              Varian_GC-3800-FID_HPB_C2-C8-hydrocarb
Instrument manufacturer:      Varian
Instrument model:             GC-3800
Instrument serial number:     104633
Method ref:                   DE09L_Measurements_of_Hydrocarbons_GC-3800
Standard method:              SOP=ACTRIS_VOC_2014
Calibration scale:            NPL
Calibration standard ID:      Manufacturer NPL (quantum passivated cylinder form Air products); Batch APE 358162
Inlet type:                   Hat or hood
Inlet description:            Downward facing with hood
Detection limit expl.:        Determined by multiple peak integration of zero gas measurements, detection limit flag 147 is used for values under detection  limit defined as 3-sigma precision
Measurement uncertainty expl.: "Includes reproducibility (precision) + systematic errors (accuracy). Ref:http://www.atmos-meas-tech.net/8/2715/2015/"
Zero/negative values code:    Zero/negative possible
Zero/negative values:         Zero and neg. values may appear due to statistical variations at very low concentrations
Originator:                   Claude, Anja, anja.claude@dwd.de, Deutscher Wetterdienst, DWD, Hohenpeissenberg Meteorological Observatory, Albin-Schwaiger-Weg 10, , D-82383, Hohenpeissenberg, Germany
Originator:                   Plass-Duelmer, Christian, , , , , , , , , 
Submitter:                    Claude, Anja, anja.claude@dwd.de, Deutscher Wetterdienst, DWD, Hohenpeissenberg Meteorological Observatory, Albin-Schwaiger-Weg 10, , D-82383, Hohenpeissenberg, Germany
Acknowledgement:              Request acknowledgement details from data originator
Comment:                      preconcentration on glass beeds (-197\B0C), o3 removed, cryo-dryer at -40\B0C, 2 week calibration interval,two target gases were used.
starttime endtime C2H6 C2H6 C2H6 flag
[from data line 321]
162.993056 163.003472  1112.8   70.5   43.3 0.000
163.493056 163.503472  1013.8   64.3   39.5 0.000
163.993056 164.003472  1033.4   65.5   40.3 0.000
164.493750 164.504167   697.5   44.4   27.5 0.000
164.993750 165.004167   822.8   52.3   32.2 0.000
165.496528 165.506944   681.2   43.4   26.8 0.000
165.996528 166.006944   778.7   49.5   30.5 0.000
166.493750 166.504167   798.7   50.7   31.3 0.000
166.994444 167.004861   931.0   59.0   36.3 0.000
167.495139 167.505556   896.1   56.8   35.0 0.000
167.995833 168.006250   893.2   56.7   34.9 0.000
168.494444 168.504861   779.2   49.6   30.6 0.000
168.995139 169.005556   805.4   51.2   31.7 0.000
169.493750 169.504167   801.5   50.9   31.4 0.000
169.994444 170.004861   944.4   60.1   37.2 0.000
170.495833 170.506250   984.7   62.4   38.3 0.000
170.996528 171.006944  1001.6   63.5   39.1 0.000
171.497222 171.507639   986.6   62.5   38.4 0.000
171.998611 172.009028  1014.7   64.3   39.5 0.000
172.494444 172.504861  1034.4   65.5   40.3 0.000
172.995833 173.006250   984.6   62.4   38.3 0.000
173.498611 173.509028   945.0   60.0   36.9 0.000
173.999306 174.009722   949.2   60.3   37.1 0.000
174.496528 174.506944   969.5   61.5   37.8 0.000
174.997917 175.008333  1025.2   65.0   39.9 0.000
175.497917 175.508333  1218.0   77.2   47.4 0.000
176.000000 176.010417  1174.2   74.4   45.7 0.000
176.495833 176.506250  1207.6   76.5   47.0 0.000
176.996528 177.006944  1017.5   64.5   39.7 0.000
177.495833 177.506250  1013.4   64.3   39.5 0.000
177.996528 178.006944   954.8   60.6   37.3 0.000
178.496528 178.506944   998.3   63.3   39.0 0.000
178.996528 179.006944  1183.4   75.0   46.0 0.000
179.247917 179.258333  1217.9   77.1   47.3 0.000
179.297917 179.308333  1154.3   73.1   44.9 0.000
179.347222 179.357639  1166.1   74.0   45.5 0.000
179.868056 179.878472   994.2   63.0   38.7 0.000
179.917361 179.927778   954.7   60.5   37.2 0.000
179.966667 179.977083   955.8   60.6   37.3 0.000
180.051389 180.061806   985.3   62.5   38.4 0.000
180.135417 180.145833   998.9   63.3   38.9 0.000
180.220139 180.230556  1080.3   68.4   42.0 0.000
180.497917 180.508333  1068.4   67.7   41.6 0.000
180.998611 181.009028  1132.1   83.9   62.0 0.000
181.512500 181.522917   965.6   71.8   53.1 0.000
182.013194 182.023611   950.8   51.6   20.1 0.000
182.497222 182.507639   961.1   71.3   52.7 0.000
182.997917 183.008333   899.3   66.8   49.4 0.000
183.499306 183.509722   885.1  102.1   92.0 0.000
184.000000 184.010417   867.7   47.2   18.6 0.000
184.501389 184.511806   861.8   46.8   18.4 0.000
185.002083 185.012500   775.0   42.2   16.7 0.000
185.503472 185.513889   724.2   39.5   15.7 0.000
186.004167 186.014583   683.8   37.3   14.9 0.000
186.493750 186.504167   634.7   47.4   35.2 0.000
186.995139 187.005556   614.8   33.5   13.4 0.000
187.256250 187.266667   605.6   33.0   13.2 0.000
187.305556 187.315972   589.0   32.1   12.8 0.000
187.354861 187.365278   602.8   32.9   13.1 0.000
187.404167 187.414583   607.7   33.1   13.2 0.000
187.486806 187.497222   646.4   35.2   14.0 0.000
187.569444 187.579861   590.3   32.2   12.8 0.000
187.652083 187.662500   589.1   44.1   32.8 0.000
187.734722 187.745139   599.6   32.7   13.1 0.000
187.784028 187.794444   622.7   46.5   34.6 0.000
187.833333 187.843750   620.2   46.3   34.4 0.000
187.882639 187.893056   629.2   34.3   13.6 0.000
187.965278 187.975694   632.7   47.3   35.1 0.000
188.048611 188.059028   645.6   48.2   35.8 0.000
188.131250 188.141667   646.7   35.2   13.9 0.000
188.218750 188.229167   660.0   35.9   14.2 0.000
188.498611 188.509028   629.0   47.0   34.9 0.000
188.998611 189.009028   627.0   46.8   34.8 0.000
189.490972 189.501389   630.3   47.0   34.9 0.000
189.991667 190.002083   735.9   40.0   15.7 0.000
190.493056 190.503472   780.8   42.4   16.6 0.000
190.993750 191.004167   759.3   56.6   42.0 0.000
191.493750 191.504167   753.0   41.0   16.1 0.000
191.994444 192.004861   762.9   41.5   16.3 0.000
192.495139 192.505556   629.7   47.1   35.0 0.000
192.995833 193.006250   567.8   31.0   12.5 0.000
193.495833 193.506250   515.5   38.7   28.9 0.000
193.996528 194.006944   554.6   30.3   12.3 0.000
194.495833 194.506250   507.2   38.1   28.5 0.000
194.996528 195.006944   597.9   32.6   13.1 0.000
195.497222 195.507639   616.7   33.6   13.4 0.000
195.997917 196.008333   618.4   46.2   34.4 0.000
196.495833 196.506250   626.2   34.1   13.6 0.000
196.997222 197.007639   622.9   34.0   13.5 0.000
197.495833 197.506250   590.2   32.2   12.9 0.000
197.997222 198.007639   586.2   32.0   12.9 0.000
198.498611 198.509028   691.9   51.6   38.3 0.000
199.000000 199.010417   654.8   35.7   14.2 0.000
199.500694 199.511111   628.8   34.3   13.7 0.000
200.002778 200.013194   661.0   36.0   14.3 0.000
200.496528 200.506944   654.4   35.6   14.2 0.000
200.997917 201.008333   668.8   36.4   14.4 0.000
201.494444 201.504861   576.5   31.5   12.7 0.000
201.995139 202.005556   559.3   30.6   12.4 0.000
202.495139 202.505556   639.8   34.9   14.0 0.000
202.995833 203.006250   686.2   37.4   14.8 0.000
203.495833 203.506250   805.3   43.7   17.1 0.000
203.995833 204.006250   656.4   35.7   14.2 0.000
204.497222 204.507639   619.4   33.8   13.4 0.000
204.997222 205.007639   631.8   34.5   13.8 0.000
205.497917 205.508333   592.6   32.3   12.9 0.000
205.998611 206.009028   601.9   32.9   13.2 0.000
206.499306 206.509722   591.2   32.3   13.0 0.000
207.000000 207.010417   595.4   32.5   13.0 0.000
208.495139 208.505556   620.8   33.8   13.4 0.000
208.995139 209.005556   615.7   33.6   13.4 0.000
209.246528 209.256944   615.3   33.5   13.4 0.000
209.295833 209.306250   626.5   34.1   13.5 0.000
209.345139 209.355556   706.3   38.4   15.1 0.000
209.394444 209.404861   628.8   34.3   13.7 0.000
209.479861 209.490278   638.2   34.8   13.8 0.000
209.563889 209.574306   630.5   34.4   13.7 0.000
209.647917 209.658333   628.0   34.2   13.6 0.000
209.731944 209.742361   636.2   34.7   13.8 0.000
209.781250 209.791667   625.9   34.1   13.5 0.000
209.830556 209.840972   647.7   35.2   13.9 0.000
209.879861 209.890278   638.6   34.8   13.8 0.000
209.963889 209.974306   656.0   35.7   14.1 0.000
210.047917 210.058333   750.9   40.8   16.0 0.000
210.131944 210.142361   666.2   36.3   14.3 0.000
210.215972 210.226389   735.0   40.0   15.7 0.000
210.493750 210.504167   646.5   35.2   14.0 0.000
210.994444 211.004861   612.6   33.4   13.4 0.000
211.494444 211.504861   683.1   37.2   14.6 0.000
211.995139 212.005556   704.3   38.4   15.3 0.000
212.496528 212.506944   721.3   39.3   15.7 0.000
212.997222 213.007639   709.7   38.7   15.5 0.000
213.497917 213.508333   822.8   44.8   17.7 0.000
213.999306 214.009722   573.9   31.5   13.0 0.000
214.497222 214.507639 99999.9 9999.9 9999.9 0.999
214.998611 215.009028   851.1   46.3   18.1 0.000
215.497222 215.507639   729.6   39.8   15.8 0.000
215.996528 216.006944   674.9   36.9   15.0 0.000
216.492361 216.502778   676.9   37.0   14.9 0.000
216.992361 217.002778   675.2   36.9   14.8 0.000
217.498611 217.509028   657.3   35.9   14.5 0.000
217.998611 218.009028   675.1   36.9   14.8 0.000
218.495139 218.505556   682.9   37.6   15.9 0.000
218.995139 219.005556   666.3   36.9   15.8 0.000
219.495833 219.506250   764.6   42.0   17.4 0.000
219.995833 220.006250   808.5   44.0   17.5 0.000
220.495833 220.506250   744.1   40.6   16.2 0.000
220.995833 221.006250   752.3   41.1   16.5 0.000
221.492361 221.502778   661.7   36.2   14.6 0.000
221.992361 222.002778   719.4   39.2   15.7 0.000
222.493056 222.503472   755.2   41.2   16.4 0.000
222.993056 223.003472   755.7   41.2   16.3 0.000
223.495139 223.505556   657.6   36.0   14.7 0.000
223.995833 224.006250   647.4   35.3   14.2 0.000
224.495833 224.506250   446.6   24.7   10.6 0.000
224.996528 225.006944   526.0   28.9   11.9 0.000
228.490972 228.501389   485.7   26.8   11.5 0.000
228.992361 229.002778   558.3   30.6   12.4 0.000
229.492361 229.502778   597.4   32.8   13.5 0.000
229.993056 230.003472   618.9   33.8   13.6 0.000
230.495139 230.505556   557.6   30.6   12.6 0.000
230.995833 231.006250   550.1   30.4   12.9 0.000
231.491667 231.502083   578.3   31.7   13.0 0.000
231.991667 232.002083   548.0   30.1   12.4 0.000
232.493750 232.504167   622.9   34.1   13.8 0.000
232.994444 233.004861   629.5   34.4   13.9 0.000
233.494444 233.504861   885.0   48.1   18.9 0.000
233.994444 234.004861   864.0   47.0   18.6 0.000
234.494444 234.504861   887.9   48.3   19.0 0.000
234.995139 235.005556   878.9   47.8   18.9 0.000
235.493750 235.504167   771.1   42.0   16.8 0.000
235.994444 236.004861   753.8   41.2   16.5 0.000
236.496528 236.506944   685.8   37.5   15.1 0.000
236.997222 237.007639   628.9   34.3   13.8 0.000
237.490278 237.500694   695.7   37.9   15.1 0.000
237.990972 238.001389   667.1   36.4   14.5 0.000
238.490972 238.501389   662.6   36.2   14.6 0.000
238.991667 239.002083   658.0   35.9   14.4 0.000
239.492361 239.502778   705.0   38.4   15.3 0.000
239.993056 240.003472   686.6   37.5   15.0 0.000
240.493750 240.504167   743.6   40.5   16.1 0.000
240.994444 241.004861   732.9   40.0   15.9 0.000
241.495139 241.505556   702.7   38.3   15.3 0.000
241.995833 242.006250   720.1   39.3   15.7 0.000
242.493750 242.504167   733.1   40.0   15.9 0.000
242.994444 243.004861   777.8   42.3   16.7 0.000
243.503472 243.513889   733.3   40.0   15.9 0.000
244.004167 244.014583   692.9   37.8   15.1 0.000
244.491667 244.502083   649.1   35.4   14.2 0.000
244.993056 245.003472   638.8   34.9   14.0 0.000
245.496528 245.506944   658.8   36.0   14.4 0.000
245.997222 246.007639   680.1   37.1   14.8 0.000
246.497222 246.507639   705.6   38.5   15.3 0.000
246.997222 247.007639   720.2   39.2   15.6 0.000
247.497917 247.508333   706.6   38.5   15.3 0.000
247.997917 248.008333   734.7   40.0   15.8 0.000
248.498611 248.509028   724.7   39.5   15.6 0.000
248.998611 249.009028   712.6   38.8   15.4 0.000
249.497222 249.507639   771.8   42.0   16.6 0.000
249.997222 250.007639   769.2   41.9   16.5 0.000
250.493750 250.504167   775.3   42.2   16.7 0.000
250.994444 251.004861   819.4   44.6   17.6 0.000
251.495833 251.506250   898.5   48.8   19.1 0.000
251.996528 252.006944  1015.3   55.1   21.4 0.000
252.494444 252.504861   919.2   49.9   19.5 0.000
252.995139 253.005556  1150.0   62.3   24.1 0.000
253.495139 253.505556  1005.1   54.6   21.2 0.000
253.995833 254.006250   984.2   53.4   20.8 0.000
254.497222 254.507639  1053.2   57.1   22.1 0.000
254.997917 255.008333  1119.5   60.7   23.4 0.000
255.499306 255.509722   783.9   42.7   16.9 0.000
256.000000 256.010417   805.1   43.9   17.5 0.000
256.494444 256.504861   913.1   49.7   19.6 0.000
256.995833 257.006250   848.4   46.3   18.5 0.000
257.493056 257.503472   956.2   51.9   20.3 0.000
257.994444 258.004861   846.2   46.0   18.1 0.000
258.495139 258.505556  1054.9   57.3   22.3 0.000
258.996528 259.006944  1057.3   57.5   22.6 0.000
259.496528 259.506944 99999.9 9999.9 9999.9 0.999
260.494444 260.504861  1114.8   60.5   23.6 0.000
260.993750 261.004167  1379.0   74.7   28.8 0.000
261.493750 261.504167  1109.0   60.2   23.5 0.000
261.994444 262.004861  1049.3   57.1   22.4 0.000
262.494444 262.504861  1108.1   60.2   23.6 0.000
262.995139 263.005556  1202.0   65.3   25.5 0.000
263.496528 263.506944  1087.6   59.1   23.2 0.000
263.996528 264.006944  1143.1   62.1   24.3 0.000
264.495833 264.506250  1128.6   61.3   24.1 0.000
264.995833 265.006250  1123.1   61.1   24.1 0.000
265.495833 265.506250  1062.1   57.9   23.0 0.000
265.995833 266.006250  1054.6   57.4   22.8 0.000
266.495139 266.505556  1055.9   57.5   22.9 0.000
266.995833 267.006250   806.9   44.2   18.1 0.000
267.495139 267.505556   933.9   51.0   20.5 0.000
267.995139 268.005556   945.9   51.6   20.7 0.000
268.495833 268.506250   944.1   51.6   20.7 0.000
268.996528 269.006944   966.1   52.7   21.1 0.000
269.496528 269.506944   933.5   51.0   20.5 0.000
269.997222 270.007639   980.0   53.5   21.4 0.000
270.495139 270.505556   864.4   47.3   19.1 0.000
270.995833 271.006250   912.3   49.8   20.0 0.000
271.496528 271.506944   877.5   47.9   19.3 0.000
271.997917 272.008333  1189.8   64.7   25.4 0.000
272.495139 272.505556  1002.5   54.6   21.7 0.000
272.995833 273.006250  1037.0   56.2   21.6 0.000
273.495139 273.505556  1040.8   56.3   21.6 0.000
273.995833 274.006250   869.5   47.1   18.2 0.000
274.495139 274.505556   875.0   47.4   18.3 0.000
274.996528 275.006944  1103.5   59.7   22.9 0.000
275.497222 275.507639   959.4   52.0   20.1 0.000
275.998611 276.009028   929.6   50.4   19.5 0.000
276.500000 276.510417   860.1   46.7   18.2 0.000
277.000694 277.011111   933.0   50.6   19.6 0.000
277.494444 277.504861   898.9   48.7   18.7 0.000
277.994444 278.004861   734.8   39.9   15.5 0.000
278.495833 278.506250   892.0   48.3   18.6 0.000
278.995833 279.006250   627.9   34.1   13.4 0.000
279.500000 279.510417   700.6   38.0   14.8 0.000
280.000694 280.011111   544.7   29.7   11.7 0.000
280.494444 280.504861   745.7   40.5   15.7 0.000
280.994444 281.004861   718.9   39.0   15.2 0.000
281.495139 281.505556   733.6   39.9   15.6 0.000
281.995139 282.005556  1149.3   62.2   23.7 0.000
282.495833 282.506250   824.9   44.7   17.2 0.000
282.995833 283.006250   923.9   50.0   19.2 0.000
283.495833 283.506250  1109.1   60.0   22.9 0.000
283.996528 284.006944  1031.8   55.8   21.4 0.000
284.493750 284.504167  1027.1   55.6   21.3 0.000
284.993750 285.004167  1064.8   57.7   22.3 0.000
285.492361 285.502778  1079.2   58.5   22.5 0.000
285.993056 286.003472  1011.5   54.8   21.1 0.000
286.495139 286.505556  1008.3   54.6   21.0 0.000
286.995833 287.006250  1121.9   60.7   23.2 0.000
287.497222 287.507639  1177.1   63.7   24.4 0.000
287.997222 288.007639  1242.8   67.2   25.7 0.000
288.495833 288.506250  1112.3   60.2   23.1 0.000
288.996528 289.006944  1264.7   68.4   26.1 0.000
289.497917 289.508333  1306.8   70.7   27.0 0.000
289.998611 290.009028  1175.8   63.6   24.3 0.000
290.499306 290.509722  1173.2   63.5   24.2 0.000
291.000000 291.010417  1180.1   63.8   24.4 0.000
291.493750 291.504167  1201.9   65.0   24.8 0.000
291.995139 292.005556  1198.0   64.8   24.8 0.000
292.493056 292.503472  1285.7   69.5   26.5 0.000
292.992361 293.002778   978.9   53.0   20.4 0.000
293.495139 293.505556  1198.7   64.8   24.8 0.000
293.995139 294.005556  1163.9   63.0   24.1 0.000
294.496528 294.506944  1415.8   76.5   29.1 0.000
294.996528 295.006944  1159.4   62.7   24.0 0.000
295.495139 295.505556  1253.5   67.8   25.8 0.000
295.995139 296.005556  1203.6   65.1   24.8 0.000
296.495139 296.505556  1261.1   68.2   26.0 0.000
296.995139 297.005556   977.2   52.9   20.3 0.000
297.495139 297.505556   783.6   42.5   16.4 0.000
297.995139 298.005556   990.4   53.6   20.5 0.000
298.492361 298.502778   992.5   53.7   20.6 0.000
298.992361 299.002778  1126.7   61.0   23.3 0.000
299.494444 299.504861  1065.3   57.7   22.1 0.000
299.994444 300.004861  1096.8   59.3   22.7 0.000
300.547917 300.558333  1062.8   57.5   22.0 0.000
300.993056 301.003472  1057.1   57.2   21.9 0.000
301.493056 301.503472  1326.8   71.7   27.3 0.000
301.993750 302.004167  1883.7  101.8   38.5 0.559
302.493750 302.504167  1617.4   87.4   33.1 0.000
302.994444 303.004861  1557.1   84.1   31.9 0.000
303.495139 303.505556  1617.2   87.4   33.1 0.000
303.995833 304.006250  1361.6   73.6   27.8 0.000
304.496528 304.506944  1137.0   61.5   23.3 0.000
304.996528 305.006944   846.0   45.8   17.5 0.000
305.494444 305.504861   913.6   49.4   18.9 0.000
305.995139 306.005556  1051.6   56.9   21.7 0.000
306.502778 306.513194  1135.2   61.4   23.3 0.000
307.003472 307.013889  1136.4   61.5   23.4 0.000
307.490972 307.501389  1275.6   68.9   26.1 0.000
307.990278 308.000694  1238.5   66.9   25.4 0.000
308.518750 308.529167  1231.0   66.5   25.2 0.000
309.019444 309.029861  1219.9   65.9   25.1 0.000
309.495139 309.505556  1267.2   68.5   26.0 0.000
309.995139 310.005556  1301.9   70.4   26.8 0.000
