data/obs/c2h6/WDCGG/event/DE0054R.20160103233000.20170601150755.steel_canister.ethane.air.1y.84h.DE03L_UBA_Zs_AuC_0002.DE28L_UBA_Sm_GCF_0001.lev2.nas
67 1001
Wallasch, Markus
DE03L, Umweltbundesamt, UBA-LA, Langen, Paul-Ehrlich-Str. 29, , 63225, Langen, Germany
Penzlin, Anke
ACTRIS GAW-WDCRG
1 1
2016 01 01 2017 06 01
0
days from file reference point
3
1 1 1
999 99999 9.999
end_time of measurement, days from the file reference point
ethane, pmol/mol
numflag ethane, no unit
0
50
Data definition:              EBAS_1.1
Set type code:                TI
Timezone:                     UTC
File name:                    DE0054R.20160103233000.20170601150755.steel_canister.ethane.air.1y.84h.DE03L_UBA_Zs_AuC_0002.DE28L_UBA_Sm_GCF_0001.lev2.nas
File creation:                20190306184600
Startdate:                    20160103233000
Revision date:                20170601150755
Version:                      2
Version description:          second revision, automatically generated after implementation of ACTRIS suggestions
Statistics:                   arithmetic mean
Data level:                   2
Period code:                  1y
Resolution code:              84h
Sample duration:              30mn
Orig. time res.:              30mn
Station code:                 DE0054R
Platform code:                DE0054S
Station name:                 Zugspitze-Schneefernerhaus
Station WDCA-ID:              GAWADE__ZSF
Station GAW-ID:               ZSF
Station GAW-Name:             Zugspitze-Schneefernerhaus
Station land use:             Gravel and stone
Station setting:              Mountain
Station GAW type:             G
Station WMO region:           6
Station latitude:             47.4165
Station longitude:            10.97964
Station altitude:             2671.0m
Measurement height:           5.0m
Regime:                       IMG
Component:                    ethane
Unit:                         pmol/mol
Matrix:                       air
Instrument type:              steel_canister
Laboratory code:              DE03L
Instrument name:              UBA_Zs_AuC_0002
Instrument manufacturer:      Riemer
Instrument model:             AUTOCAN 2_4
Method ref:                   DE28L_UBA_Sm_GCF_0001
Standard method:              None
Inlet type:                   Hat or hood
Detection limit:              5.0 pmol/mol
Detection limit expl.:        Estimated, values below detection limit are flagged with 780.
Measurement uncertainty expl.: Not determined
Zero/negative values code:    Zero/negative impossible
Zero/negative values:         Values below 1 ppt are not reported by the instrument.
Originator:                   Wallasch, Markus, , , , , , , , , 
Submitter:                    Penzlin, Anke, anke.penzlin@uba.de, Umweltbundesamt Langen, UBA, Air Monitoring Network, Paul-Ehrlich-Str. 29, , 63225, Langen, Germany
Acknowledgement:              Request acknowledgement details from data originator
starttime endtime C2H6 flag_C2H6
  2.979167   3  1852 0.000
  5.979167   6  2080 0.000
  9.979167  10  2162 0.000
 12.979167  13  2200 0.000
 16.979167  17  1941 0.000
 19.979167  20  2168 0.000
 23.979167  24  1338 0.000
 26.979167  27  1271 0.000
 30.979167  31  1409 0.000
 33.979167  34  2498 0.000
 37.979167  38 99999 0.999
 40.979167  41  2356 0.000
 44.979167  45  3144 0.000
 47.979167  48  2590 0.000
 51.979167  52  1647 0.000
 54.979167  55 99999 0.999
 58.979167  59 99999 0.999
 61.979167  62  3554 0.000
 65.979167  66  2123 0.000
 68.979167  69  2436 0.000
 72.979167  73  2293 0.000
 75.979167  76  2485 0.000
 79.979167  80  2498 0.000
 82.979167  83  1881 0.000
 86.979167  87  2216 0.000
 89.979167  90  1976 0.000
 93.979167  94  1664 0.000
 96.979167  97  2054 0.000
100.979167 101 99999 0.999
103.979167 104  1861 0.000
107.979167 108  2205 0.000
110.979167 111 99999 0.999
114.979167 115  1914 0.000
117.979167 118  1934 0.000
121.979167 122  1697 0.000
124.979167 125  1784 0.000
128.979167 129  1376 0.000
131.979167 132  1565 0.000
135.979167 136  1638 0.000
138.979167 139  1618 0.000
142.979167 143  1572 0.000
145.979167 146  1527 0.000
149.979167 150  1387 0.000
152.979167 153  1254 0.000
156.979167 157 99999 0.999
159.979167 160  1277 0.000
163.979167 164  1057 0.000
166.979167 167  1052 0.000
170.979167 171  1056 0.000
173.979167 174   600 0.000
177.979167 178   949 0.000
180.979167 181  1014 0.000
184.979167 185   824 0.000
187.979167 188   826 0.000
191.979167 192   861 0.000
194.979167 195   797 0.000
198.979167 199   497 0.000
201.979167 202   514 0.000
205.979167 206   792 0.000
208.979167 209   729 0.000
212.979167 213   724 0.000
215.979167 216 99999 0.999
219.979167 220   625 0.000
222.979167 223   952 0.000
226.979167 227   583 0.000
229.979167 230   806 0.000
233.979167 234   706 0.000
236.979167 237   570 0.000
240.979167 241   768 0.000
243.979167 244   820 0.000
247.979167 248 99999 0.999
250.979167 251   870 0.000
254.979167 255   834 0.000
257.979167 258   970 0.000
261.979167 262   844 0.000
264.979167 265   718 0.000
268.979167 269   863 0.000
271.979167 272   790 0.000
275.979167 276   896 0.000
278.979167 279   969 0.000
282.979167 283  1236 0.000
285.979167 286  1463 0.000
289.979167 290  1187 0.000
292.979167 293  1321 0.000
296.979167 297  1121 0.000
299.979167 300  1292 0.000
303.979167 304   748 0.000
306.979167 307  1427 0.000
310.979167 311  1546 0.000
313.979167 314  1389 0.000
317.979167 318  1265 0.000
320.979167 321   854 0.000
324.979167 325 99999 0.999
327.979167 328  1135 0.000
331.979167 332 99999 0.999
334.979167 335 99999 0.999
338.979167 339  1334 0.000
341.979167 342  1149 0.000
345.979167 346  1658 0.000
348.979167 349 99999 0.999
352.979167 353 99999 0.999
355.979167 356  1221 0.000
359.979167 360 99999 0.999
362.979167 363  1534 0.000
