data/obs/c2h6/WDCGG/event/DE0043G.20170101115100.20180207000000.online_gc.ethane.air.1y.12h.DE09L_Varian_GC-3800-FID_HPB_C2-C8-hydrocarb.DE09L_Measurements_of_Hydrocarbons_GC-3800.lev2.nas
74 1001
Claude, Anja; Kubistin, Dagmar
DE09L, Deutscher Wetterdienst, DWD, Met. Obs., Hohenspeissenberg, , 82283, Hohenspeissenberg, Germany
Claude, Anja
ACTRIS EMEP GAW-WDCRG
1 1
2017 01 01 2018 02 07
0
days from file reference point
5
1 1 1 1 1
999.999999 99999.9 9999.9 9999.9 9.999
end_time of measurement, days from the file reference point
ethane, pmol/mol, Statistics=arithmetic mean
ethane, pmol/mol, Statistics=expanded uncertainty 2sigma
ethane, pmol/mol, Statistics=precision
numflag, no unit
0
55
Data definition:              EBAS_1.1
Set type code:                TI
Timezone:                     UTC
File name:                    DE0043G.20170101115100.20180207000000.online_gc.ethane.air.1y.12h.DE09L_Varian_GC-3800-FID_HPB_C2-C8-hydrocarb.DE09L_Measurements_of_Hydrocarbons_GC-3800.lev2.nas
File creation:                20190306184600
Startdate:                    20170101115100
Revision date:                20180207000000
Version:                      1
Version description:          initial revision, manually inspected
Data level:                   2
Period code:                  1y
Resolution code:              12h
Sample duration:              15mn
Orig. time res.:              15mn
Station code:                 DE0043G
Platform code:                DE0043S
Station name:                 Hohenpeissenberg
Station WDCA-ID:              GAWADE__HPB
Station GAW-ID:               HPB
Station GAW-Name:             Hohenpeissenberg
Station land use:             Grassland
Station setting:              Mountain
Station GAW type:             G
Station WMO region:           6
Station latitude:             47.8014984131
Station longitude:            11.0096197128
Station altitude:             985.0m
Measurement altitude:         1000.0m
Measurement height:           15.0m
Regime:                       IMG
Component:                    ethane
Unit:                         pmol/mol
Matrix:                       air
Instrument type:              online_gc
Laboratory code:              DE09L
Instrument name:              Varian_GC-3800-FID_HPB_C2-C8-hydrocarb
Instrument manufacturer:      Varian
Instrument model:             GC-3800
Instrument serial number:     104633
Method ref:                   DE09L_Measurements_of_Hydrocarbons_GC-3800
Standard method:              SOP=ACTRIS_VOC_2014
Calibration scale:            NPL
Calibration standard ID:      Manufacturer NPL (quantum passivated cylinder form Air products); Batch D910379
Inlet type:                   Hat or hood
Inlet description:            Downward facing with hood
Detection limit expl.:        Determined by multiple peak integration of zero gas measurements, detection limit flag 147 is used for values under detection  limit defined as 3-sigma precision
Measurement uncertainty expl.: "Includes reproducibility (precision) + systematic errors (accuracy). Ref:http://www.atmos-meas-tech.net/8/2715/2015/"
Zero/negative values code:    Zero/negative possible
Zero/negative values:         Zero and neg. values may appear due to statistical variations at very low concentrations
Originator:                   Claude, Anja, anja.claude@dwd.de, Deutscher Wetterdienst, DWD, Hohenpeissenberg Meteorological Observatory, Albin-Schwaiger-Weg 10, , D-82383, Hohenpeissenberg, Germany
Originator:                   Kubistin, Dagmar, dagmar.kubistin@dwd.de, Deutscher Wetterdienst, DWD, Hohenpeissenberg Meteorological Observatory, Albin-Schwaiger-Weg 10, , D-82383, Hohenpeissenberg, Germany
Submitter:                    Claude, Anja, anja.claude@dwd.de, Deutscher Wetterdienst, DWD, Hohenpeissenberg Meteorological Observatory, Albin-Schwaiger-Weg 10, , D-82383, Hohenpeissenberg, Germany
Acknowledgement:              Request acknowledgement details from data originator
Comment:                      "preconcentration on glass beeds (-197\B0C), o3 removed, cryo-dryer at -40\B0C, 2 week calibration interval, two targets used (second target: Aluminium cylinder (Luxfer) filled with compressed ambient air (RIX compressor); Batch Referenzluft_15RIX )"
starttime endtime C2H6 C2H6 C2H6 flag
  0.493750   0.504167  1874.4   53.4   38.0 0.000
  0.993056   1.003472  1999.8   56.9   40.5 0.000
  1.494444   1.504861  2017.6   57.4   40.9 0.000
  1.993750   2.004167  2544.7   72.4   51.5 0.000
  2.493750   2.504167  2467.9   70.2   50.0 0.000
  2.993750   3.004167  2188.1   62.3   44.3 0.000
  3.495833   3.506250  1978.8   56.3   40.1 0.000
  3.995833   4.006250  2411.2   68.6   48.8 0.000
  4.493750   4.504167  2138.4   60.9   43.3 0.000
  4.993750   5.004167  2349.5   66.9   47.6 0.000
  5.493056   5.503472  2308.2   65.7   46.7 0.000
  5.993056   6.003472  2314.5   65.9   46.9 0.000
  6.493056   6.503472  1794.4   51.1   36.3 0.000
  6.993056   7.003472  1873.4   53.3   37.9 0.000
  7.493056   7.503472  2512.8   71.5   50.9 0.000
  7.993056   8.003472  2734.8   77.8   55.4 0.000
  8.494444   8.504861  2516.7   71.6   50.9 0.000
  8.994444   9.004861  2275.0   64.7   46.1 0.000
  9.493750   9.504167  1946.8   55.4   39.4 0.000
  9.993750  10.004167  2502.8   71.2   50.7 0.000
 10.495833  10.506250  2165.0   61.6   43.8 0.000
 10.995833  11.006250  1968.8   56.0   39.9 0.000
 11.498611  11.509028  1982.6   56.4   40.1 0.000
 11.998611  12.009028  1509.4   43.0   30.6 0.000
 12.494444  12.504861  2083.3   59.3   42.2 0.000
 12.994444  13.004861  2065.5   58.8   41.8 0.000
 13.493750  13.504167  2201.6   62.7   44.6 0.000
 13.993750  14.004167  2251.7   64.1   45.6 0.000
 14.493750  14.504167  2266.1   64.5   45.9 0.000
 14.993750  15.004167  2492.1   70.9   50.4 0.000
 15.534028  15.544444  2544.6   72.4   51.5 0.000
 15.993056  16.003472  2819.4   80.2   57.1 0.000
 16.495139  16.505556  2709.2   77.1   54.8 0.000
 16.995139  17.005556  2693.4   76.6   54.5 0.000
 17.494444  17.504861  2818.3   80.2   57.0 0.000
 17.994444  18.004861  2976.0   84.7   60.2 0.000
 18.537500  18.547917  3143.9   89.5   63.6 0.000
 19.036806  19.047222  2554.1   72.7   51.7 0.000
 19.494444  19.504861  3441.9   97.9   69.6 0.000
 19.994444  20.004861  2197.2   62.5   44.5 0.000
 20.494444  20.504861  2178.4   62.0   44.1 0.000
 20.994444  21.004861  2087.5   59.4   42.3 0.000
 21.494444  21.504861  2125.6   60.5   43.0 0.000
 21.993750  22.004167  2143.1   61.0   43.4 0.000
 22.494444  22.504861  2316.2   65.9   46.9 0.000
 22.993750  23.004167  4819.4  137.1   97.5 0.000
 23.493750  23.504167  4257.3  121.1   86.1 0.000
 23.993750  24.004167  4005.6  114.0   81.0 0.000
 24.493750  24.504167  4369.5  124.3   88.4 0.000
 24.993750  25.004167  3245.7   92.3   65.7 0.000
 25.493750  25.504167  2803.2   79.8   56.7 0.000
 25.993750  26.004167  1485.1   42.3   30.1 0.000
 26.494444  26.504861  1640.9   46.7   33.2 0.000
 26.994444  27.004861  1759.0   50.1   35.6 0.000
 27.494444  27.504861  1985.4   56.5   40.2 0.000
 27.994444  28.004861  1966.1   56.0   39.8 0.000
 28.267361  28.277778  2189.2   62.3   44.3 0.000
 28.316667  28.327083  2202.6   62.7   44.6 0.000
 28.365972  28.376389  2270.6   64.6   46.0 0.000
 28.415972  28.426389  2340.5   66.6   47.4 0.000
 28.500000  28.510417  2289.0   65.1   46.3 0.000
 28.584722  28.595139  2388.6   68.0   48.4 0.000
 28.668750  28.679167  2306.5   65.6   46.7 0.000
 28.753472  28.763889  2374.7   67.6   48.1 0.000
 28.802083  28.812500  2374.3   67.6   48.1 0.000
 28.851389  28.861806  2360.5   67.2   47.8 0.000
 28.900694  28.911111  2355.6   67.0   47.7 0.000
 28.990972  29.001389  2257.8   64.3   45.7 0.000
 29.075694  29.086111  2187.3   62.2   44.3 0.000
 29.159722  29.170139  2191.3   62.4   44.4 0.000
 29.245139  29.255556  2260.5   64.3   45.8 0.000
 29.494444  29.504861  2136.8   60.8   43.3 0.000
 29.994444  30.004861  2005.7   57.1   40.6 0.000
 30.493056  30.503472  2427.6   69.1   49.1 0.000
 30.993750  31.004167  2916.0   83.0   59.0 0.000
 31.494444  31.504861  2515.2   83.4   66.5 0.000
 31.994444  32.004861  1598.8   53.0   42.3 0.000
 32.494444  32.504861  1789.6   59.4   47.4 0.559
 32.994444  33.004861  1764.8   58.5   46.7 0.000
 33.494444  33.504861  2155.7   71.5   57.0 0.000
 33.994444  34.004861  2167.9   71.9   57.4 0.000
 34.493056  34.503472  2210.9   73.3   58.5 0.000
 34.993750  35.004167  1968.8   65.3   52.1 0.000
 35.493056  35.503472  2158.2   71.6   57.1 0.000
 35.993056  36.003472  2258.2   74.9   59.7 0.000
 36.493056  36.503472  2339.6   77.6   61.9 0.000
 36.993056  37.003472  2369.7   78.6   62.7 0.000
 37.498611  37.509028  2162.1   71.7   57.2 0.000
 37.997917  38.008333  2415.7   80.1   63.9 0.000
 38.493056  38.503472  2995.8   99.3   79.2 0.000
 38.993056  39.003472  2775.4   92.0   73.4 0.000
 39.493750  39.504167  3778.4  125.3   99.9 0.000
 39.993750  40.004167  3699.4  122.7   97.8 0.000
 40.493056  40.503472  3236.2  107.3   85.6 0.000
 40.993056  41.003472  2354.7   78.1   62.3 0.000
 41.493056  41.503472  2542.1   84.3   67.2 0.000
 41.993056  42.003472  2265.4   75.1   59.9 0.000
 42.493056  42.503472  3850.6  127.7  101.8 0.000
 42.993056  43.003472  4067.0  134.8  107.6 0.000
 43.493056  43.503472  3770.0  125.0   99.7 0.000
 43.993056  44.003472  2708.8   89.8   71.7 0.000
 44.493056  44.503472  2213.2   73.4   58.5 0.000
 44.993056  45.003472  2071.0   68.7   54.8 0.000
 45.493056  45.503472  1869.2   62.0   49.5 0.000
 45.993056  46.003472  1772.1   58.8   46.9 0.000
 46.495833  46.506250  1939.9   64.3   51.3 0.000
 46.995139  47.005556  1744.7   57.9   46.2 0.000
 47.497917  47.508333  2355.9   78.1   62.3 0.000
 47.997917  48.008333  2287.6   75.9   60.5 0.000
 48.497222  48.507639  2569.5   85.2   68.0 0.000
 48.996528  49.006944  2613.5   86.7   69.1 0.000
 49.496528  49.506944  2131.2   70.7   56.4 0.000
 49.996528  50.006944  2465.9   81.8   65.2 0.000
 50.493056  50.503472  2305.3   76.5   61.0 0.000
 50.993056  51.003472  1940.6   64.4   51.4 0.000
 51.495139  51.505556  1787.4   59.3   47.3 0.000
 51.995139  52.005556  1600.1   53.1   42.4 0.000
 52.494444  52.504861  1406.8   46.7   37.2 0.000
 52.994444  53.004861  1397.1   46.4   37.0 0.000
 53.493750  53.504167   694.6   23.1   18.5 0.000
 53.993750  54.004167  1559.0   51.7   41.3 0.000
 54.493056  54.503472  2171.0   72.0   57.4 0.000
 54.993056  55.003472  2256.1   74.8   59.7 0.000
 55.493056  55.503472  2269.9   75.3   60.1 0.000
 55.993056  56.003472  2051.2   68.0   54.3 0.000
 56.493056  56.503472  2010.7   66.7   53.2 0.000
 56.993056  57.003472  1928.0   63.9   51.0 0.000
 57.493750  57.504167  2014.4   66.8   53.3 0.000
 57.993750  58.004167  1935.3   64.2   51.2 0.000
 58.494444  58.504861  1964.1   65.1   52.0 0.000
 58.993750  59.004167  2079.7   69.0   55.0 0.000
 59.538889  59.549306  2061.5   58.7   41.7 0.000
 59.989583  60.000000  1870.9   53.3   37.9 0.000
 60.493056  60.503472  2165.4   61.6   43.8 0.000
 60.992361  61.002778  2320.4   66.0   47.0 0.000
 61.494444  61.504861  2305.2   65.6   46.7 0.000
 61.994444  62.004861  1723.7   49.1   34.9 0.000
 62.494444  62.504861  1640.7   46.7   33.2 0.000
 62.994444  63.004861  2096.4   59.7   42.4 0.000
 63.494444  63.504861  2152.3   61.3   43.6 0.000
 63.994444  64.004861  2128.5   60.6   43.1 0.000
 64.493750  64.504167  2079.5   59.2   42.1 0.000
 64.993750  65.004167  2259.5   64.3   45.7 0.000
 65.494444  65.504861  2480.1   70.6   50.2 0.000
 65.994444  66.004861  2483.0   70.7   50.3 0.000
 66.078472  66.088889  2414.7   68.7   48.9 0.000
 66.161806  66.172222  2381.0   67.8   48.2 0.000
 66.211111  66.221528  2375.5   67.6   48.1 0.000
 66.261111  66.271528  2366.6   67.3   47.9 0.000
 66.309722  66.320139  2368.7   67.4   48.0 0.000
 66.359028  66.369444  2378.7   67.7   48.2 0.000
 66.408333  66.418750  2352.4   66.9   47.6 0.000
 66.497917  66.508333  2323.0   66.1   47.0 0.000
 66.581944  66.592361  2321.2   66.1   47.0 0.000
 66.665972  66.676389  2264.2   64.4   45.8 0.000
 66.715278  66.725694  2159.4   61.5   43.7 0.000
 66.764583  66.775000  2102.1   59.8   42.6 0.000
 66.813889  66.824306  1923.3   54.7   39.0 0.000
 66.886111  66.896528  1830.6   52.1   37.1 0.000
 67.005556  67.015972  1724.8   49.1   34.9 0.000
 67.536111  67.546528  1690.0   48.1   34.2 0.000
 67.993750  68.004167  1867.7   53.2   37.8 0.000
 68.495833  68.506250  2319.2   66.0   46.9 0.000
 68.995833  69.006250  2323.6   66.1   47.0 0.000
 69.495833  69.506250  2279.1   64.9   46.1 0.000
 69.995833  70.006250  2285.1   65.0   46.3 0.000
 70.495833  70.506250  2204.2   62.7   44.6 0.000
 70.995139  71.005556  2470.8   70.3   50.0 0.000
 71.494444  71.504861  2287.8   65.1   46.3 0.000
 71.994444  72.004861  2361.6   67.2   47.8 0.000
 72.495139  72.505556  2103.2   59.9   42.6 0.000
 72.995139  73.005556  2497.6   71.1   50.5 0.000
 73.493750  73.504167  2381.8   67.8   48.2 0.000
 73.993750  74.004167  2556.6   72.7   51.7 0.000
 74.494444  74.504861  2181.6   62.1   44.2 0.000
 74.994444  75.004861  2077.4   59.1   42.1 0.000
 75.494444  75.504861  1882.4   53.6   38.1 0.000
 75.994444  76.004861  2156.5   61.4   43.7 0.000
 76.494444  76.504861  1815.9   51.7   36.8 0.000
 76.994444  77.004861  1850.2   52.7   37.5 0.000
 77.494444  77.504861  1614.6   46.0   32.7 0.000
 77.994444  78.004861  1554.8   44.3   31.5 0.000
 78.494444  78.504861  1552.3   44.2   31.5 0.000
 78.994444  79.004861  1775.7   50.5   36.0 0.000
 79.494444  79.504861  1677.3   47.7   34.0 0.000
 79.993750  80.004167  1951.1   55.5   39.5 0.000
 80.493750  80.504167  1922.8   54.7   38.9 0.000
 80.993750  81.004167  1919.5   54.6   38.9 0.000
 81.495139  81.505556  1906.4   54.3   38.6 0.000
 81.995139  82.005556  2180.9   62.1   44.1 0.000
 82.493750  82.504167  2269.7   64.6   45.9 0.000
 82.993750  83.004167  2270.0   64.6   45.9 0.000
 83.493750  83.504167  2323.0   66.1   47.0 0.000
 83.993750  84.004167  2518.3   71.7   51.0 0.000
 84.493750  84.504167  2282.1   64.9   46.2 0.000
 84.993750  85.004167  2171.2   61.8   43.9 0.000
 85.493750  85.504167  2060.7   58.6   41.7 0.000
 85.993750  86.004167  2028.6   57.7   41.1 0.000
 86.077083  86.087500  1929.5   54.9   39.1 0.000
 86.159722  86.170139  1844.7   52.5   37.4 0.000
 86.209722  86.220139  1837.6   52.3   37.2 0.000
 86.259028  86.269444  1795.1   51.1   36.4 0.000
 86.307639  86.318056  1852.8   52.7   37.5 0.000
 86.357639  86.368056  1919.1   54.6   38.9 0.000
 86.406250  86.416667  1964.7   55.9   39.8 0.000
 86.493056  86.503472  1900.4   54.1   38.5 0.000
 86.575694  86.586111  1799.5   51.2   36.4 0.000
 86.659028  86.669444  1842.2   52.4   37.3 0.000
 86.708333  86.718750  1846.3   52.6   37.4 0.000
 86.757639  86.768056  1846.6   52.6   37.4 0.000
 86.806944  86.817361  1866.7   53.1   37.8 0.000
 86.879861  86.890278  1837.5   52.3   37.2 0.000
 86.992361  87.002778  1796.0   51.1   36.4 0.000
 87.495833  87.506250  1900.8   54.1   38.5 0.000
 87.995833  88.006250  1814.3   51.6   36.7 0.000
 90.495139  90.505556  1676.2   88.7   82.1 0.000
 90.995139  91.005556  1764.2   93.4   86.4 0.000
 91.495139  91.505556  1745.8   92.4   85.5 0.000
 91.995139  92.005556  1698.8   89.9   83.2 0.000
 92.495139  92.505556  1668.1   88.3   81.7 0.000
 92.995139  93.005556  1629.3   86.2   79.8 0.000
 93.494444  93.504861  1921.3  101.7   94.1 0.000
 93.994444  94.004861  1926.4  101.9   94.4 0.000
 94.494444  94.504861  1871.2   99.0   91.7 0.000
 95.504167  95.514583  2035.0  107.7   99.7 0.000
 96.004167  96.014583  2046.2  108.3  100.3 0.000
 96.495139  96.505556  1939.8  102.7   95.0 0.000
 96.995139  97.005556  2396.7  126.8  117.4 0.000
 97.495139  97.505556  1941.8  102.8   95.1 0.000
 97.995139  98.005556  1966.3  104.1   96.3 0.000
 98.495139  98.505556  1502.2   79.5   73.6 0.000
 98.995139  99.005556  1247.6   66.0   61.1 0.000
 99.495139  99.505556  1256.9   66.5   61.6 0.000
 99.995139 100.005556  1930.2  102.1   94.6 0.000
100.495833 100.506250  1940.4  102.7   95.1 0.000
100.995833 101.006250  2013.0  106.5   98.6 0.000
101.495833 101.506250  1834.0   97.1   89.9 0.000
101.995833 102.006250  1871.6   99.0   91.7 0.000
102.495139 102.505556  1939.3  102.6   95.0 0.000
102.995139 103.005556  1951.0  103.2   95.6 0.000
103.495833 103.506250  1964.9  104.0   96.3 0.000
103.995833 104.006250  2036.1  107.7   99.8 0.000
104.495833 104.506250  1833.2   97.0   89.8 0.000
104.995833 105.006250  1908.9  101.0   93.5 0.000
105.495833 105.506250  1991.0  105.4   97.5 0.000
105.996528 106.006944  1956.3  103.5   95.8 0.000
106.496528 106.506944  1869.5   98.9   91.6 0.000
106.997222 107.007639  2203.2  116.6  107.9 0.000
107.495139 107.505556  2084.4  110.3  102.1 0.000
107.995833 108.006250  2257.2  119.4  110.6 0.000
108.495139 108.505556  2194.9  116.2  107.5 0.000
108.995139 109.005556  2153.6  114.0  105.5 0.000
109.078472 109.088889  2193.1  116.1  107.4 0.000
109.161806 109.172222  2245.4  118.8  110.0 0.000
109.210417 109.220833  2278.2  120.6  111.6 0.000
109.259722 109.270139  2260.2  119.6  110.7 0.000
109.309028 109.319444  2277.9  120.5  111.6 0.000
109.358333 109.368750  2220.7  117.5  108.8 0.000
109.407639 109.418056  2101.3  111.2  102.9 0.000
109.494444 109.504861  2087.9  110.5  102.3 0.000
109.577778 109.588194  2073.2  109.7  101.6 0.000
109.660417 109.670833  2113.6  111.8  103.6 0.000
109.709722 109.720139  2121.0  112.2  103.9 0.000
109.759028 109.769444  2101.5  111.2  103.0 0.000
109.807639 109.818056  2101.8  111.2  103.0 0.000
109.880556 109.890972  2095.8  110.9  102.7 0.000
109.993750 110.004167  2047.6  108.4  100.3 0.000
110.494444 110.504861  1923.4  101.8   94.2 0.000
110.994444 111.004861  1827.2   96.7   89.5 0.000
111.495139 111.505556  1537.1   81.4   75.3 0.000
111.995139 112.005556  1968.7  104.2   96.5 0.000
112.495833 112.506250  2035.3  107.7   99.7 0.000
112.995833 113.006250  1993.0  105.5   97.6 0.000
113.495833 113.506250  1819.9   96.3   89.2 0.000
113.995833 114.006250  1521.6   80.5   74.6 0.000
114.495139 114.505556  1603.3   84.8   78.6 0.000
114.995833 115.006250  1669.5   88.4   81.8 0.000
115.495833 115.506250  2017.4  106.8   98.8 0.000
115.996528 116.006944  2079.8  110.1  101.9 0.000
116.495833 116.506250  2083.3  110.2  102.1 0.000
116.996528 117.006944  2182.0  115.5  106.9 0.000
117.496528 117.506944  2158.9  114.2  105.8 0.000
117.997222 118.007639  1927.0  102.0   94.4 0.000
118.497917 118.508333  1732.1   91.7   84.9 0.000
118.997917 119.008333  1732.0   91.7   84.9 0.000
119.498611 119.509028  1739.8   92.1   85.2 0.000
119.998611 120.009028  1721.2   91.1   84.3 0.000
120.499306 120.509722  1761.2   50.1   35.7 0.000
121.000000 121.010417  1739.2   49.5   35.2 0.000
121.495139 121.505556  1677.4   47.7   34.0 0.000
121.995833 122.006250  1778.5   50.6   36.0 0.000
122.494444 122.504861  1700.2   48.4   34.4 0.000
122.995139 123.005556  1705.6   48.6   34.5 0.000
123.494444 123.504861  1653.7   47.1   33.5 0.000
123.994444 124.004861  1655.5   47.1   33.5 0.000
124.494444 124.504861  1682.4   47.9   34.1 0.000
124.994444 125.004861  1712.1   48.7   34.7 0.000
125.494444 125.504861  1698.3   48.3   34.4 0.000
125.994444 126.004861  1532.2   43.6   31.0 0.000
126.493750 126.504167  1591.2   45.3   32.2 0.000
126.993750 127.004167  1776.6   50.6   36.0 0.000
127.494444 127.504861  1948.5   55.5   39.5 0.000
127.993750 128.004167  2127.7   60.5   43.1 0.000
128.495139 128.505556  1670.1   47.5   33.8 0.000
128.994444 129.004861  1624.3   46.2   32.9 0.000
129.495139 129.505556  1538.7   43.8   31.2 0.000
129.995139 130.005556  1481.5   42.2   30.0 0.000
130.495139 130.505556  1442.8   41.1   29.2 0.000
130.994444 131.004861  1309.5   37.3   26.6 0.000
131.494444 131.504861  1344.0   38.3   27.2 0.000
131.994444 132.004861  1369.7   39.0   27.8 0.000
132.494444 132.504861  1363.7   38.8   27.6 0.000
132.993750 133.004167  1332.7   38.0   27.0 0.000
133.493750 133.504167  1265.4   36.0   25.7 0.000
133.993750 134.004167  1185.8   33.8   24.1 0.000
134.495139 134.505556  1140.8   32.5   23.1 0.000
134.994444 135.004861  1150.5   32.8   23.3 0.000
135.494444 135.504861  1182.4   33.7   24.0 0.000
135.994444 136.004861  1214.0   34.6   24.6 0.559
136.494444 136.504861  1182.9   33.7   24.0 0.000
