data/obs/c2h6/WDCGG/event/DE0043G.20140101114900.20170411000000.online_gc.ethane.air.1y.12h.DE09L_Varian_GC-3800-FID_HPB_C2-C8-hydrocarb.DE09L_Measurements_of_Hydrocarbons_GC-3800.lev2.nas
74 1001
Claude, Anja; Kubistin, Dagmar
DE09L, Deutscher Wetterdienst, DWD, Met. Obs., Hohenspeissenberg, , 82283, Hohenspeissenberg, Germany
Claude, Anja
ACTRIS EMEP GAW-WDCGG-node
1 1
2014 01 01 2017 04 11
0
days from file reference point
5
1 1 1 1 1
999.999999 99999.9 99999.9 9999.9 9.999
end_time of measurement, days from the file reference point
ethane, pmol/mol, Statistics=arithmetic mean
ethane, pmol/mol, Statistics=expanded uncertainty 2sigma
ethane, pmol/mol, Statistics=precision
numflag, no unit
0
55
Data definition:              EBAS_1.1
Set type code:                TI
Timezone:                     UTC
File name:                    DE0043G.20140101114900.20170411000000.online_gc.ethane.air.1y.12h.DE09L_Varian_GC-3800-FID_HPB_C2-C8-hydrocarb.DE09L_Measurements_of_Hydrocarbons_GC-3800.lev2.nas
File creation:                20190306184600
Startdate:                    20140101114900
Revision date:                20170411000000
Version:                      3
Version description:          2nd revision 2017, manually inspected, 2017 header
Data level:                   2
Period code:                  1y
Resolution code:              12h
Sample duration:              15mn
Orig. time res.:              15mn
Station code:                 DE0043G
Platform code:                DE0043S
Station name:                 Hohenpeissenberg
Station WDCA-ID:              GAWADE__HPB
Station GAW-ID:               HPB
Station GAW-Name:             Hohenpeissenberg
Station land use:             Grassland
Station setting:              Mountain
Station GAW type:             G
Station WMO region:           6
Station latitude:             47.8014984131
Station longitude:            11.0096197128
Station altitude:             985.0m
Measurement altitude:         1000.0m
Measurement height:           15.0m
Regime:                       IMG
Component:                    ethane
Unit:                         pmol/mol
Matrix:                       air
Instrument type:              online_gc
Laboratory code:              DE09L
Instrument name:              Varian_GC-3800-FID_HPB_C2-C8-hydrocarb
Instrument manufacturer:      Varian
Instrument model:             GC-3800
Instrument serial number:     104633
Method ref:                   DE09L_Measurements_of_Hydrocarbons_GC-3800
Standard method:              SOP=ACTRIS_VOC_2014
Calibration scale:            NPL
Calibration standard ID:      Manufacturer NPL (quantum passivated cylinder form Air products); Batch D910379
Inlet type:                   Hat or hood
Inlet description:            Downward facing with hood
Detection limit expl.:        Determined by multiple peak integration of zero gas measurements, detection limit flag 147 is used for values under detection  limit defined as 3-sigma precision
Measurement uncertainty expl.: "Includes reproducibility (precision) + systematic errors (accuracy). Ref:http://www.atmos-meas-tech.net/8/2715/2015/"
Zero/negative values code:    Zero/negative possible
Zero/negative values:         Zero and neg. values may appear due to statistical variations at very low concentrations
Originator:                   Claude, Anja, anja.claude@dwd.de, Deutscher Wetterdienst, DWD, Hohenpeissenberg Meteorological Observatory, Albin-Schwaiger-Weg 10, , D-82383, Hohenpeissenberg, Germany
Originator:                   Kubistin, Dagmar, dagmar.kubistin@dwd.de, Deutscher Wetterdienst, DWD, Hohenpeissenberg Meteorological Observatory, Albin-Schwaiger-Weg 10, , D-82383, Hohenpeissenberg, Germany
Submitter:                    Claude, Anja, anja.claude@dwd.de, Deutscher Wetterdienst, DWD, Hohenpeissenberg Meteorological Observatory, Albin-Schwaiger-Weg 10, , D-82383, Hohenpeissenberg, Germany
Acknowledgement:              Request acknowledgement details from data originator
Comment:                      preconcentration on glass beeds (-197\B0C), o3 removed, cryo-dryer at -40\B0C, 2 week calibration interval.
starttime endtime C2H6 C2H6 C2H6 flag
  0.492361   0.502778  1797.7   899.7   26.8 0.000
  0.993056   1.003472  1318.3   659.8   19.7 0.000
  1.497222   1.507639  1745.4   873.5   26.1 0.000
  1.996528   2.006944  1689.6   845.6   25.2 0.000
  2.498611   2.509028  1650.3   825.9   24.6 0.000
  2.998611   3.009028  1511.4   756.4   22.6 0.000
  3.498611   3.509028  1525.4   763.5   22.8 0.000
  3.998611   4.009028  2034.5  1018.2   30.3 0.000
  4.499306   4.509722  2136.3  1069.2   31.9 0.000
  5.000000   5.010417  2125.8  1063.9   31.7 0.000
  5.500694   5.511111  1788.7   895.2   26.7 0.000
  6.000694   6.011111  1512.4   756.9   22.6 0.000
  6.493750   6.504167  1549.5   775.5   23.1 0.000
  6.993056   7.003472  1370.2   685.7   20.5 0.000
  7.497222   7.507639  1394.3   697.8   20.8 0.000
  7.997222   8.007639  1068.5   534.8   16.0 0.000
  8.496528   8.506944  1173.2   587.2   17.6 0.000
  8.996528   9.006944  1727.2   864.4   25.8 0.000
  9.492361   9.502778  2018.9  1010.4   30.1 0.000
  9.992361  10.002778  1816.2   909.0   27.1 0.000
 10.492361  10.502778  1471.1   736.2   22.0 0.000
 10.993056  11.003472  1956.4   979.1   29.2 0.000
 11.493056  11.503472  1972.2   987.1   29.4 0.000
 11.993750  12.004167  1877.1   939.5   28.0 0.000
 12.497917  12.508333  1666.4   834.0   24.9 0.000
 12.997917  13.008333  1776.0   888.9   26.5 0.000
 13.496528  13.506944  2065.7  1033.8   30.8 0.000
 13.996528  14.006944  1960.5   981.2   29.2 0.000
 14.496528  14.506944  2048.2  1025.1   30.5 0.000
 14.995139  15.005556  1893.7   947.7   28.2 0.000
 15.497222  15.507639  1801.0   901.3   26.9 0.000
 15.996528  16.006944  1997.2   999.5   29.8 0.000
 16.496528  16.506944  1917.3   959.6   28.6 0.000
 16.995139  17.005556  2021.0  1011.5   30.1 0.000
 17.494444  17.504861  2154.8  1078.4   32.1 0.000
 17.993056  18.003472  2400.9  1201.6   35.8 0.000
 18.492361  18.502778  1941.3   971.6   28.9 0.000
 18.991667  19.002083  2026.0  1014.0   30.2 0.000
 19.497222  19.507639  2849.7  1426.2   42.4 0.000
 19.996528  20.006944  3040.5  1521.7   45.3 0.000
 20.495139  20.505556  2715.3  1359.0   40.4 0.000
 20.994444  21.004861  2922.7  1462.8   43.5 0.000
 21.498611  21.509028  2849.6  1426.1   42.4 0.000
 21.998611  22.009028  2766.4  1384.5   41.2 0.000
 22.497222  22.507639  2357.6  1179.9   35.1 0.000
 22.996528  23.006944  2351.6  1176.9   35.0 0.000
 23.497222  23.507639  2462.2  1232.3   36.7 0.000
 23.997222  24.007639  2679.6  1341.1   39.9 0.000
 24.496528  24.506944  2626.0  1314.3   39.1 0.000
 24.996528  25.006944  2428.9  1215.6   36.2 0.000
 25.496528  25.506944  2239.5  1120.8   33.4 0.000
 25.996528  26.006944  2249.3  1125.7   33.5 0.000
 26.497917  26.508333  2104.6  1053.3   31.4 0.000
 26.998611  27.009028  2058.2  1030.1   30.7 0.000
 27.500000  27.510417  2271.4  1136.8   33.9 0.000
 28.000000  28.010417  2301.4  1151.8   34.3 0.000
 28.497222  28.507639  2187.8  1095.0   32.6 0.000
 28.997222  29.007639  2336.0  1169.1   34.8 0.000
 29.497222  29.507639  2387.2  1194.8   35.6 0.000
 29.995833  30.006250  2406.5  1204.4   35.8 0.000
 30.496528  30.506944  2846.2  1424.5   42.4 0.000
 30.995833  31.006250  2093.4  1047.7   31.2 0.000
 31.495139  31.505556  2072.1  1037.5   30.9 0.000
 31.993750  32.004167  2371.6  1187.4   35.3 0.000
 32.493056  32.503472  2551.5  1277.5   38.0 0.000
 32.991667  33.002083  3819.2  1912.2   56.8 0.000
 33.497222  33.507639  3764.4  1884.7   56.0 0.000
 33.996528  34.006944  2778.2  1391.0   41.4 0.000
 34.495139  34.505556  2199.1  1101.1   32.8 0.000
 34.994444  35.004861  2413.3  1208.3   35.9 0.000
 35.497222  35.507639  2488.6  1246.0   37.1 0.000
 35.997222  36.007639  2139.4  1071.1   31.9 0.000
 36.496528  36.506944  2134.0  1068.5   31.8 0.000
 36.996528  37.006944  1694.6   848.4   25.3 0.000
 37.496528  37.506944  2018.0  1010.3   30.1 0.000
 37.995833  38.006250  1994.8   998.7   29.7 0.000
 38.495833  38.506250  2053.5  1028.2   30.6 0.000
 38.995139  39.005556  2092.7  1047.8   31.2 0.000
 39.494444  39.504861  2066.8  1034.8   30.8 0.000
 39.993750  40.004167  2097.5  1050.2   31.3 0.000
 40.496528  40.506944  2051.1  1027.0   30.6 0.000
 40.995833  41.006250  2151.6  1077.2   32.1 0.000
 41.496528  41.506944  2206.4  1104.7   32.9 0.000
 41.995833  42.006250  2212.6  1107.8   33.0 0.000
 42.497917  42.508333  2337.0  1170.1   34.8 0.000
 42.997222  43.007639  2178.9  1090.9   32.5 0.000
 43.496528  43.506944  2265.6  1134.4   33.8 0.000
 43.996528  44.006944  2373.0  1188.1   35.4 0.000
 44.498611  44.509028  2189.4  1096.2   32.6 0.000
 44.998611  45.009028  1774.8   888.6   26.5 0.000
 45.498611  45.509028  1377.2   689.5   20.6 0.000
 45.998611  46.009028  2094.9  1048.9   31.2 0.000
 46.498611  46.509028  2145.4  1074.2   32.0 0.000
 46.998611  47.009028  2144.5  1073.7   32.0 0.000
 47.496528  47.506944  2225.2  1114.1   33.2 0.000
 47.996528  48.006944  2164.4  1083.7   32.3 0.000
 48.498611  48.509028  2134.6  1068.8   31.8 0.000
 48.999306  49.009722  1775.0   888.7   26.5 0.000
 49.499306  49.509722  2130.2  1066.6   31.8 0.000
 49.997917  50.008333  2237.9  1120.5   33.4 0.000
 50.504861  50.515278  2163.9  1083.4   32.3 0.000
 51.003472  51.013889  2079.4  1041.1   31.0 0.000
 51.493056  51.503472  2037.1  1019.9   30.4 0.000
 51.991667  52.002083  2069.6  1036.2   30.9 0.000
 52.490972  52.501389  2096.6  1049.7   31.3 0.000
 52.989583  53.000000  2083.8  1043.3   31.1 0.000
 53.488889  53.499306  2026.7  1014.7   30.2 0.000
 53.987500  53.997917  2039.7  1021.2   30.4 0.000
 54.492361  54.502778  1992.3   997.5   29.7 0.000
 54.991667  55.002083  1929.1   965.8   28.8 0.000
 55.494444  55.504861  2061.7  1032.3   30.7 0.000
 55.993750  56.004167  2011.5  1007.1   30.0 0.000
 56.497222  56.507639  2136.7  1069.8   31.8 0.000
 56.996528  57.006944  2556.2  1279.8   38.1 0.000
 57.497917  57.508333  2262.7  1132.9   33.7 0.000
 57.997222  58.007639  2258.1  1130.6   33.6 0.000
 58.499306  58.509722  2391.5  1197.4   35.6 0.000
 58.999306  59.009722  2546.4  1274.9   37.9 0.000
 59.498611  59.509028  2482.1  1242.6   47.3 0.000
 59.997917  60.008333  2480.0  1241.5   47.3 0.000
 60.497917  60.508333  2702.3  1352.8   51.5 0.000
 60.997222  61.007639  2678.0  1340.6   51.1 0.000
 61.498611  61.509028  2451.6  1227.3   46.8 0.000
 61.998611  62.009028  2393.1  1198.0   45.6 0.000
 62.497917  62.508333  2455.7  1229.3   46.8 0.000
 62.997917  63.008333  2426.7  1214.9   46.3 0.000
 63.497917  63.508333  2497.8  1250.4   47.6 0.000
 63.997917  64.008333  2454.2  1228.6   46.8 0.000
 64.495833  64.506250  2416.9  1209.9   46.1 0.000
 64.995139  65.005556  2972.9  1488.2   56.7 0.000
 65.497222  65.507639  2479.4  1241.2   47.3 0.000
 65.996528  66.006944  2521.5  1262.3   48.1 0.000
 66.495833  66.506250  2533.4  1268.2   48.3 0.000
 66.994444  67.004861  2412.3  1207.6   46.0 0.000
 67.493056  67.503472  2124.0  1063.3   40.5 0.000
 67.992361  68.002778  2369.1  1186.0   45.2 0.000
 68.492361  68.502778  2532.2  1267.6   48.3 0.000
 68.991667  69.002083  2841.7  1422.6   54.2 0.000
 69.495833  69.506250  3020.4  1512.0   57.6 0.000
 69.995139  70.005556  2856.0  1429.7   54.5 0.000
 70.496528  70.506944  2513.7  1258.4   48.0 0.000
 70.995833  71.006250  2521.9  1262.5   48.1 0.000
 71.496528  71.506944  2293.0  1147.9   43.8 0.000
 71.995833  72.006250  2346.7  1174.8   44.8 0.000
 72.495833  72.506250  2243.0  1122.9   42.8 0.000
 72.995833  73.006250  2181.6  1092.1   41.6 0.000
 73.495139  73.505556  2180.5  1091.6   41.6 0.000
 73.994444  74.004861  2618.0  1310.6   49.9 0.000
 74.494444  74.504861  2360.8  1181.9   45.0 0.000
 74.993750  75.004167  2278.0  1140.4   43.5 0.000
 75.493750  75.504167  1818.0   910.1   34.7 0.000
 75.993750  76.004167  1912.2   957.2   36.5 0.000
 76.497222  76.507639  2728.6  1366.0   52.0 0.000
 76.997222  77.007639  2238.6  1120.7   42.7 0.000
 77.495139  77.505556  2037.7  1020.1   38.9 0.000
 77.993750  78.004167  2003.3  1002.8   38.2 0.000
 78.496528  78.506944  1911.8   957.1   36.5 0.000
 78.996528  79.006944  2080.0  1041.3   39.7 0.000
 79.495833  79.506250  2001.2  1001.8   38.2 0.000
 79.995833  80.006250  1847.9   925.1   35.3 0.000
 80.495139  80.505556  2013.9  1008.2   38.4 0.000
 80.994444  81.004861  1966.7   984.6   37.5 0.000
 81.493056  81.503472  2290.6  1146.7   43.7 0.000
 81.992361  82.002778  2440.4  1221.7   46.5 0.000
 82.493750  82.504167  2312.4  1157.6   44.1 0.000
 82.993056  83.003472  2409.3  1206.1   46.0 0.000
 83.496528  83.506944  2427.7  1215.3   46.3 0.000
 83.995833  84.006250  2479.7  1241.4   47.3 0.000
 84.498611  84.509028  2447.7  1225.3   46.7 0.000
 84.997917  85.008333  2314.0  1158.4   44.1 0.000
 85.497917  85.508333  2273.4  1138.1   43.4 0.000
 85.997222  86.007639  2481.5  1242.3   47.3 0.000
 86.496528  86.506944  2389.6  1196.3   45.6 0.000
 86.996528  87.006944  2277.4  1140.1   43.4 0.000
 87.495833  87.506250  2232.4  1117.5   42.6 0.000
 87.995833  88.006250  2212.6  1107.6   42.2 0.000
 88.495833  88.506250  2198.3  1100.5   41.9 0.000
 88.995139  89.005556  2185.6  1094.2   41.7 0.000
 89.499306  89.509722  2247.8  1125.3   42.9 0.000
 89.999306  90.009722  2509.6  1256.3   47.9 0.000
 90.497222  90.507639  2322.7  1162.7   34.6 0.000
 90.997222  91.007639  2207.3  1104.9   32.9 0.000
 91.497917  91.508333  2111.1  1056.8   31.5 0.000
 91.996528  92.006944  1974.2   988.3   29.4 0.000
 92.495833  92.506250  1845.3   923.7   27.5 0.000
 92.995139  93.005556  1819.3   910.7   27.1 0.000
 93.495139  93.505556  1921.5   961.9   28.7 0.000
 93.993750  94.004167  2151.9  1077.2   32.1 0.000
 94.493056  94.503472  2351.6  1177.2   35.0 0.000
 94.992361  95.002778  2576.4  1289.7   38.4 0.000
 95.491667  95.502083  2242.8  1122.7   33.4 0.000
 95.990278  96.000694  2129.7  1066.1   31.7 0.000
 96.496528  96.506944  1904.1   953.2   28.4 0.000
 96.995833  97.006250  1770.2   886.2   26.4 0.000
 97.495139  97.505556  1660.3   831.1   24.8 0.000
 97.994444  98.004861  1949.5   975.9   29.1 0.000
 98.498611  98.509028  2082.8  1042.6   31.0 0.000
 98.997917  99.008333  2104.9  1053.7   31.4 0.000
 99.497917  99.508333  1968.9   985.6   29.4 0.000
 99.997917 100.008333  1964.4   983.4   29.3 0.000
100.497917 100.508333  1714.7   858.4   25.6 0.000
100.997222 101.007639  1903.2   952.7   28.4 0.000
101.497222 101.507639  1813.6   907.9   27.0 0.000
101.997917 102.008333  1783.7   892.9   26.6 0.000
102.497222 102.507639  1996.0   999.2   29.8 0.000
102.997222 103.007639  1998.6  1000.5   29.8 0.000
103.495833 103.506250  1865.5   933.8   27.8 0.000
103.995833 104.006250  2159.7  1081.1   32.2 0.000
104.500694 104.511111  2148.2  1075.3   32.0 0.000
105.002083 105.012500  2177.8  1090.2   32.5 0.000
105.495139 105.505556  2082.5  1042.5   31.0 0.000
105.996528 106.006944  2089.0  1045.7   31.1 0.000
106.496528 106.506944  2073.7  1038.1   30.9 0.000
106.996528 107.006944  2075.3  1038.9   30.9 0.000
107.496528 107.506944  2147.3  1074.9   32.0 0.000
107.996528 108.006944  2072.1  1037.2   30.9 0.000
108.496528 108.506944  2181.7  1092.1   32.5 0.000
108.997222 109.007639  2511.8  1257.4   37.4 0.000
109.497222 109.507639  2353.1  1177.9   35.1 0.000
109.997917 110.008333  2203.2  1102.9   32.8 0.000
110.497917 110.508333  2126.1  1064.3   31.7 0.000
110.998611 111.009028  1909.1   955.7   28.5 0.000
111.495139 111.505556  1812.1   907.1   27.0 0.000
111.995139 112.005556  1686.2   844.1   25.2 0.000
112.493750 112.504167  1691.3   846.6   25.2 0.000
112.994444 113.004861  1660.1   831.0   24.8 0.000
113.493056 113.503472  1647.6   824.8   24.6 0.000
113.992361 114.002778  1683.9   842.9   25.1 0.000
114.491667 114.502083  1635.9   818.9   24.4 0.000
114.990972 115.001389  1691.1   846.6   25.2 0.000
115.490972 115.501389  1680.8   841.4   25.1 0.000
115.990278 116.000694  1712.2   857.1   25.5 0.000
116.490278 116.500694  1855.5   928.8   27.7 0.000
116.990278 117.000694  1930.8   966.5   28.8 0.000
117.494444 117.504861  1879.6   940.9   28.0 0.000
117.993750 118.004167  2024.8  1013.6   30.2 0.000
118.493750 118.504167  1967.1   984.7   29.3 0.000
118.993056 119.003472  1949.7   976.0   29.1 0.000
119.493750 119.504167  1780.4   891.3   26.6 0.000
119.993056 120.003472  1834.0   918.1   27.4 0.000
120.492361 120.502778  1773.8   900.0  129.2 0.000
120.991667 121.002083  1736.9   881.3  126.5 0.000
121.490972 121.501389  1921.4   974.9  140.0 0.000
121.990278 122.000694  2028.0  1029.0  147.7 0.000
122.489583 122.500000  2041.8  1036.0  148.7 0.000
122.989583 123.000000  2065.0  1047.8  150.4 0.000
123.488889 123.499306  1963.3   996.2  143.0 0.000
123.988889 123.999306  1874.5   951.1  136.6 0.000
124.493056 124.503472  1903.6   965.9  138.7 0.000
124.993056 125.003472  1846.6   937.0  134.5 0.000
125.493750 125.504167  1691.2   858.1  123.2 0.000
125.993056 126.003472  1454.6   738.1  106.0 0.000
126.497222 126.507639  1655.7   840.1  120.6 0.000
126.996528 127.006944  1684.2   854.6  122.7 0.000
127.498611 127.509028  1663.9   844.3  121.2 0.000
127.997917 128.008333  1700.5   862.9  123.9 0.000
128.494444 128.504861  1409.9   715.4  102.7 0.000
128.994444 129.004861  1400.3   710.5  102.0 0.000
129.494444 129.504861  1568.0   795.6  114.2 0.000
129.994444 130.004861  1610.6   817.2  117.3 0.000
130.493750 130.504167  1663.6   844.1  121.2 0.000
130.993750 131.004167  1751.4   888.7  127.6 0.000
131.494444 131.504861  1924.5   976.5  140.2 0.000
131.993750 132.004167  1662.0   843.3  121.1 0.000
132.495833 132.506250  1669.0   846.9  121.6 0.000
133.496528 133.506944  1733.4   879.5  126.3 0.000
133.996528 134.006944  1718.0   871.7  125.2 0.000
134.497917 134.508333  1677.6   851.2  122.2 0.000
134.997917 135.008333  1722.1   873.8  125.5 0.000
135.494444 135.504861  1660.1   842.3  120.9 0.000
135.994444 136.004861  1623.1   823.6  118.2 0.000
136.494444 136.504861  1575.1   799.2  114.7 0.000
136.994444 137.004861  1612.1   818.0  117.4 0.000
137.494444 137.504861  1462.9   742.3  106.6 0.000
137.994444 138.004861  1501.2   761.7  109.4 0.000
138.498611 138.509028  1647.9   836.2  120.1 0.000
138.998611 139.009028  1582.1   802.8  115.3 0.000
140.496528 140.506944  1265.5   642.1   92.2 0.000
140.996528 141.006944  1158.7   587.9   84.4 0.000
141.495139 141.505556  1139.1   578.0   83.0 0.000
141.993750 142.004167  1233.9   626.1   89.9 0.000
142.486111 142.496528  1177.7   597.6   85.8 0.000
142.985417 142.995833  1248.8   633.6   91.0 0.000
143.484028 143.494444  1244.4   631.4   90.7 0.000
143.982639 143.993056  1225.0   621.6   89.3 0.000
144.481250 144.491667  1174.7   596.1   85.6 0.000
145.494444 145.504861  1173.4   595.4   85.5 0.000
145.993056 146.003472  1186.8   602.2   86.5 0.000
146.496528 146.506944  1390.7   316.0  126.6 0.000
146.995833 147.006250  1545.7   351.3  140.7 0.000
147.493056 147.503472  1511.5   343.5  137.6 0.000
147.992361 148.002778  1455.2   330.7  132.4 0.000
148.491667 148.502083  1350.9   307.0  122.9 0.000
148.990972 149.001389  1342.6   305.1  122.2 0.000
149.490278 149.500694  1430.9   325.2  130.2 0.000
149.990278 150.000694  1412.5   321.0  128.5 0.000
150.489583 150.500000  1387.7   315.4  126.3 0.000
150.988889 150.999306  1391.2   316.2  126.6 0.000
151.488194 151.498611  1371.4   276.6   25.6 0.000
151.987500 151.997917  1316.9   265.6   24.5 0.000
152.496528 152.506944  1305.8   263.4   24.3 0.000
152.994444 153.004861  1358.1   273.9   25.3 0.000
153.495833 153.506250  1358.1   273.9   25.3 0.000
153.994444 154.004861  1358.2   273.9   25.3 0.000
154.495833 154.506250  1297.9   261.8   24.2 0.000
154.994444 155.004861  1199.5   241.9   22.4 0.000
155.493056 155.503472  1188.6   239.7   22.2 0.000
155.991667 156.002083  1160.0   234.0   21.6 0.000
156.495833 156.506250  1177.9   237.6   22.0 0.000
156.994444 157.004861  1166.4   235.3   21.8 0.000
157.493056 157.503472  1084.5   218.7   20.2 0.000
157.991667 158.002083  1056.4   213.1   19.7 0.000
158.490278 158.500694   890.9   179.7   16.7 0.000
