data/obs/c2h6/WDCGG/event/DE0043G.20160101114900.20170511000000.online_gc.ethane.air.1y.12h.DE09L_Varian_GC-3800-FID_HPB_C2-C8-hydrocarb.DE09L_Measurements_of_Hydrocarbons_GC-3800.lev2.nas
74 1001
Claude, Anja; Kubistin, Dagmar
DE09L, Deutscher Wetterdienst, DWD, Met. Obs., Hohenspeissenberg, , 82283, Hohenspeissenberg, Germany
Claude, Anja
ACTRIS EMEP GAW-WDCRG
1 1
2016 01 01 2017 05 11
0
days from file reference point
5
1 1 1 1 1
999.999999 99999.9 9999.9 9999.9 9.999
end_time of measurement, days from the file reference point
ethane, pmol/mol, Statistics=arithmetic mean
ethane, pmol/mol, Statistics=expanded uncertainty 2sigma
ethane, pmol/mol, Statistics=precision
numflag, no unit
0
55
Data definition:              EBAS_1.1
Set type code:                TI
Timezone:                     UTC
File name:                    DE0043G.20160101114900.20170511000000.online_gc.ethane.air.1y.12h.DE09L_Varian_GC-3800-FID_HPB_C2-C8-hydrocarb.DE09L_Measurements_of_Hydrocarbons_GC-3800.lev2.nas
File creation:                20190306184600
Startdate:                    20160101114900
Revision date:                20170511000000
Version:                      2
Version description:          initial revision, manually inspected, revised after Duebendorf data workshop
Data level:                   2
Period code:                  1y
Resolution code:              12h
Sample duration:              15mn
Orig. time res.:              15mn
Station code:                 DE0043G
Platform code:                DE0043S
Station name:                 Hohenpeissenberg
Station WDCA-ID:              GAWADE__HPB
Station GAW-ID:               HPB
Station GAW-Name:             Hohenpeissenberg
Station land use:             Grassland
Station setting:              Mountain
Station GAW type:             G
Station WMO region:           6
Station latitude:             47.8014984131
Station longitude:            11.0096197128
Station altitude:             985.0m
Measurement altitude:         1000.0m
Measurement height:           15.0m
Regime:                       IMG
Component:                    ethane
Unit:                         pmol/mol
Matrix:                       air
Instrument type:              online_gc
Laboratory code:              DE09L
Instrument name:              Varian_GC-3800-FID_HPB_C2-C8-hydrocarb
Instrument manufacturer:      Varian
Instrument model:             GC-3800
Instrument serial number:     104633
Method ref:                   DE09L_Measurements_of_Hydrocarbons_GC-3800
Standard method:              SOP=ACTRIS_VOC_2014
Calibration scale:            NPL
Calibration standard ID:      Manufacturer NPL (quantum passivated cylinder form Air products); Batch D910379
Inlet type:                   Hat or hood
Inlet description:            Downward facing with hood
Detection limit expl.:        Determined by multiple peak integration of zero gas measurements, detection limit flag 147 is used for values under detection  limit defined as 3-sigma precision
Measurement uncertainty expl.: "Includes reproducibility (precision) + systematic errors (accuracy). Ref:http://www.atmos-meas-tech.net/8/2715/2015/"
Zero/negative values code:    Zero/negative possible
Zero/negative values:         Zero and neg. values may appear due to statistical variations at very low concentrations
Originator:                   Claude, Anja, anja.claude@dwd.de, Deutscher Wetterdienst, DWD, Hohenpeissenberg Meteorological Observatory, Albin-Schwaiger-Weg 10, , D-82383, Hohenpeissenberg, Germany
Originator:                   Kubistin, Dagmar, dagmar.kubistin@dwd.de, Deutscher Wetterdienst, DWD, Hohenpeissenberg Meteorological Observatory, Albin-Schwaiger-Weg 10, , D-82383, Hohenpeissenberg, Germany
Submitter:                    Claude, Anja, anja.claude@dwd.de, Deutscher Wetterdienst, DWD, Hohenpeissenberg Meteorological Observatory, Albin-Schwaiger-Weg 10, , D-82383, Hohenpeissenberg, Germany
Acknowledgement:              Request acknowledgement details from data originator
Comment:                      preconcentration on glass beeds (-197\B0C), o3 removed, cryo-dryer at -40\B0C, 2 week calibration interval, two target gases were used
starttime endtime C2H6 C2H6 C2H6 flag
[from data line 641]
272.994444 273.004861   952.6  258.6   14.6 0.000
273.495139 273.505556   910.3  247.1   13.9 0.000
273.995139 274.005556   908.0  246.5   13.9 0.000
274.495833 274.506250   969.5  263.2   14.8 0.000
274.995833 275.006250   910.5  247.1   13.9 0.000
275.496528 275.506944   902.6  245.0   13.8 0.000
275.996528 276.006944   909.5  246.9   13.9 0.000
276.497222 276.507639   923.5  250.7   14.1 0.000
276.997917 277.008333  1048.7  284.6   16.0 0.000
277.495833 277.506250  1071.1  290.7   16.3 0.000
277.995833 278.006250  1186.4  322.0   18.1 0.000
278.494444 278.504861  1017.5  276.2   15.6 0.000
278.993750 279.004167  1008.4  273.7   15.4 0.000
279.493750 279.504167   987.5  268.0   15.1 0.000
279.993750 280.004167  1111.0  301.5   17.0 0.000
280.494444 280.504861  1446.2  392.5   22.0 0.000
280.993750 281.004167  1863.0  505.5   28.3 0.000
281.493750 281.504167  1949.8  529.1   29.6 0.000
281.993750 282.004167  1742.1  472.7   26.5 0.000
282.493056 282.503472  1417.1  384.6   21.6 0.000
282.993056 283.003472  1280.7  347.6   19.5 0.000
283.501389 283.511806  1413.5  383.6   21.5 0.000
284.001389 284.011806  1593.9  432.5   24.2 0.000
284.493750 284.504167  1500.6  407.2   22.8 0.000
284.993750 285.004167  1620.5  439.7   24.7 0.000
285.493750 285.504167  1395.1  378.6   21.2 0.000
285.993056 286.003472  1929.8  523.7   29.3 0.000
286.495139 286.505556  1891.9  513.4   28.8 0.000
286.994444 287.004861  1873.2  508.3   28.5 0.000
287.494444 287.504861  1505.7  408.6   22.9 0.000
287.993750 288.004167  1384.9  375.8   21.1 0.000
288.493056 288.503472  1493.6  405.3   22.7 0.000
288.993056 289.003472  1425.6  386.9   21.7 0.000
289.493056 289.503472  1476.3  400.6   22.5 0.000
289.992361 290.002778  1542.8  418.7   23.5 0.000
290.494444 290.504861  1391.6  377.7   21.2 0.000
290.994444 291.004861  1336.6  362.7   20.4 0.000
291.494444 291.504861  1459.2  396.0   22.3 0.000
291.994444 292.004861  1569.1  425.8   23.9 0.000
292.493750 292.504167  1527.3  414.5   23.2 0.000
292.993750 293.004167  1214.9  329.7   18.5 0.000
293.493750 293.504167  1211.9  328.9   18.5 0.000
293.993056 294.003472  1387.3  376.5   21.1 0.000
294.493750 294.504167  1785.9  484.6   27.2 0.000
294.993056 295.003472  1749.4  474.7   26.6 0.000
295.493056 295.503472  1596.9  433.4   24.3 0.000
295.993056 296.003472  1607.6  436.2   24.5 0.000
296.493056 296.503472  1726.6  468.5   26.3 0.000
296.993056 297.003472  1384.9  375.8   21.1 0.000
297.493750 297.504167  1383.1  375.4   21.1 0.000
297.993750 298.004167  1199.4  325.5   18.3 0.000
298.539583 298.550000  1055.9  286.6   16.1 0.000
299.039583 299.050000  1491.4  404.7   22.7 0.000
299.497222 299.507639  1490.1  404.4   22.7 0.000
299.997222 300.007639  1542.0  418.5   23.5 0.000
300.493750 300.504167  1752.5  475.6   26.6 0.000
300.993750 301.004167  1513.3  410.7   23.0 0.000
301.223611 301.234028  1321.0  358.5   20.1 0.000
301.272222 301.282639  1353.1  367.2   20.6 0.000
301.321528 301.331944  1380.6  374.7   21.0 0.000
301.370833 301.381250  1382.3  375.1   21.0 0.000
301.454861 301.465278  1295.1  351.5   19.7 0.000
301.539583 301.550000  1341.6  364.1   20.4 0.000
301.623611 301.634028  1381.0  374.8   21.0 0.000
301.708333 301.718750  1297.1  352.0   19.8 0.000
301.757639 301.768056  1338.4  363.2   20.4 0.000
301.806944 301.817361  1357.8  368.5   20.7 0.000
301.856250 301.866667  1483.0  402.4   22.6 0.000
304.534722 304.545139  1517.3  411.8   23.2 0.000
305.534722 305.545139  1646.6  446.8   25.1 0.000
306.034028 306.044444  2024.9  549.5   30.8 0.000
306.493750 306.504167  1450.9  393.7   22.1 0.000
306.993056 307.003472  1584.0  429.9   24.1 0.000
307.493056 307.503472  1913.9  519.4   29.1 0.000
307.993750 308.004167  1500.9  407.3   22.9 0.000
308.493750 308.504167  1424.1  386.5   21.7 0.000
308.993750 309.004167  1411.0  382.9   21.5 0.000
309.493750 309.504167  1498.1  406.5   22.8 0.000
309.993056 310.003472  1518.3  412.0   23.1 0.000
310.493056 310.503472  1555.3  422.1   23.7 0.000
310.993056 311.003472  1590.4  431.6   24.2 0.000
311.495139 311.505556  1585.1  430.1   24.1 0.000
311.994444 312.004861  1528.4  414.8   23.3 0.000
312.494444 312.504861  1522.9  413.3   23.2 0.000
312.994444 313.004861  1698.4  460.9   25.8 0.000
313.494444 313.504861  1608.0  436.4   24.5 0.000
313.994444 314.004861  1357.8  368.5   20.7 0.000
314.493750 314.504167  1373.1  372.6   20.9 0.000
314.993750 315.004167  1275.2  346.1   19.4 0.000
315.493750 315.504167  1145.8   32.7   23.3 0.000
315.993750 316.004167  1971.6   56.1   39.9 0.000
316.493056 316.503472  1693.8   48.2   34.3 0.000
316.993056 317.003472  1677.9   47.8   34.0 0.000
317.493056 317.503472  1613.6   45.9   32.7 0.000
317.992361 318.002778  1634.3   46.5   33.1 0.000
318.495833 318.506250  1761.9   50.2   35.7 0.000
318.995139 319.005556  1536.5   43.8   31.1 0.000
319.493750 319.504167  1423.2   40.5   28.9 0.000
319.993750 320.004167  1256.4   35.8   25.5 0.000
320.501389 320.511806  1118.6   31.9   22.7 0.000
321.001389 321.011806  1017.8   29.0   20.7 0.000
321.515278 321.525694  1139.0   32.5   23.1 0.000
321.994444 322.004861   992.1   28.3   20.2 0.000
322.493750 322.504167  1302.2   37.1   26.4 0.000
322.993056 323.003472  1322.9   37.7   26.8 0.000
323.266667 323.277083  1325.7   37.8   26.9 0.000
323.315972 323.326389  1306.9   37.2   26.5 0.000
323.364583 323.375000  1348.6   38.4   27.4 0.000
323.413889 323.424306  1311.9   37.4   26.6 0.000
323.498611 323.509028  1344.6   38.3   27.3 0.000
323.583333 323.593750  1328.8   37.9   27.0 0.000
323.667361 323.677778  1339.6   38.2   27.2 0.000
323.752083 323.762500  1345.1   38.3   27.3 0.000
323.800694 323.811111  1377.5   39.2   27.9 0.000
323.850000 323.860417  1346.7   38.4   27.3 0.000
323.899306 323.909722  1345.3   38.3   27.3 0.000
323.989583 324.000000  1353.0   38.5   27.4 0.000
324.074306 324.084722  1353.6   38.6   27.4 0.000
324.158333 324.168750  1360.9   38.8   27.6 0.000
324.243056 324.253472  1339.3   38.2   27.2 0.000
324.500000 324.510417  1304.0   37.1   26.5 0.000
325.000000 325.010417  1195.0   34.1   24.3 0.000
325.494444 325.504861  1051.4   30.0   21.4 0.000
325.993750 326.004167   984.6   28.1   20.0 0.000
326.493750 326.504167  1230.4   35.1   25.0 0.000
326.993750 327.004167  1086.3   31.0   22.1 0.000
327.452778 327.463194  1121.9   32.0   22.8 0.000
327.994444 328.004861  1361.0   38.8   27.6 0.000
328.504167 328.514583  1828.6   52.1   37.0 0.000
328.993750 329.004167  3000.7   85.4   60.7 0.000
329.493750 329.504167  2885.6   82.1   58.4 0.000
329.993750 330.004167  2553.3   72.7   51.7 0.000
330.493750 330.504167  2250.1   64.0   45.6 0.000
330.993750 331.004167  2019.5   57.5   40.9 0.000
331.493750 331.504167  2369.2   67.4   48.0 0.000
331.993750 332.004167  1894.2   53.9   38.4 0.000
332.493750 332.504167  1743.0   49.6   35.3 0.000
332.993056 333.003472  1935.9   55.1   39.2 0.000
333.494444 333.504861  1739.4   49.5   35.2 0.000
333.994444 334.004861  1712.3   48.8   34.7 0.000
334.493750 334.504167  1586.1   45.2   32.1 0.000
334.994444 335.004861  1619.0   46.1   32.8 0.000
335.494444 335.504861  1472.8   41.9   29.9 0.000
335.994444 336.004861  2137.8   60.8   43.3 0.000
336.493750 336.504167  1709.8   48.7   34.6 0.000
336.994444 337.004861  2095.7   59.6   42.4 0.000
337.494444 337.504861  1809.8   51.5   36.7 0.000
337.994444 338.004861  1909.9   54.4   38.7 0.000
338.493750 338.504167  1898.4   54.0   38.5 0.000
338.993750 339.004167  1469.9   41.9   29.8 0.000
339.493750 339.504167  1605.3   45.7   32.5 0.559
339.993750 340.004167  1309.8   37.3   26.6 0.000
340.493750 340.504167  1420.9   40.5   28.8 0.000
340.993750 341.004167  1454.0   41.4   29.5 0.000
341.494444 341.504861  1413.6   40.3   28.7 0.000
341.994444 342.004861  1107.4   31.6   22.5 0.000
342.493750 342.504167  1126.3   32.1   22.9 0.000
342.993750 343.004167  1070.0   30.5   21.7 0.000
343.494444 343.504861  1275.1   36.3   25.9 0.000
343.994444 344.004861  1185.1   33.8   24.1 0.000
344.494444 344.504861  1135.7   32.4   23.1 0.000
344.993750 345.004167  1118.7   31.9   22.7 0.000
345.493750 345.504167  1411.7   40.2   28.6 0.000
345.993750 346.004167  1748.8   49.8   35.4 0.000
346.493750 346.504167  1776.0   50.6   36.0 0.000
346.993750 347.004167  1713.8   48.8   34.7 0.000
347.494444 347.504861  1498.7   42.7   30.4 0.000
347.994444 348.004861  1455.2   41.4   29.5 0.000
348.495139 348.505556  1428.3   40.7   29.0 0.000
348.994444 349.004861  1624.1   46.2   32.9 0.000
349.494444 349.504861  2348.8   66.8   47.5 0.000
349.994444 350.004861  1954.5   55.6   39.6 0.000
350.493750 350.504167  1689.2   48.1   34.2 0.000
350.993750 351.004167  1217.1   34.7   24.7 0.000
351.493056 351.503472  1213.1   34.6   24.6 0.000
351.993056 352.003472  1252.5   35.7   25.4 0.000
352.493056 352.503472  1510.7   43.0   30.6 0.000
352.992361 353.002778  2215.6   63.1   44.9 0.000
353.265972 353.276389  2253.8   64.1   45.6 0.000
353.314583 353.325000  2227.9   63.4   45.1 0.000
353.364583 353.375000  2186.4   62.2   44.3 0.000
353.413889 353.424306  2154.0   61.3   43.6 0.000
353.498611 353.509028  2140.1   60.9   43.3 0.000
353.583333 353.593750  1880.2   53.5   38.1 0.000
353.668056 353.678472  1846.9   52.6   37.4 0.000
353.752778 353.763194  1733.9   49.4   35.1 0.000
353.801389 353.811806  1720.9   49.0   34.9 0.000
353.850694 353.861111  1581.5   45.0   32.0 0.000
353.900694 353.911111  1720.5   49.0   34.9 0.000
353.990278 354.000694  1546.7   44.0   31.3 0.000
354.075000 354.085417  1752.9   49.9   35.5 0.000
354.159028 354.169444  1715.0   48.8   34.7 0.000
354.243750 354.254167  1760.9   50.1   35.7 0.000
354.494444 354.504861  1784.1   50.8   36.1 0.000
354.993750 355.004167  1594.1   45.4   32.3 0.000
355.494444 355.504861  2062.4   58.7   41.8 0.000
355.994444 356.004861  1648.8   46.9   33.4 0.000
356.495139 356.505556  1465.3   41.7   29.7 0.000
356.995139 357.005556  1704.5   48.5   34.5 0.000
357.495139 357.505556  2101.6   59.8   42.6 0.000
357.995139 358.005556  2032.3   57.8   41.2 0.000
358.494444 358.504861  1700.1   48.4   34.4 0.000
358.994444 359.004861  2158.2   61.4   43.7 0.000
359.494444 359.504861  1777.4   50.6   36.0 0.000
359.994444 360.004861  1268.2   36.1   25.7 0.000
360.493750 360.504167  1219.7   34.7   24.7 0.000
360.993750 361.004167  2003.0   57.0   40.6 0.000
361.495139 361.505556  1923.8   54.8   39.0 0.000
361.995139 362.005556  1940.9   55.2   39.3 0.000
362.494444 362.504861  2050.4   58.4   41.5 0.000
362.993750 363.004167  2089.8   59.5   42.3 0.000
363.495139 363.505556  2034.6   57.9   41.2 0.000
363.995139 364.005556  1861.5   53.0   37.7 0.000
364.495139 364.505556  1814.4   51.6   36.7 0.000
364.994444 365.004861  1897.4   54.0   38.4 0.000
365.494444 365.504861  1795.0   51.1   36.4 0.000
365.993750 366.004167  1724.4   49.1   34.9 0.000
