data/obs/c2h6/WDCGG/event/DE0009R.20150101113000.20161014160519.steel_canister.ethane.air.1y.84h.DE03L_UBA_Zg_AuC_0001.DE28L_UBA_Sm_GCF_0001.lev2.nas
67 1001
Wallasch, Markus
DE03L, Umweltbundesamt, UBA-LA, Langen, Paul-Ehrlich-Str. 29, , 63225, Langen, Germany
Penzlin, Anke
ACTRIS EMEP GAW-WDCRG
1 1
2015 01 01 2016 10 14
0
days from file reference point
3
1 1 1
999.9 99999 9.999
end_time of measurement, days from the file reference point
ethane, pmol/mol
numflag ethane, no unit
0
50
Data definition:              EBAS_1.1
Set type code:                TI
Timezone:                     UTC
File name:                    DE0009R.20150101113000.20161014160519.steel_canister.ethane.air.1y.84h.DE03L_UBA_Zg_AuC_0001.DE28L_UBA_Sm_GCF_0001.lev2.nas
File creation:                20190306184558
Startdate:                    20150101113000
Revision date:                20161014160519
Version:                      1
Version description:          initial revision, automatically generated, manually inspected
Statistics:                   arithmetic mean
Data level:                   2
Period code:                  1y
Resolution code:              84h
Sample duration:              30mn
Orig. time res.:              30mn
Station code:                 DE0009R
Platform code:                DE0009S
Station name:                 Zingst
Station GAW-ID:               ZGT
Station GAW-Name:             Zingst
Station other IDs:            DEUB028 (UBA)
Station land use:             Grassland
Station setting:              Coastal
Station GAW type:             C
Station WMO region:           6
Station latitude:             54.4368
Station longitude:            12.7249
Station altitude:             1.0m
Measurement height:           8.0m
Regime:                       IMG
Component:                    ethane
Unit:                         pmol/mol
Matrix:                       air
Instrument type:              steel_canister
Laboratory code:              DE03L
Instrument name:              UBA_Zg_AuC_0001
Instrument manufacturer:      Riemer
Instrument model:             AUTOCAN 2_4
Method ref:                   DE28L_UBA_Sm_GCF_0001
Standard method:              None
Inlet type:                   Hat or hood
Detection limit:              5.0 pmol/mol
Detection limit expl.:        Estimated, values below detection limit are flagged with 780.
Measurement uncertainty expl.: Not determined
Zero/negative values code:    Zero/negative impossible
Zero/negative values:         Values below 1 ppt are not reported by the instrument.
Originator:                   Wallasch, Markus, , , , , , , , , 
Submitter:                    Penzlin, Anke, anke.penzlin@uba.de, Umweltbundesamt Langen, UBA, Air Monitoring Network, Paul-Ehrlich-Str. 29, , 63225, Langen, Germany
Acknowledgement:              Request acknowledgement details from data originator
starttime endtime C2H6 flag_C2H6
  0.479167   0.5  2653 0.000
  4.479167   4.5  2053 0.000
  7.479167   7.5  2601 0.000
 11.479167  11.5  2427 0.000
 14.479167  14.5  2331 0.000
 18.479167  18.5  2944 0.000
 21.479167  21.5  3148 0.000
 25.479167  25.5  2787 0.000
 28.479167  28.5  2683 0.000
 32.479167  32.5  3359 0.000
 35.479167  35.5  3266 0.000
 39.479167  39.5  2017 0.000
 42.479167  42.5  2072 0.000
 46.479167  46.5  3333 0.000
 49.479167  49.5  3227 0.000
 53.479167  53.5  2727 0.000
 56.479167  56.5  2589 0.000
 60.479167  60.5  2680 0.000
 63.479167  63.5 99999 0.999
 67.479167  67.5  2995 0.000
 70.479167  70.5  2374 0.000
 74.479167  74.5  4599 0.000
 77.479167  77.5  2860 0.000
 81.479167  81.5  2544 0.000
 84.479167  84.5  2967 0.000
 88.479167  88.5  2671 0.000
 91.479167  91.5  2535 0.000
 95.479167  95.5  3022 0.000
 98.479167  98.5  2489 0.000
102.479167 102.5  2400 0.000
105.479167 105.5  2306 0.000
109.479167 109.5  2102 0.000
112.479167 112.5  2156 0.000
116.479167 116.5  1944 0.000
119.479167 119.5  1943 0.000
123.479167 123.5  1864 0.000
126.479167 126.5  1944 0.000
130.479167 130.5  1731 0.000
133.479167 133.5  1805 0.000
137.479167 137.5  1661 0.000
140.479167 140.5  1794 0.000
144.479167 144.5  1750 0.000
147.479167 147.5  1683 0.000
151.479167 151.5  1396 0.000
154.479167 154.5  1394 0.000
158.479167 158.5  1338 0.000
161.479167 161.5  1208 0.000
165.479167 165.5  1176 0.000
168.479167 168.5  1214 0.000
172.479167 172.5  1169 0.000
175.479167 175.5  1097 0.000
179.479167 179.5  1181 0.000
182.479167 182.5   950 0.000
186.479167 186.5   965 0.000
189.479167 189.5  1010 0.000
193.479167 193.5   892 0.000
196.479167 196.5   947 0.000
200.479167 200.5  1004 0.000
203.479167 203.5   893 0.000
207.479167 207.5  1034 0.000
210.479167 210.5   994 0.000
214.479167 214.5  1048 0.000
217.479167 217.5  1011 0.000
221.479167 221.5   843 0.000
224.479167 224.5   859 0.000
228.479167 228.5  1225 0.000
231.479167 231.5  3082 0.000
235.479167 235.5  1796 0.000
238.479167 238.5   967 0.000
242.479167 242.5  1062 0.000
245.479167 245.5  1087 0.000
249.479167 249.5   899 0.000
252.479167 252.5  1039 0.000
256.479167 256.5  2087 0.000
259.479167 259.5  1049 0.000
263.479167 263.5  1172 0.000
266.479167 266.5  1546 0.000
270.479167 270.5  1234 0.000
273.479167 273.5  1234 0.000
277.479167 277.5  1230 0.000
280.479167 280.5  1689 0.000
284.479167 284.5  1333 0.000
287.479167 287.5  2584 0.000
291.479167 291.5  1201 0.000
294.479167 294.5  1335 0.000
298.479167 298.5  1289 0.000
301.479167 301.5  2520 0.000
305.479167 305.5  2160 0.000
308.479167 308.5  3311 0.000
312.479167 312.5  1444 0.000
315.479167 315.5  1798 0.000
319.479167 319.5  1395 0.000
322.479167 322.5  1786 0.000
326.479167 326.5  1891 0.000
329.479167 329.5  1910 0.000
333.479167 333.5  1806 0.000
336.479167 336.5  2899 0.000
340.479167 340.5  1910 0.000
343.479167 343.5  2235 0.000
347.479167 347.5 99999 0.999
350.479167 350.5  2068 0.000
354.479167 354.5  2137 0.000
357.479167 357.5  2357 0.000
361.479167 361.5 99999 0.999
364.479167 364.5  2788 0.000
