data/obs/c2h6/WDCGG/event/DE0043G.20080207114400.20170713000000.online_gc.ethane.air.47w.12h.DE09L_Varian_GC-3800-FID_HPB_C2-C8-hydrocarb.DE09L_Measurements_of_Hydrocarbons_GC-3800.lev2.nas
74 1001
Claude, Anja; Plass-Duelmer, Christian
DE09L, Deutscher Wetterdienst, DWD, Met. Obs., Hohenspeissenberg, , 82283, Hohenspeissenberg, Germany
Claude, Anja
ACTRIS EMEP GAW-WDCRG
1 1
2008 01 01 2017 07 13
0
days from file reference point
5
1 1 1 1 1
999.999999 99999.9 9999.9 999.9 9.999
end_time of measurement, days from the file reference point
ethane, pmol/mol, Statistics=arithmetic mean
ethane, pmol/mol, Statistics=expanded uncertainty 2sigma
ethane, pmol/mol, Statistics=precision
numflag, no unit
0
55
Data definition:              EBAS_1.1
Set type code:                TI
Timezone:                     UTC
File name:                    DE0043G.20080207114400.20170713000000.online_gc.ethane.air.47w.12h.DE09L_Varian_GC-3800-FID_HPB_C2-C8-hydrocarb.DE09L_Measurements_of_Hydrocarbons_GC-3800.lev2.nas
File creation:                20190306184559
Startdate:                    20080207114400
Revision date:                20170713000000
Version:                      2
Version description:          2nd revision 2017, manually inspected, 2017 header
Data level:                   2
Period code:                  47w
Resolution code:              12h
Sample duration:              15mn
Orig. time res.:              15mn
Station code:                 DE0043G
Platform code:                DE0043S
Station name:                 Hohenpeissenberg
Station WDCA-ID:              GAWADE__HPB
Station GAW-ID:               HPB
Station GAW-Name:             Hohenpeissenberg
Station land use:             Grassland
Station setting:              Mountain
Station GAW type:             G
Station WMO region:           6
Station latitude:             47.8014984131
Station longitude:            11.0096197128
Station altitude:             985.0m
Measurement altitude:         1000.0m
Measurement height:           15.0m
Regime:                       IMG
Component:                    ethane
Unit:                         pmol/mol
Matrix:                       air
Instrument type:              online_gc
Laboratory code:              DE09L
Instrument name:              Varian_GC-3800-FID_HPB_C2-C8-hydrocarb
Instrument manufacturer:      Varian
Instrument model:             GC-3800
Instrument serial number:     104633
Method ref:                   DE09L_Measurements_of_Hydrocarbons_GC-3800
Standard method:              SOP=ACTRIS_VOC_2014
Calibration scale:            NPL
Calibration standard ID:      Manufacturer NPL (quantum passivated cylinder form Air products); Batch APE 358162
Inlet type:                   Hat or hood
Inlet description:            Downward facing with hood
Detection limit expl.:        Determined by multiple peak integration of zero gas measurements, detection limit flag 147 is used for values under detection  limit defined as 3-sigma precision
Measurement uncertainty expl.: "Includes reproducibility (precision) + systematic errors (accuracy). Ref:http://www.atmos-meas-tech.net/8/2715/2015/"
Zero/negative values code:    Zero/negative possible
Zero/negative values:         Zero and neg. values may appear due to statistical variations at very low concentrations
Originator:                   Claude, Anja, anja.claude@dwd.de, Deutscher Wetterdienst, DWD, Hohenpeissenberg Meteorological Observatory, Albin-Schwaiger-Weg 10, , D-82383, Hohenpeissenberg, Germany
Originator:                   Plass-Duelmer, Christian, , , , , , , , , 
Submitter:                    Claude, Anja, anja.claude@dwd.de, Deutscher Wetterdienst, DWD, Hohenpeissenberg Meteorological Observatory, Albin-Schwaiger-Weg 10, , D-82383, Hohenpeissenberg, Germany
Acknowledgement:              Request acknowledgement details from data originator
Comment:                      preconcentration on glass beeds (-197\B0C), o3 removed, cryo-dryer at -40\B0C, 2 week calibration interval,two target gases were used.
starttime endtime C2H6 C2H6 C2H6 flag
 37.488889  37.499306  2461.1  137.4  61.2 0.000
 38.513889  38.524306  2094.1  117.2  52.6 0.000
 41.490278  41.500694  2605.9  145.4  64.5 0.000
 42.497917  42.508333  1989.6  111.3  50.0 0.000
 43.488194  43.498611  2261.1  126.4  56.4 0.000
 44.486111  44.496528  1895.8  106.0  47.5 0.000
 45.513194  45.523611  2779.0  155.1  68.9 0.000
 48.494444  48.504861  1687.0   95.6  45.1 0.000
 49.501389  49.511806  1680.4   94.1  42.5 0.000
 50.488194  50.498611  1441.8   80.8  36.5 0.000
 51.504861  51.515278  1979.3  110.8  49.8 0.000
 52.482639  52.493056  1805.8  100.9  45.1 0.000
 55.563889  55.574306  1694.1   95.0  43.0 0.000
 58.483333  58.493750  1789.0  100.2  45.2 0.000
 65.533333  65.543750  2545.9  137.6  52.3 0.000
 66.484722  66.495139  2579.3  139.3  52.7 0.000
 69.488194  69.498611  2378.5  128.6  48.9 0.000
 70.017361  70.027778  2089.8  113.0  43.1 0.000
 70.961806  70.972222  1628.4   88.1  33.7 0.000
 71.524306  71.534722  1345.5   72.9  28.1 0.000
 71.958333  71.968750  2002.6  108.2  41.1 0.000
 72.511806  72.522222  1959.4  105.9  40.3 0.000
 73.490278  73.500694  1368.7   74.4  29.2 0.000
 76.508333  76.518750  2547.7  137.7  52.2 0.000
 76.990972  77.001389  2422.6  130.9  49.6 0.000
 77.954861  77.965278  2417.7  130.9  50.3 0.000
 78.518750  78.529167  2262.9  122.3  46.4 0.000
 79.314583  79.325000  2400.8  129.7  49.2 0.000
 79.383333  79.393750  2372.2  128.2  48.8 0.000
 84.497222  84.507639  2253.8  121.8  46.3 0.000
 85.010417  85.020833  2316.4  125.2  47.5 0.000
 85.570833  85.581250  1899.6  102.7  39.1 0.000
 86.013889  86.024306  1759.9   95.2  36.3 0.000
 86.492361  86.502778  1873.8  101.3  38.6 0.000
 87.742361  87.752778  1985.3  107.4  41.0 0.000
 90.481250  90.491667  1995.1  107.9  41.2 0.000
 90.993750  91.004167  2119.0  114.6  43.8 0.000
 91.494444  91.504861  2070.0  111.9  42.4 0.000
 91.999306  92.009722  2107.7  113.9  43.2 0.000
 92.490972  92.501389  2112.6  114.1  43.2 0.000
 92.990972  93.001389  2182.9  117.9  44.6 0.000
 93.490278  93.500694  2437.9  131.6  49.6 0.000
 93.990278  94.000694  2442.5  131.9  49.8 0.000
 94.494444  94.504861  2307.2  124.6  47.2 0.000
 94.993750  95.004167  2246.4  121.4  46.0 0.000
 95.493750  95.504167  2173.3  117.4  44.5 0.000
 95.993056  96.003472  1749.0   94.6  36.0 0.000
 98.502083  98.512500  2198.8  118.8  45.0 0.000
 99.002778  99.013194  2118.3  114.4  43.3 0.000
 99.509028  99.519444  1716.7   92.8  35.1 0.000
100.008333 100.018750  1861.0  100.5  38.1 0.000
100.487500 100.497917  1769.6   95.6  36.2 0.000
100.987500 100.997917  1817.0   98.2  37.2 0.000
104.489583 104.500000  1783.8   96.4  36.6 0.000
104.989583 105.000000  2117.9  114.4  43.3 0.000
105.492361 105.502778  2399.2  129.6  49.0 0.000
105.992361 106.002778  2516.3  135.9  51.4 0.000
106.509722 106.520139  2358.5  127.4  48.2 0.000
107.009722 107.020139  2188.6  118.2  44.8 0.000
107.510417 107.520833  2114.0  114.2  43.2 0.000
108.010417 108.020833  2213.5  119.6  45.2 0.000
108.489583 108.500000  2298.9  124.5  47.8 0.000
108.989583 109.000000  1926.8  104.1  39.4 0.000
109.490278 109.500694  1990.1  107.5  40.7 0.000
111.990278 112.000694  1897.9  102.6  38.9 0.000
112.490278 112.500694  2017.2  109.0  41.3 0.000
112.989583 113.000000  2273.1  122.8  46.5 0.000
113.492361 113.502778  2241.6  121.1  45.7 0.000
115.486111 115.496528  1667.1   90.2  34.4 0.000
115.985417 115.995833  1692.9   91.5  34.8 0.000
116.484722 116.495139  1667.7   90.2  34.3 0.000
116.984028 116.994444  1711.2   92.5  35.2 0.000
117.484028 117.494444  1579.0   85.4  32.5 0.000
117.983333 117.993750  1416.9   76.6  29.2 0.000
118.502083 118.512500  1448.1   78.3  29.9 0.000
119.002083 119.012500  1503.6   81.3  31.0 0.000
119.494444 119.504861  1628.0   88.0  33.5 0.000
120.487500 120.497917  1586.8   85.8  32.7 0.000
120.987500 120.997917  1597.9   86.5  33.1 0.000
121.487500 121.497917  1615.6   87.4  33.4 0.000
121.987500 121.997917  1639.9   88.7  33.9 0.000
122.487500 122.497917  1555.5   84.2  32.2 0.000
122.987500 122.997917  1640.9   88.8  33.9 0.000
125.493750 125.504167  1577.7   85.4  32.6 0.000
125.993750 126.004167  1685.4   91.2  34.8 0.000
126.495139 126.505556  1865.3  100.9  38.4 0.000
126.994444 127.004861  1903.2  102.9  39.1 0.000
127.474306 127.484722  1560.0   84.4  32.2 0.000
128.493750 128.504167  1570.6   85.0  32.5 0.000
128.993056 129.003472  1397.6   75.6  28.9 0.000
129.487500 129.497917  1393.5   75.4  28.8 0.000
129.987500 129.997917  1435.7   77.7  29.7 0.000
133.495139 133.505556  1303.4   70.6  27.1 0.000
133.995139 134.005556  1350.4   73.1  28.1 0.000
134.475694 134.486111  1295.5   70.1  26.9 0.000
134.994444 135.004861  1232.1   66.7  25.6 0.000
135.473611 135.484028  1281.1   69.4  26.6 0.000
136.492361 136.502778  1258.4   68.1  26.1 0.000
136.991667 137.002083  1254.1   67.9  26.1 0.000
139.493056 139.503472  1242.2   67.3  25.8 0.000
139.993056 140.003472  1381.7   74.8  28.7 0.000
140.490278 140.500694  1426.8   77.2  29.5 0.000
140.990278 141.000694  1554.4   84.1  32.1 0.000
141.494444 141.504861  1564.8   84.6  32.3 0.000
141.993750 142.004167  1653.1   89.4  34.1 0.000
143.495139 143.505556  1409.4   76.3  29.2 0.000
143.994444 144.004861  1375.2   74.4  28.5 0.000
144.493750 144.504167  1280.2   69.3  26.7 0.000
144.993750 145.004167  1286.4   69.7  26.9 0.000
145.493056 145.503472  1255.3   68.0  26.2 0.000
145.993056 146.003472  1097.3   59.5  23.1 0.000
146.503472 146.513889  1150.5   62.3  24.0 0.000
147.101389 147.111806   962.2   52.0  19.6 0.000
147.493750 147.504167   984.6   53.4  20.6 0.000
147.993750 148.004167  1011.9   54.8  21.2 0.000
148.552083 148.562500  1147.1   62.1  23.9 0.000
149.003472 149.013889  1305.4   70.7  27.0 0.000
149.490972 149.501389   966.8   52.4  20.3 0.000
149.990972 150.001389   738.9   40.2  15.8 0.000
150.498611 150.509028  1136.6   61.6  23.7 0.000
150.998611 151.009028  1053.3   57.1  22.0 0.000
151.498611 151.509028   975.1   52.9  20.5 0.000
153.487500 153.497917   997.2   54.0  20.7 0.000
153.988194 153.998611   966.8   52.4  20.1 0.000
154.489583 154.500000  1014.8   54.9  21.1 0.000
154.989583 155.000000  1028.5   55.7  21.3 0.000
155.493056 155.503472 99999.9 9999.9 999.9 0.999
155.993056 156.003472 99999.9 9999.9 999.9 0.999
156.495833 156.506250  1287.3   69.7  26.6 0.000
156.995139 157.005556  1353.0   73.2  28.0 0.000
157.493056 157.503472  1279.0   69.2  26.5 0.000
157.993056 158.003472  1553.5   84.0  32.1 0.000
158.492361 158.502778  1461.6   79.1  30.2 0.000
158.992361 159.002778  1524.6   82.5  31.4 0.000
160.493750 160.504167  1178.8   63.8  24.4 0.000
160.993056 161.003472  1294.2   70.0  26.7 0.000
161.493056 161.503472  1193.8   64.6  24.7 0.000
161.992361 162.002778  1124.8   60.9  23.3 0.000
162.493056 162.503472  1133.5   61.4  23.6 0.000
162.993056 163.003472  1059.4   57.3  21.9 0.000
163.493056 163.503472  1044.5   56.5  21.7 0.000
163.993056 164.003472   785.6   42.6  16.4 0.000
164.493750 164.504167  1231.7   66.6  25.4 0.000
164.993750 165.004167  1206.5   65.3  24.9 0.000
170.560417 170.570833  1048.3   56.7  21.7 0.000
171.061111 171.071528   930.8   50.4  19.4 0.000
171.494444 171.504861   902.1   48.9  18.8 0.000
171.995139 172.005556   826.7   44.8  17.2 0.000
172.495139 172.505556   761.5   41.3  15.9 0.000
172.995833 173.006250   806.5   43.7  16.8 0.000
173.496528 173.506944   826.2   44.8  17.2 0.000
173.996528 174.006944   748.6   40.6  15.7 0.000
183.516667 183.527083   723.0   41.2  19.7 0.000
184.016667 184.027083   716.8   40.8  19.4 0.000
184.492361 184.502778   748.9   42.7  20.4 0.000
184.993056 185.003472   768.6   43.4  20.1 0.000
185.487500 185.497917   786.3   43.9  19.5 0.000
185.987500 185.997917   774.0   43.4  19.5 0.000
186.487500 186.497917   779.0   43.5  19.5 0.000
186.986806 186.997222   744.7   42.1  19.6 0.000
187.486111 187.496528   677.0   40.2  21.6 0.000
188.494444 188.504861   764.8   43.5  20.8 0.000
188.993750 189.004167   805.7   45.5  21.1 0.000
190.492361 190.502778   724.7   41.3  19.8 0.000
190.992361 191.002778   762.6   43.2  20.3 0.000
191.497222 191.507639   684.9   38.9  18.4 0.000
191.997222 192.007639   478.2   28.4  15.3 0.000
192.487500 192.497917   672.9   38.3  18.3 0.000
192.987500 192.997917   672.7   38.2  18.2 0.000
193.487500 193.497917   720.9   40.7  19.0 0.000
193.987500 193.997917 99999.9 9999.9 999.9 0.999
194.488194 194.498611   744.6   42.0  19.4 0.000
194.988194 194.998611   748.1   42.1  19.3 0.000
195.499306 195.509722   879.7   49.1  21.7 0.000
196.000000 196.010417   909.9   50.6  22.1 0.000
196.484028 196.494444   876.0   48.9  21.7 0.000
196.984028 196.994444   846.2   47.4  21.4 0.000
197.499306 197.509722   807.5   45.7  21.4 0.000
197.998611 198.009028   729.5   41.2  19.3 0.000
198.500000 198.510417   759.0   42.8  19.7 0.000
198.998611 199.009028   758.0   42.7  19.8 0.000
199.494444 199.504861   773.3   43.5  20.0 0.000
199.994444 200.004861   784.4   44.1  20.1 0.000
200.493750 200.504167   739.2   42.3  20.6 0.000
200.993056 201.003472   621.2   36.5  19.1 0.000
201.493056 201.503472   595.3   35.2  18.7 0.000
201.993056 202.003472   803.3   45.5  21.5 0.000
202.492361 202.502778   758.0   43.1  20.6 0.000
203.492361 203.502778   892.4   49.8  22.2 0.000
203.991667 204.002083   986.5   54.8  23.9 0.000
204.428472 204.438889   897.4   50.2  22.6 0.000
204.478472 204.488889   877.9   49.3  22.4 0.000
204.527778 204.538194   822.8   46.4  21.4 0.000
205.027083 205.037500   792.4   44.8  20.9 0.000
205.500694 205.511111   776.5   43.9  20.6 0.000
206.000694 206.011111   855.5   48.0  21.9 0.000
206.503472 206.513889   880.3   49.3  22.2 0.559
207.003472 207.013889   904.3   50.8  23.2 0.000
207.503472 207.513889   985.8   55.1  24.6 0.000
208.003472 208.013889  1013.8   56.5  25.0 0.000
208.503472 208.513889  1008.6   56.3  25.0 0.000
209.004167 209.014583   864.8   48.8  22.6 0.000
209.502778 209.513194   934.4   51.9  22.5 0.000
210.008333 210.018750   811.4   45.4  20.4 0.000
210.493056 210.503472   766.6   43.1  19.7 0.000
210.993056 211.003472   680.8   38.6  18.2 0.000
211.492361 211.502778   714.5   40.3  18.7 0.000
211.990972 212.001389   619.6   35.5  17.3 0.000
212.486111 212.496528   624.0   35.8  17.5 0.000
212.987500 212.997917   591.0   32.2  12.8 0.000
213.487500 213.497917   609.4   33.2  13.1 0.000
213.988194 213.998611   596.0   32.5  12.9 0.000
214.488194 214.498611   591.6   32.2  12.8 0.000
214.988194 214.998611   706.3   38.4  15.1 0.000
215.488194 215.498611   457.9   25.1  10.3 0.000
216.494444 216.504861   456.6   25.1  10.3 0.000
216.994444 217.004861   422.8   23.2   9.6 0.000
217.495833 217.506250   531.9   29.0  11.7 0.000
217.995833 218.006250   561.4   30.8  12.6 0.000
218.497222 218.507639   519.0   28.4  11.5 0.000
218.997917 219.008333   471.7   26.1  11.2 0.000
219.513194 219.523611   419.8   23.0   9.4 0.000
220.013194 220.023611   517.2   28.2  11.3 0.000
220.497222 220.507639   543.6   29.6  11.8 0.000
220.997917 221.008333   583.4   31.8  12.6 0.000
221.497917 221.508333   777.3   42.2  16.4 0.000
221.998611 222.009028   696.8   37.8  14.8 0.000
223.497222 223.507639   622.7   33.9  13.4 0.000
223.997917 224.008333   612.6   33.3  13.2 0.000
224.495833 224.506250   677.8   36.8  14.4 0.000
224.995139 225.005556   648.0   35.2  13.8 0.000
225.238889 225.249306   645.9   35.0  13.5 0.000
225.313194 225.323611   639.9   34.7  13.5 0.000
225.387500 225.397917   643.4   34.9  13.5 0.000
225.492361 225.502778   627.3   34.1  13.5 0.000
225.992361 226.002778   616.3   33.9  14.2 0.000
226.496528 226.506944   682.4   37.1  14.5 0.000
226.995833 227.006250   682.4   37.1  14.5 0.000
227.495833 227.506250   718.6   39.0  15.2 0.000
227.995139 228.005556   716.7   38.9  15.2 0.000
228.495139 228.505556   706.2   38.3  15.0 0.000
228.995139 229.005556   686.0   37.3  14.6 0.000
230.495139 230.505556   623.1   33.9  13.3 0.000
230.994444 231.004861   631.6   34.3  13.5 0.000
231.495139 231.505556   630.0   34.3  13.5 0.000
231.995139 232.005556   546.1   29.9  12.1 0.000
232.497917 232.508333   634.0   34.5  13.7 0.000
232.997917 233.008333   659.4   35.9  14.2 0.000
233.505556 233.515972   648.0   35.3  14.0 0.000
234.004861 234.015278   677.4   36.9  14.5 0.000
234.491667 234.502083   676.9   36.9  14.6 0.000
234.990972 235.001389   589.3   32.2  13.0 0.000
235.490972 235.501389   618.0   33.7  13.6 0.000
235.990278 236.000694   654.7   35.7  14.2 0.000
237.492361 237.502778   741.3   40.4  16.0 0.000
237.992361 238.002778   657.1   35.8  14.3 0.000
238.492361 238.502778   629.8   34.4  13.8 0.000
238.990972 239.001389   651.0   35.5  14.2 0.000
239.493056 239.503472   584.9   32.0  12.9 0.000
240.495139 240.505556   687.2   37.4  14.7 0.000
240.995833 241.006250   896.2   48.6  18.8 0.000
241.491667 241.502083   859.6   46.6  18.1 0.000
241.991667 242.002083   899.5   48.8  18.9 0.000
242.491667 242.502083   760.6   41.3  16.2 0.000
242.991667 243.002083   874.4   47.4  18.4 0.000
244.493750 244.504167   639.5   36.3  17.2 0.000
244.993056 245.003472   607.7   34.2  15.6 0.000
245.499306 245.509722   606.5   34.4  16.3 0.000
245.999306 246.009722   616.4   34.8  16.2 0.000
246.494444 246.504861   597.1   33.8  15.9 0.000
246.994444 247.004861   537.3   30.8  15.1 0.000
247.495139 247.505556   550.4   31.3  14.9 0.000
247.995139 248.005556   540.7   30.8  14.8 0.000
248.488194 248.498611   557.0   31.5  14.8 0.000
248.988194 248.998611   631.3   35.4  16.0 0.000
249.488194 249.498611   684.1   38.1  16.9 0.000
249.988194 249.998611   665.1   37.2  16.7 0.000
251.493750 251.504167   672.0   37.6  16.8 0.000
251.993750 252.004167   659.1   37.1  17.0 0.000
252.502083 252.512500   675.0   37.8  17.0 0.000
253.002083 253.012500   643.0   36.2  16.7 0.000
253.492361 253.502778   715.4   39.9  17.7 0.000
253.992361 254.002778   749.4   41.9  18.7 0.000
254.499306 254.509722   822.7   45.5  19.4 0.000
255.000000 255.010417  1134.6   62.2  25.6 0.000
255.487500 255.497917   834.9   46.3  20.0 0.000
255.987500 255.997917   767.5   42.7  18.7 0.000
256.488194 256.498611   937.6   52.2  22.9 0.000
256.988194 256.998611   841.7   46.9  20.8 0.000
258.499306 258.509722  1156.8   63.3  25.7 0.000
259.000000 259.010417  1283.6   70.0  28.0 0.000
259.494444 259.504861   878.3   48.5  20.6 0.000
259.995139 260.005556   848.4   47.0  20.2 0.000
260.496528 260.506944   888.1   49.1  20.8 0.559
260.996528 261.006944   924.3   51.0  21.5 0.000
261.495139 261.505556   979.3   53.9  22.5 0.000
261.994444 262.004861   933.5   51.5  21.7 0.000
262.490972 262.501389  1003.9   55.2  22.9 0.559
262.990972 263.001389   870.4   48.1  20.5 0.000
263.490972 263.501389   810.3   44.9  19.4 0.000
263.990972 264.001389   878.1   48.5  20.7 0.000
265.495139 265.505556   977.0   53.9  22.7 0.000
265.995139 266.005556   959.6   52.9  22.2 0.000
266.494444 266.504861   959.4   52.9  22.2 0.000
266.994444 267.004861  1136.2   63.3  27.8 0.000
267.502083 267.512500  1093.7   60.0  24.6 0.000
268.001389 268.011806  1588.7   86.6  34.4 0.000
268.495833 268.506250  1747.5   95.0  37.4 0.000
268.997222 269.007639  2017.1  109.3  42.1 0.000
269.492361 269.502778  1212.2   66.3  26.8 0.000
269.991667 270.002083  1287.3   70.2  28.1 0.000
270.491667 270.502083  1407.6   76.8  30.7 0.000
270.990972 271.001389  1275.1   69.7  28.0 0.000
272.494444 272.504861  1362.5   74.4  29.8 0.000
272.995139 273.005556  1474.9   80.3  31.9 0.000
273.495833 273.506250  1330.9   72.6  29.1 0.000
273.995833 274.006250  1323.4   71.7  27.6 0.000
274.493056 274.503472  1057.1   57.4  22.5 0.000
274.991667 275.002083   863.8   47.1  18.7 0.000
275.495139 275.505556   933.9   50.8  20.1 0.000
275.995139 276.005556   808.5   44.1  17.6 0.000
276.495139 276.505556   827.7   45.1  17.9 0.000
276.995833 277.006250   841.2   45.8  18.2 0.000
277.495833 277.506250  1122.5   60.9  23.7 0.000
277.995833 278.006250  1079.2   58.6  22.9 0.000
282.492361 282.502778  1015.3   55.2  21.6 0.000
