data/obs/c2h6/WDCGG/event/DE0043G.20090101000000.20170703000000.online_gc.ethane.air.1y.12h.DE09L_Varian_GC-3800-FID_HPB_C2-C8-hydrocarb.DE09L_Measurements_of_Hydrocarbons_GC-3800.lev2.nas
74 1001
Claude, Anja; Plass-Duelmer, Christian
DE09L, Deutscher Wetterdienst, DWD, Met. Obs., Hohenspeissenberg, , 82283, Hohenspeissenberg, Germany
Claude, Anja
ACTRIS EMEP GAW-WDCRG
1 1
2009 01 01 2017 07 03
0
days from file reference point
5
1 1 1 1 1
999.999999 99999.9 9999.9 9999.9 9.999
end_time of measurement, days from the file reference point
ethane, pmol/mol, Statistics=arithmetic mean
ethane, pmol/mol, Statistics=expanded uncertainty 2sigma
ethane, pmol/mol, Statistics=precision
numflag, no unit
0
55
Data definition:              EBAS_1.1
Set type code:                TI
Timezone:                     UTC
File name:                    DE0043G.20090101000000.20170703000000.online_gc.ethane.air.1y.12h.DE09L_Varian_GC-3800-FID_HPB_C2-C8-hydrocarb.DE09L_Measurements_of_Hydrocarbons_GC-3800.lev2.nas
File creation:                20190306184600
Startdate:                    20090101000000
Revision date:                20170703000000
Version:                      3
Version description:          2nd revision 2017, manually inspected, 2017 header
Data level:                   2
Period code:                  1y
Resolution code:              12h
Sample duration:              15mn
Orig. time res.:              15mn
Station code:                 DE0043G
Platform code:                DE0043S
Station name:                 Hohenpeissenberg
Station WDCA-ID:              GAWADE__HPB
Station GAW-ID:               HPB
Station GAW-Name:             Hohenpeissenberg
Station land use:             Grassland
Station setting:              Mountain
Station GAW type:             G
Station WMO region:           6
Station latitude:             47.8014984131
Station longitude:            11.0096197128
Station altitude:             985.0m
Measurement altitude:         1000.0m
Measurement height:           15.0m
Regime:                       IMG
Component:                    ethane
Unit:                         pmol/mol
Matrix:                       air
Instrument type:              online_gc
Laboratory code:              DE09L
Instrument name:              Varian_GC-3800-FID_HPB_C2-C8-hydrocarb
Instrument manufacturer:      Varian
Instrument model:             GC-3800
Instrument serial number:     104633
Method ref:                   DE09L_Measurements_of_Hydrocarbons_GC-3800
Standard method:              SOP=ACTRIS_VOC_2014
Calibration scale:            NPL
Calibration standard ID:      Manufacturer NPL (quantum passivated cylinder form Air products); Batch APE 358162
Inlet type:                   Hat or hood
Inlet description:            Downward facing with hood
Detection limit expl.:        Determined by multiple peak integration of zero gas measurements, detection limit flag 147 is used for values under detection  limit defined as 3-sigma precision
Measurement uncertainty expl.: "Includes reproducibility (precision) + systematic errors (accuracy). Ref:http://www.atmos-meas-tech.net/8/2715/2015/"
Zero/negative values code:    Zero/negative possible
Zero/negative values:         Zero and neg. values may appear due to statistical variations at very low concentrations
Originator:                   Claude, Anja, anja.claude@dwd.de, Deutscher Wetterdienst, DWD, Hohenpeissenberg Meteorological Observatory, Albin-Schwaiger-Weg 10, , D-82383, Hohenpeissenberg, Germany
Originator:                   Plass-Duelmer, Christian, , , , , , , , , 
Submitter:                    Claude, Anja, anja.claude@dwd.de, Deutscher Wetterdienst, DWD, Hohenpeissenberg Meteorological Observatory, Albin-Schwaiger-Weg 10, , D-82383, Hohenpeissenberg, Germany
Acknowledgement:              Request acknowledgement details from data originator
Comment:                      preconcentration on glass beeds (-197\B0C), o3 removed, cryo-dryer at -40\B0C, 2 week calibration interval,two target gases were used.
starttime endtime C2H6 C2H6 C2H6 flag
[from data line 641]
310.995833 311.006250  1520.2   82.1   31.1 0.000
311.495833 311.506250  1538.6   83.1   31.5 0.000
311.995833 312.006250  2023.4  109.3   41.3 0.000
312.491667 312.502083  2184.8  118.0   44.5 0.000
312.991667 313.002083  2106.1  113.7   43.0 0.000
313.493750 313.504167  2199.4  118.8   44.8 0.000
313.994444 314.004861  2373.7  128.2   48.4 0.000
314.495833 314.506250  2385.5  128.8   48.6 0.000
314.995833 315.006250  2100.8  113.4   42.9 0.000
315.495833 315.506250  1190.0   64.3   24.5 0.000
315.996528 316.006944   947.1   51.3   19.6 0.000
316.495139 316.505556   832.6   45.1   17.3 0.000
316.995833 317.006250   764.3   41.4   16.0 0.000
317.496528 317.506944   841.0   45.6   17.5 0.000
317.996528 318.006944   994.4   53.8   20.6 0.000
318.497222 318.507639  1191.0   64.4   24.6 0.000
318.997917 319.008333   998.0   54.0   20.7 0.000
319.493750 319.504167   813.2   44.0   16.9 0.000
319.994444 320.004861   738.1   40.1   15.6 0.000
320.493750 320.504167   637.3   34.6   13.4 0.000
320.994444 321.004861  1296.3   70.1   26.6 0.000
321.541667 321.552083  1203.8   65.1   24.8 0.000
321.993750 322.004167  1221.0   66.0   25.2 0.000
322.496528 322.506944  1245.2   67.3   25.5 0.000
322.996528 323.006944  1132.4   61.2   23.3 0.000
323.495833 323.506250   927.1   50.2   19.2 0.000
323.995833 324.006250   862.7   46.7   17.9 0.000
324.495833 324.506250   853.2   46.2   17.7 0.000
324.996528 325.006944   631.6   34.3   13.3 0.000
325.496528 325.506944  1663.1   89.8   34.0 0.000
325.996528 326.006944  1347.0   72.8   27.6 0.000
326.495139 326.505556  1422.5   76.9   29.1 0.000
326.948958 326.959375  1314.1   71.0   27.0 0.000
327.492361 327.502778  1247.0   67.4   25.6 0.000
327.992361 328.002778  1066.9   57.7   22.0 0.000
328.491667 328.502083  1360.5   73.5   27.9 0.599
328.991667 329.002083  1041.0   56.3   21.5 0.000
329.497917 329.508333  1276.5   69.0   26.2 0.000
329.998611 330.009028  1290.2   69.7   26.5 0.000
330.493750 330.504167  1355.8   73.3   27.8 0.000
330.994444 331.004861  1483.7   80.2   30.4 0.000
331.494444 331.504861  1790.9   96.7   36.6 0.000
331.995833 332.006250  1542.5   83.3   31.6 0.000
332.496528 332.506944  1754.2   94.7   35.8 0.000
332.996528 333.006944  1543.8   83.4   31.6 0.000
333.497222 333.507639  1923.9  103.9   39.3 0.000
333.997222 334.007639  1918.7  103.6   39.2 0.000
334.494444 334.504861  2036.6  110.0   41.6 0.000
334.995139 335.005556  1976.5  106.7   40.3 0.000
335.506944 335.517361  1968.2  106.3   40.2 0.000
336.007639 336.018056  1450.2   78.4   29.7 0.000
336.493056 336.503472  1234.9   66.8   25.4 0.000
336.993750 337.004167  1400.6   75.7   28.7 0.000
337.495833 337.506250  1434.5   77.5   29.5 0.000
337.996528 338.006944  1469.6   79.4   30.1 0.000
338.497222 338.507639  1328.2   71.8   27.3 0.000
338.998611 339.009028  1410.6   76.3   29.0 0.000
339.499306 339.509722  1213.1   65.7   25.2 0.000
340.000694 340.011111  1078.9   58.4   22.4 0.000
340.493750 340.504167  1102.1   59.7   22.9 0.000
340.993056 341.003472  1083.2   58.7   22.5 0.000
341.494444 341.504861  1525.4   82.4   31.2 0.000
342.495139 342.505556  1507.4   81.4   30.8 0.000
342.995833 343.006250  1526.5   82.5   31.2 0.000
344.493750 344.504167  1614.6   87.2   33.1 0.000
344.993750 345.004167  3480.3  187.8   70.7 0.000
345.494444 345.504861  2451.2  132.4   50.0 0.000
345.994444 346.004861  2815.1  152.0   57.4 0.000
346.494444 346.504861  2846.6  153.7   58.0 0.000
346.994444 347.004861  3036.2  163.9   61.8 0.000
347.496528 347.506944  3108.4  167.8   63.1 0.000
347.997222 348.007639  3076.6  166.1   62.7 0.000
348.495139 348.505556  3166.8  170.9   64.4 0.000
348.995833 349.006250  2590.7  139.9   52.9 0.000
349.497917 349.508333  2145.6  115.9   43.9 0.000
349.998611 350.009028  2083.8  112.5   42.5 0.000
350.302778 350.313194  2045.6  110.5   41.7 0.000
350.352083 350.362500  2008.0  108.4   40.9 0.000
350.401389 350.411806  2020.2  109.1   41.2 0.000
350.450694 350.461111  2114.7  114.2   43.2 0.000
350.534722 350.545139  2075.3  112.1   42.3 0.000
350.618750 350.629167  2017.5  108.9   41.1 0.000
350.702778 350.713194  2130.5  115.1   43.7 0.000
350.786806 350.797222  1993.1  107.7   40.8 0.000
350.836111 350.846528  2075.1  112.1   42.3 0.000
350.885417 350.895833  2015.6  108.9   41.2 0.000
350.934722 350.945139  2004.0  108.2   40.9 0.000
351.018750 351.029167  1989.7  107.5   40.7 0.000
351.102778 351.113194  1985.2  107.2   40.6 0.000
351.186806 351.197222  2047.1  110.5   41.8 0.000
351.270833 351.281250  2074.1  112.0   42.4 0.000
351.493750 351.504167  2017.2  109.0   41.2 0.000
351.993056 352.003472  2230.0  120.4   45.5 0.000
352.492361 352.502778  2630.8  142.0   53.5 0.000
352.992361 353.002778  3630.2  195.9   73.7 0.000
353.492361 353.502778  2683.6  144.9   54.6 0.000
353.992361 354.002778  1914.4  103.4   39.1 0.000
354.497917 354.508333  1757.5   94.9   35.9 0.000
354.998611 355.009028  2087.2  112.7   42.6 0.000
355.498611 355.509028  1913.7  103.3   39.0 0.000
355.999306 356.009722  2117.7  114.4   43.2 0.000
356.499306 356.509722  1922.0  103.8   39.2 0.000
356.999306 357.009722  1862.9  100.6   38.0 0.000
357.500000 357.510417  1720.3   92.9   35.2 0.000
358.000694 358.011111  1614.8   87.2   33.0 0.000
358.500694 358.511111  1880.0  101.5   38.4 0.000
359.001389 359.011806  1879.4  101.5   38.3 0.000
359.502083 359.512500  1838.6   99.3   37.5 0.000
360.002083 360.012500  1610.2   87.0   32.9 0.000
360.502778 360.513194  1813.5   97.9   37.0 0.000
361.002778 361.013194  1706.1   92.2   34.9 0.000
361.497917 361.508333  1841.2   99.4   37.6 0.000
361.998611 362.009028  1864.0  100.7   38.0 0.000
362.497222 362.507639  1378.8   74.6   28.6 0.000
362.997917 363.008333  1396.6   75.5   28.6 0.000
363.494444 363.504861  1393.3   75.4   28.7 0.000
363.995139 364.005556  1603.5   86.7   32.9 0.000
364.495833 364.506250  1691.3   91.4   34.6 0.000
