data/obs/c2h6/WDCGG/event/DE0043G.20160101114900.20170511000000.online_gc.ethane.air.1y.12h.DE09L_Varian_GC-3800-FID_HPB_C2-C8-hydrocarb.DE09L_Measurements_of_Hydrocarbons_GC-3800.lev2.nas
74 1001
Claude, Anja; Kubistin, Dagmar
DE09L, Deutscher Wetterdienst, DWD, Met. Obs., Hohenspeissenberg, , 82283, Hohenspeissenberg, Germany
Claude, Anja
ACTRIS EMEP GAW-WDCRG
1 1
2016 01 01 2017 05 11
0
days from file reference point
5
1 1 1 1 1
999.999999 99999.9 9999.9 9999.9 9.999
end_time of measurement, days from the file reference point
ethane, pmol/mol, Statistics=arithmetic mean
ethane, pmol/mol, Statistics=expanded uncertainty 2sigma
ethane, pmol/mol, Statistics=precision
numflag, no unit
0
55
Data definition:              EBAS_1.1
Set type code:                TI
Timezone:                     UTC
File name:                    DE0043G.20160101114900.20170511000000.online_gc.ethane.air.1y.12h.DE09L_Varian_GC-3800-FID_HPB_C2-C8-hydrocarb.DE09L_Measurements_of_Hydrocarbons_GC-3800.lev2.nas
File creation:                20190306184600
Startdate:                    20160101114900
Revision date:                20170511000000
Version:                      2
Version description:          initial revision, manually inspected, revised after Duebendorf data workshop
Data level:                   2
Period code:                  1y
Resolution code:              12h
Sample duration:              15mn
Orig. time res.:              15mn
Station code:                 DE0043G
Platform code:                DE0043S
Station name:                 Hohenpeissenberg
Station WDCA-ID:              GAWADE__HPB
Station GAW-ID:               HPB
Station GAW-Name:             Hohenpeissenberg
Station land use:             Grassland
Station setting:              Mountain
Station GAW type:             G
Station WMO region:           6
Station latitude:             47.8014984131
Station longitude:            11.0096197128
Station altitude:             985.0m
Measurement altitude:         1000.0m
Measurement height:           15.0m
Regime:                       IMG
Component:                    ethane
Unit:                         pmol/mol
Matrix:                       air
Instrument type:              online_gc
Laboratory code:              DE09L
Instrument name:              Varian_GC-3800-FID_HPB_C2-C8-hydrocarb
Instrument manufacturer:      Varian
Instrument model:             GC-3800
Instrument serial number:     104633
Method ref:                   DE09L_Measurements_of_Hydrocarbons_GC-3800
Standard method:              SOP=ACTRIS_VOC_2014
Calibration scale:            NPL
Calibration standard ID:      Manufacturer NPL (quantum passivated cylinder form Air products); Batch D910379
Inlet type:                   Hat or hood
Inlet description:            Downward facing with hood
Detection limit expl.:        Determined by multiple peak integration of zero gas measurements, detection limit flag 147 is used for values under detection  limit defined as 3-sigma precision
Measurement uncertainty expl.: "Includes reproducibility (precision) + systematic errors (accuracy). Ref:http://www.atmos-meas-tech.net/8/2715/2015/"
Zero/negative values code:    Zero/negative possible
Zero/negative values:         Zero and neg. values may appear due to statistical variations at very low concentrations
Originator:                   Claude, Anja, anja.claude@dwd.de, Deutscher Wetterdienst, DWD, Hohenpeissenberg Meteorological Observatory, Albin-Schwaiger-Weg 10, , D-82383, Hohenpeissenberg, Germany
Originator:                   Kubistin, Dagmar, dagmar.kubistin@dwd.de, Deutscher Wetterdienst, DWD, Hohenpeissenberg Meteorological Observatory, Albin-Schwaiger-Weg 10, , D-82383, Hohenpeissenberg, Germany
Submitter:                    Claude, Anja, anja.claude@dwd.de, Deutscher Wetterdienst, DWD, Hohenpeissenberg Meteorological Observatory, Albin-Schwaiger-Weg 10, , D-82383, Hohenpeissenberg, Germany
Acknowledgement:              Request acknowledgement details from data originator
Comment:                      preconcentration on glass beeds (-197\B0C), o3 removed, cryo-dryer at -40\B0C, 2 week calibration interval, two target gases were used
starttime endtime C2H6 C2H6 C2H6 flag
  0.492361   0.502778  2090.5   59.7   42.6 0.000
  0.992361   1.002778  2139.6   61.1   43.6 0.000
  1.491667   1.502083  2441.2   69.6   49.7 0.000
  1.991667   2.002083  2054.4   58.7   41.9 0.000
  2.490972   2.501389  2005.0   57.3   40.9 0.000
  2.990972   3.001389  1937.2   55.4   39.5 0.000
  3.495139   3.505556  2045.2   58.4   41.7 0.000
  3.995139   4.005556  1950.8   55.7   39.8 0.000
  4.493750   4.504167  1836.7   52.5   37.5 0.000
  4.993056   5.003472  1906.9   54.5   38.9 0.000
  5.493056   5.503472  1919.2   54.9   39.2 0.000
  5.992361   6.002778  1976.8   56.5   40.3 0.000
  6.494444   6.504861  2046.7   58.5   41.7 0.000
  6.994444   7.004861  2268.1   64.7   46.2 0.000
  7.495139   7.505556  2489.7   71.0   50.6 0.000
  7.994444   8.004861  1569.8   45.0   32.2 0.000
  8.494444   8.504861  1475.5   42.3   30.3 0.000
  8.993750   9.004167  1366.4   39.2   28.1 0.000
  9.493750   9.504167  1750.3   50.1   35.8 0.000
  9.993056  10.003472  1809.7   51.7   37.0 0.000
 10.495139  10.505556  1833.2   52.4   37.5 0.000
 10.994444  11.004861  2083.9   59.5   42.5 0.000
 11.495139  11.505556  2517.6   71.8   51.2 0.000
 11.995139  12.005556  2058.2   58.8   42.0 0.000
 12.494444  12.504861  2336.8   66.7   47.6 0.000
 12.994444  13.004861  2098.0   59.9   42.8 0.000
 13.495139  13.505556  2483.3   70.8   50.5 0.000
 13.995139  14.005556  2329.7   66.5   47.4 0.000
 14.493056  14.503472  2209.9   63.1   45.0 0.000
 14.993056  15.003472  2338.3   66.7   47.6 0.000
 15.492361  15.502778  2672.4   76.2   54.3 0.000
 15.991667  16.002083  2500.3   71.3   50.9 0.000
 16.491667  16.502083  2504.0   71.4   50.9 0.000
 16.990972  17.001389  2719.9   77.6   55.3 0.000
 17.495139  17.505556  2623.8   74.8   53.3 0.000
 17.994444  18.004861  2197.8   62.7   44.8 0.000
 18.495139  18.505556  2343.2   66.9   47.7 0.000
 18.994444  19.004861  2654.1   75.7   53.9 0.000
 19.494444  19.504861  2600.8   74.2   52.9 0.000
 19.993750  20.004167  2617.8   74.7   53.2 0.000
 20.495833  20.506250  2572.8   73.4   52.3 0.000
 20.995139  21.005556  2728.9   77.8   55.5 0.000
 21.493750  21.504167  2439.4   69.6   49.6 0.000
 21.993056  22.003472  1958.3   56.0   40.0 0.000
 22.493056  22.503472  2212.0   63.1   45.1 0.000
 22.992361  23.002778  2210.6   63.1   45.0 0.000
 23.491667  23.502083  2358.5   67.3   48.0 0.000
 23.991667  24.002083  2168.9   61.9   44.2 0.000
 24.495139  24.505556  1667.9   47.7   34.1 0.000
 24.995139  25.005556  1271.0   36.5   26.2 0.000
 25.569444  25.579861  1404.7   40.3   28.9 0.000
 26.009028  26.019444  1283.3   36.9   26.5 0.000
 26.495139  26.505556  1421.4   40.8   29.2 0.000
 26.994444  27.004861  1230.0   35.4   25.4 0.000
 27.264583  27.275000  1411.1   40.5   29.0 0.000
 27.313889  27.324306  1416.8   40.6   29.1 0.000
 27.363194  27.373611  1452.8   41.7   29.9 0.000
 27.412500  27.422917  1501.0   43.0   30.8 0.000
 27.496528  27.506944  1710.6   48.9   35.0 0.000
 27.579861  27.590278  1828.8   52.3   37.4 0.000
 27.663889  27.674306  1870.2   53.5   38.2 0.000
 27.747222  27.757639  1940.3   55.4   39.6 0.000
 27.795833  27.806250  2110.2   60.3   43.0 0.000
 27.845833  27.856250  2050.5   58.6   41.8 0.000
 27.894444  27.904861  1989.9   56.9   40.6 0.000
 27.986111  27.996528  1826.1   52.2   37.3 0.000
 28.070139  28.080556  1824.7   52.2   37.3 0.000
 28.154167  28.164583  1950.1   55.7   39.8 0.000
 28.237500  28.247917  2211.3   63.1   45.0 0.000
 28.495139  28.505556  2262.3   64.6   46.1 0.000
 28.994444  29.004861  2052.2   58.6   41.9 0.000
 29.494444  29.504861  1862.0   53.2   38.0 0.000
 29.993750  30.004167  1887.9   54.0   38.6 0.000
 30.493750  30.504167  2079.7   59.4   42.4 0.000
 30.993056  31.003472  1726.6   49.4   35.3 0.000
 31.495139  31.505556  1507.5   45.4   33.9 0.000
 31.995139  32.005556  1582.7   47.6   35.6 0.000
 32.478472  32.488889  1482.0   44.6   33.3 0.000
 32.978472  32.988889  1546.8   46.5   34.8 0.000
 33.495139  33.505556  2303.4   69.3   51.7 0.000
 33.995139  34.005556  2381.5   71.6   53.5 0.000
 34.494444  34.504861  2684.2   80.7   60.3 0.000
 34.994444  35.004861  2552.0   76.7   57.3 0.000
 35.495139  35.505556  2346.3   70.6   52.7 0.000
 35.994444  36.004861  2616.7   78.7   58.8 0.000
 36.494444  36.504861  2442.5   73.5   54.9 0.000
 36.993750  37.004167  1969.8   59.2   44.3 0.000
 37.492361  37.502778  2367.3   71.2   53.2 0.000
 37.992361  38.002778  2344.9   70.5   52.7 0.000
 38.493750  38.504167  2498.9   75.1   56.1 0.000
 38.993750  39.004167  2044.3   61.5   45.9 0.000
 39.494444  39.504861  2074.0   62.4   46.6 0.000
 39.994444  40.004861  2154.2   64.8   48.4 0.000
 40.495139  40.505556  2236.5   67.3   50.2 0.000
 40.993750  41.004167  2283.2   68.7   51.3 0.000
 41.494444  41.504861  2265.6   68.1   50.9 0.000
 41.993056  42.003472  2330.4   70.1   52.3 0.000
 42.495139  42.505556  2321.8   69.8   52.1 0.000
 42.995139  43.005556  2274.5   68.4   51.1 0.000
 43.494444  43.504861  2531.1   76.1   56.8 0.000
 43.995833  44.006250  2419.3   72.8   54.3 0.000
 44.495139  44.505556  2408.4   72.4   54.1 0.000
 44.995833  45.006250  2652.0   79.7   59.5 0.000
 45.492361  45.502778  2600.9   78.2   58.4 0.000
 45.992361  46.002778  3306.3   99.4   74.2 0.000
 46.493056  46.503472  2980.6   89.6   66.9 0.000
 46.993056  47.003472  2966.7   89.2   66.6 0.000
 47.493056  47.503472  3148.4   94.7   70.7 0.000
 47.992361  48.002778  3141.9   94.5   70.5 0.000
 48.492361  48.502778  3157.4   94.9   70.9 0.000
 48.992361  49.002778  2843.3   85.5   63.8 0.000
 49.493750  49.504167  3047.6   91.6   68.4 0.000
 49.993750  50.004167  2646.1   79.6   59.4 0.000
 50.493056  50.503472  2352.8   70.7   52.8 0.000
 50.993056  51.003472  1904.6   57.3   42.8 0.000
 51.492361  51.502778  1682.1   50.6   37.8 0.000
 51.993056  52.003472  1467.9   44.2   33.0 0.000
 52.494444  52.504861  1775.0   53.4   39.9 0.000
 52.994444  53.004861  2021.5   60.8   45.4 0.000
 53.494444  53.504861  2093.7   63.0   47.0 0.000
 53.993750  54.004167  2456.9   73.9   55.2 0.000
 54.540972  54.551389  2426.4   73.0   54.5 0.000
 54.994444  55.004861  2575.1   77.4   57.8 0.000
 55.494444  55.504861  2572.3   77.3   57.8 0.000
 55.993750  56.004167  2641.8   79.4   59.3 0.000
 56.268750  56.279167  2642.9   79.5   59.3 0.000
 56.317361  56.327778  2679.2   80.6   60.2 0.000
 56.366667  56.377083  2637.5   79.3   59.2 0.000
 56.416667  56.427083  2632.9   79.2   59.1 0.000
 56.500694  56.511111  2731.1   82.1   61.3 0.000
 56.584028  56.594444  2806.7   84.4   63.0 0.000
 56.668056  56.678472  2685.1   80.7   60.3 0.000
 56.752083  56.762500  2721.5   81.8   61.1 0.000
 56.800694  56.811111  2724.3   81.9   61.2 0.000
 56.850694  56.861111  2763.2   83.1   62.0 0.000
 56.899306  56.909722  2833.2   85.2   63.6 0.000
 56.991667  57.002083  2744.4   82.5   61.6 0.000
 57.075694  57.086111  2497.1   75.1   56.1 0.000
 57.159722  57.170139  2222.3   66.8   49.9 0.000
 57.243056  57.253472  2265.7   68.1   50.9 0.000
 57.501389  57.511806  2581.4   77.6   58.0 0.000
 58.000694  58.011111  2255.2   67.8   50.6 0.000
 58.500000  58.510417  2311.3   69.5   51.9 0.000
 58.999306  59.009722  3661.4  110.1   82.2 0.000
 59.493750  59.504167  4078.8  122.6   91.6 0.000
 59.993056  60.003472  3173.9   95.4   71.2 0.000
 60.495139  60.505556  3112.8   88.6   63.0 0.000
 60.994444  61.004861  2650.2   75.4   53.7 0.000
 61.577778  61.588194  1981.7   56.5   40.2 0.000
 61.993750  62.004167  2304.2   65.6   46.7 0.000
 62.495139  62.505556  2378.2   67.7   48.2 0.000
 62.995139  63.005556  2630.5   74.9   53.3 0.000
 63.493750  63.504167  2607.8   74.2   52.8 0.000
 63.993750  64.004167  2296.2   65.4   46.5 0.000
 64.493056  64.503472  2283.3   65.0   46.3 0.000
 64.993750  65.004167  2393.5   68.1   48.5 0.000
 65.493056  65.503472  2678.5   76.2   54.2 0.000
 65.993056  66.003472  2581.0   73.5   52.3 0.000
 66.495139  66.505556  2480.9   70.6   50.3 0.000
 66.994444  67.004861  2493.5   71.0   50.5 0.000
 67.493750  67.504167  2645.3   75.3   53.6 0.000
 67.993750  68.004167  2792.6   79.5   56.6 0.000
 68.540972  68.551389  2678.2   76.2   54.3 0.000
 69.040972  69.051389  2697.3   76.8   54.6 0.000
 69.493750  69.504167  2647.6   75.4   53.6 0.000
 69.993056  70.003472  2999.1   85.4   60.7 0.000
 70.494444  70.504861  2987.3   85.0   60.5 0.000
 70.994444  71.004861  3040.4   86.5   61.6 0.000
 71.494444  71.504861  3125.8   89.0   63.3 0.000
 71.994444  72.004861  3391.7   96.5   68.7 0.000
 72.493750  72.504167  3682.6  104.8   74.5 0.000
 72.994444  73.004861  3468.8   98.7   70.2 0.000
 73.495833  73.506250  3002.6   85.5   60.8 0.000
 73.995139  74.005556  2902.8   82.6   58.8 0.000
 74.493750  74.504167  2302.5   65.6   46.7 0.000
 74.993056  75.003472  2760.0   78.6   55.9 0.000
 75.494444  75.504861  2840.1   80.8   57.5 0.000
 75.994444  76.004861  2741.2   78.0   55.5 0.000
 76.495139  76.505556  2906.8   82.7   58.9 0.000
 76.994444  77.004861  2886.9   82.2   58.5 0.000
 77.494444  77.504861  2700.6   76.9   54.7 0.000
 77.993750  78.004167  2645.3   75.3   53.6 0.000
 78.493750  78.504167  2625.3   74.7   53.2 0.000
 78.993750  79.004167  2690.7   76.6   54.5 0.000
 79.493056  79.503472  2547.6   72.5   51.6 0.000
 79.993056  80.003472  2005.8   57.1   40.7 0.000
 80.494444  80.504861  2199.7   62.6   44.6 0.000
 80.993750  81.004167  2358.5   67.1   47.8 0.000
 81.496528  81.506944  2136.6   60.8   43.3 0.000
 81.995833  82.006250  2360.0   67.2   47.8 0.000
 82.491667  82.502083  2531.1   72.1   51.3 0.000
 82.990972  83.001389  2579.4   73.4   52.3 0.000
 83.494444  83.504861  2221.0   63.2   45.0 0.000
 83.994444  84.004861  2393.9   68.2   48.5 0.000
 84.493750  84.504167  2343.2   66.7   47.5 0.000
 84.993750  85.004167  2028.3   57.8   41.1 0.000
 85.493056  85.503472  1934.4   55.1   39.2 0.000
 85.993056  86.003472  1900.5   54.1   38.6 0.000
 86.493056  86.503472  2058.1   58.6   41.7 0.000
 86.992361  87.002778  1973.7   56.2   40.0 0.000
 87.492361  87.502778  2052.8   58.5   41.6 0.000
 87.991667  88.002083  1960.9   55.9   39.8 0.000
 88.493750  88.504167  1970.1   56.1   40.0 0.000
 88.993750  89.004167  2011.1   57.3   40.8 0.000
 89.495139  89.505556  1870.9   53.3   38.0 0.000
 89.995139  90.005556  1760.2   50.1   35.7 0.000
 91.493750  91.504167  2461.2   70.0   49.8 0.000
 91.993750  92.004167  2457.0   69.9   49.7 0.000
 92.267361  92.277778  2432.0   69.2   49.2 0.000
 92.315972  92.326389  2463.9   70.1   49.9 0.000
 92.365278  92.375694  2443.4   69.5   49.5 0.000
 92.415278  92.425694  2410.3   68.6   48.8 0.000
 92.498611  92.509028  2649.2   75.4   53.6 0.000
 92.581250  92.591667  2645.6   75.3   53.6 0.000
 92.665972  92.676389  2617.0   74.5   53.0 0.000
 92.749306  92.759722  2333.2   66.4   47.2 0.000
 92.797917  92.808333  2009.7   57.2   40.7 0.000
 92.847917  92.858333  2003.1   57.0   40.6 0.000
 92.896528  92.906944  1852.8   52.7   37.5 0.000
 92.986111  92.996528  1703.1   48.5   34.5 0.000
 93.070139  93.080556  1551.8   44.2   31.5 0.000
 93.153472  93.163889  1513.7   43.1   30.7 0.000
 93.236111  93.246528  1520.9   43.3   30.8 0.000
 93.493750  93.504167  1602.0   45.6   32.5 0.000
 93.993056  94.003472  1570.5   44.7   31.8 0.000
 94.494444  94.504861  2013.2   57.3   40.8 0.000
 94.993750  95.004167  1892.5   53.9   38.3 0.000
 95.494444  95.504861  1984.9   56.5   40.2 0.000
 95.993750  96.004167  1933.5   55.0   39.2 0.000
 96.497917  96.508333  2006.8   57.1   40.6 0.000
 96.997222  97.007639  1984.1   56.5   40.2 0.000
 97.495833  97.506250  1760.5   50.1   35.7 0.000
 97.995139  98.005556  1885.9   53.7   38.2 0.000
 98.495139  98.505556  1969.3   56.1   39.9 0.000
 98.995139  99.005556  2058.3   58.6   41.7 0.000
 99.494444  99.504861  2118.4   60.3   42.9 0.000
 99.995139 100.005556  2100.7   59.8   42.5 0.000
100.494444 100.504861  1959.5   55.8   39.7 0.000
100.994444 101.004861  1942.3   55.3   39.3 0.000
101.492361 101.502778  2086.8   59.4   42.3 0.000
101.992361 102.002778  2010.0   57.2   40.7 0.000
102.494444 102.504861  1815.5   51.7   36.8 0.000
102.993750 103.004167  2090.3   59.5   42.3 0.000
103.497222 103.507639  1789.6   50.9   36.3 0.000
103.996528 104.006944  1813.6   51.6   36.7 0.000
104.493056 104.503472  1956.0   55.7   39.6 0.000
104.992361 105.002778  1918.9   54.6   38.9 0.000
105.494444 105.504861  1879.6   53.5   38.1 0.000
105.994444 106.004861  1862.0   53.0   37.7 0.000
106.493750 106.504167  1751.5   49.9   35.5 0.000
106.993750 107.004167  1788.8   50.9   36.2 0.000
107.493750 107.504167  1677.7   47.8   34.0 0.000
107.993750 108.004167  1927.2   54.9   39.0 0.000
108.494444 108.504861  2139.3   60.9   43.3 0.000
108.994444 109.004861  2287.1   65.1   46.3 0.000
109.493056 109.503472  2114.0   60.2   42.8 0.000
109.992361 110.002778  2246.1   63.9   45.5 0.000
110.492361 110.502778  2106.9   60.0   42.7 0.000
110.991667 111.002083  2059.4   58.6   41.7 0.000
111.493750 111.504167  1947.9   55.4   39.5 0.000
111.993056 112.003472  2074.8   59.1   42.0 0.000
112.494444 112.504861  1931.8   55.0   39.1 0.000
112.993750 113.004167  2079.0   59.2   42.1 0.000
113.493056 113.503472  1870.3   53.2   37.9 0.000
113.992361 114.002778  2075.1   59.1   42.0 0.000
114.265278 114.275694  2092.5   59.6   42.4 0.000
114.314583 114.325000  2133.6   60.7   43.2 0.000
114.363889 114.374306  2197.7   62.6   44.5 0.000
114.412500 114.422917  2139.6   60.9   43.3 0.000
114.495833 114.506250  2153.1   61.3   43.6 0.000
114.578472 114.588889  2123.3   60.4   43.0 0.000
114.662500 114.672917  2112.2   60.1   42.8 0.000
114.745139 114.755556  2113.9   60.2   42.8 0.000
114.794444 114.804861  2116.0   60.2   42.9 0.000
114.844444 114.854861  2130.0   60.6   43.1 0.000
114.893056 114.903472  2193.3   62.4   44.4 0.000
114.982639 114.993056  2136.0   60.8   43.3 0.000
115.065972 115.076389  2153.4   61.3   43.6 0.000
115.149306 115.159722  2127.2   60.5   43.1 0.000
115.232639 115.243056  2153.4   61.3   43.6 0.000
115.493750 115.504167  2028.4   57.7   41.1 0.000
115.993056 116.003472  1948.9   55.5   39.5 0.000
116.493056 116.503472  1957.8   55.7   39.7 0.000
116.992361 117.002778  1996.5   56.8   40.4 0.000
117.452778 117.463194  1984.2   56.5   40.2 0.000
117.993056 118.003472  1980.3   56.4   40.1 0.000
118.493750 118.504167  1902.6   54.2   38.5 0.000
118.993056 119.003472  1975.8   56.2   40.0 0.000
119.493750 119.504167  1819.2   51.8   36.9 0.000
119.993750 120.004167  1817.5   51.7   36.8 0.000
120.493056 120.503472  1679.8   47.8   34.0 0.000
120.993056 121.003472  1814.6   51.7   36.8 0.000
121.492361 121.502778  1997.2   56.9   40.5 0.000
121.992361 122.002778  1950.0   55.5   39.5 0.000
122.502083 122.512500  2118.3   60.3   42.9 0.000
123.001389 123.011806  1986.6   56.5   40.2 0.000
123.493056 123.503472  1724.7   49.1   34.9 0.000
123.992361 124.002778  1759.1   50.1   35.6 0.000
124.493056 124.503472  1780.7   50.7   36.1 0.000
124.992361 125.002778  1765.7   50.3   35.8 0.000
125.491667 125.502083  1687.2   48.0   34.2 0.000
125.990972 126.001389  1812.5   51.6   36.7 0.000
126.490278 126.500694  1837.7   52.3   37.2 0.000
126.989583 127.000000  1905.6   54.2   38.6 0.000
127.488889 127.499306  1849.9   52.7   37.5 0.000
127.988194 127.998611  1813.6   51.6   36.7 0.000
128.487500 128.497917  1797.4   51.2   36.4 0.000
128.986806 128.997222  1779.3   50.7   36.0 0.000
129.493750 129.504167  1840.0   52.4   37.3 0.000
129.993056 130.003472  1685.0   48.0   34.1 0.000
130.493750 130.504167  1831.8   52.1   37.1 0.000
130.993056 131.003472  1608.8   45.8   32.6 0.000
131.493750 131.504167  1673.3   47.6   33.9 0.000
131.993056 132.003472  1733.4   49.3   35.1 0.000
132.495139 132.505556  1409.9   40.2   28.6 0.000
132.995139 133.005556  1443.7   41.1   29.3 0.000
133.493750 133.504167  1618.6   46.1   32.8 0.000
133.993056 134.003472  1748.6   49.8   35.4 0.000
134.492361 134.502778  1559.1   44.4   31.6 0.000
134.991667 135.002083  1865.2   53.1   37.8 0.000
