data/obs/c2h6/WDCGG/event/DE0043G.20091231235500.20170622000000.online_gc.ethane.air.1y.12h.DE09L_Varian_GC-3800-FID_HPB_C2-C8-hydrocarb.DE09L_Measurements_of_Hydrocarbons_GC-3800.lev2.nas
74 1001
Claude, Anja; Plass-Duelmer, Christian
DE09L, Deutscher Wetterdienst, DWD, Met. Obs., Hohenspeissenberg, , 82283, Hohenspeissenberg, Germany
Claude, Anja
ACTRIS EMEP GAW-WDCRG
1 1
2010 01 01 2017 06 22
0
days from file reference point
5
1 1 1 1 1
999.999999 99999.9 9999.9 9999.9 9.999
end_time of measurement, days from the file reference point
ethane, pmol/mol, Statistics=arithmetic mean
ethane, pmol/mol, Statistics=expanded uncertainty 2sigma
ethane, pmol/mol, Statistics=precision
numflag, no unit
0
55
Data definition:              EBAS_1.1
Set type code:                TI
Timezone:                     UTC
File name:                    DE0043G.20091231235500.20170622000000.online_gc.ethane.air.1y.12h.DE09L_Varian_GC-3800-FID_HPB_C2-C8-hydrocarb.DE09L_Measurements_of_Hydrocarbons_GC-3800.lev2.nas
File creation:                20190306184600
Startdate:                    20091231235500
Revision date:                20170622000000
Version:                      2
Version description:          2nd revision 2017, manually inspected, 2017 header
Data level:                   2
Period code:                  1y
Resolution code:              12h
Sample duration:              15mn
Orig. time res.:              15mn
Station code:                 DE0043G
Platform code:                DE0043S
Station name:                 Hohenpeissenberg
Station WDCA-ID:              GAWADE__HPB
Station GAW-ID:               HPB
Station GAW-Name:             Hohenpeissenberg
Station land use:             Grassland
Station setting:              Mountain
Station GAW type:             G
Station WMO region:           6
Station latitude:             47.8014984131
Station longitude:            11.0096197128
Station altitude:             985.0m
Measurement altitude:         1000.0m
Measurement height:           15.0m
Regime:                       IMG
Component:                    ethane
Unit:                         pmol/mol
Matrix:                       air
Instrument type:              online_gc
Laboratory code:              DE09L
Instrument name:              Varian_GC-3800-FID_HPB_C2-C8-hydrocarb
Instrument manufacturer:      Varian
Instrument model:             GC-3800
Instrument serial number:     104633
Method ref:                   DE09L_Measurements_of_Hydrocarbons_GC-3800
Standard method:              SOP=ACTRIS_VOC_2014
Calibration scale:            NPL
Calibration standard ID:      Manufacturer NPL (quantum passivated cylinder form Air products); Batch D641624
Inlet type:                   Hat or hood
Inlet description:            Downward facing with hood
Detection limit expl.:        Determined by multiple peak integration of zero gas measurements, detection limit flag 147 is used for values under detection  limit defined as 3-sigma precision
Measurement uncertainty expl.: "Includes reproducibility (precision) + systematic errors (accuracy). Ref:http://www.atmos-meas-tech.net/8/2715/2015/"
Zero/negative values code:    Zero/negative possible
Zero/negative values:         Zero and neg. values may appear due to statistical variations at very low concentrations
Originator:                   Claude, Anja, anja.claude@dwd.de, Deutscher Wetterdienst, DWD, Hohenpeissenberg Meteorological Observatory, Albin-Schwaiger-Weg 10, , D-82383, Hohenpeissenberg, Germany
Originator:                   Plass-Duelmer, Christian, , , , , , , , , 
Submitter:                    Claude, Anja, anja.claude@dwd.de, Deutscher Wetterdienst, DWD, Hohenpeissenberg Meteorological Observatory, Albin-Schwaiger-Weg 10, , D-82383, Hohenpeissenberg, Germany
Acknowledgement:              Request acknowledgement details from data originator
Comment:                      preconcentration on glass beeds (-197\B0C), o3 removed, cryo-dryer at -40\B0C, 2 week calibration interval,two target gases were used.
starttime endtime C2H6 C2H6 C2H6 flag
[from data line 641]
258.995139 259.005556   880.6   26.6   19.9 0.000
259.495833 259.506250   927.0   27.9   20.8 0.000
259.995833 260.006250   965.2   29.0   21.6 0.000
260.495833 260.506250  1043.0   31.0   23.0 0.000
260.995833 261.006250  1213.6   35.8   26.3 0.000
261.496528 261.506944  1018.6   30.4   22.6 0.000
261.996528 262.006944   987.7   29.5   22.0 0.000
262.494444 262.504861   919.5   27.7   20.7 0.000
262.994444 263.004861   892.9   27.0   20.2 0.000
263.502083 263.512500   900.9   27.1   20.3 0.000
264.002778 264.013194   909.5   27.4   20.5 0.000
264.496528 264.506944   938.6   28.3   21.1 0.000
264.997222 265.007639   961.3   28.8   21.4 0.000
265.492361 265.502778   942.6   28.3   21.1 0.000
265.993056 266.003472   894.7   27.0   20.2 0.000
266.996528 267.006944   793.8   24.3   18.4 0.000
267.497222 267.507639   853.6   26.0   19.6 0.000
267.998611 268.009028  1106.2   32.8   24.2 0.000
268.499306 268.509722  1198.1   35.4   26.0 0.000
269.000000 269.010417  1223.9   36.1   26.5 0.000
269.495833 269.506250  1128.1   33.4   24.6 0.000
269.997222 270.007639  1217.1   35.8   26.3 0.000
270.495139 270.505556  1156.2   34.2   25.2 0.000
270.995833 271.006250  1297.8   38.1   27.9 0.000
271.488889 271.499306  1298.8   38.2   28.0 0.000
271.988194 271.998611  1436.2   41.9   30.6 0.000
272.493750 272.504167  1434.9   41.9   30.6 0.000
272.993750 273.004167  1197.7   36.4   27.5 0.000
273.495833 273.506250  1092.9   33.6   25.6 0.000
273.995833 274.006250  1119.5   34.4   26.1 0.000
274.495833 274.506250  1596.1   47.3   34.9 0.000
274.995833 275.006250   919.0   29.2   22.7 0.000
275.495833 275.506250  1007.5   31.4   24.0 0.000
275.995833 276.006250   993.8   31.0   23.8 0.000
276.498611 276.509028   952.1   30.0   23.2 0.000
276.999306 277.009722  1241.7   37.8   28.5 0.000
277.498611 277.509028  1112.7   34.1   25.9 0.000
277.998611 278.009028   999.2   31.2   23.9 0.000
278.495139 278.505556  1105.1   34.0   25.8 0.000
278.995833 279.006250  1536.5   45.8   33.9 0.000
279.495833 279.506250  1597.4   47.4   35.0 0.000
279.996528 280.006944  2068.3   60.4   44.0 0.000
280.488194 280.498611  1473.6   43.9   32.6 0.000
280.988194 280.998611  1889.6   55.5   40.6 0.000
283.493056 283.503472  2100.8   61.4   44.7 0.000
283.993056 284.003472  1939.5   56.9   41.6 0.000
284.498611 284.509028  2146.6   62.6   45.6 0.000
284.999306 285.009722  2187.9   63.8   46.4 0.000
285.496528 285.506944  2410.6   70.1   50.9 0.000
286.518750 286.529167  2273.0   66.2   48.2 0.000
287.018750 287.029167  1904.6   56.0   41.0 0.000
287.275000 287.285417  1896.9   55.7   40.7 0.000
287.324306 287.334722  1849.5   54.4   39.9 0.000
287.373611 287.384028  1968.1   57.7   42.2 0.000
287.422917 287.433333  1790.9   52.8   38.8 0.000
287.506250 287.516667  1914.4   56.1   41.1 0.000
287.589583 287.600000  1939.8   56.9   41.7 0.000
287.672917 287.683333  1822.1   53.7   39.4 0.000
287.756250 287.766667  1700.4   50.2   36.9 0.000
287.805556 287.815972  1909.3   56.1   41.1 0.000
287.854861 287.865278  1831.8   54.0   39.6 0.000
287.903472 287.913889  1559.5   46.3   34.3 0.000
287.986806 287.997222  1878.0   55.1   40.4 0.000
288.070139 288.080556  1773.1   52.3   38.5 0.000
288.153472 288.163889  1711.0   50.6   37.2 0.000
288.236806 288.247222  1613.1   47.9   35.4 0.000
288.540278 288.550694  1783.0   52.5   38.5 0.000
289.040278 289.050694  1604.2   47.6   35.2 0.000
289.540972 289.551389  1634.1   48.5   35.8 0.000
290.041667 290.052083  1812.8   53.4   39.1 0.000
290.510417 290.520833  2031.1   59.4   43.3 0.000
291.010417 291.020833  1862.3   54.7   40.1 0.000
291.491667 291.502083  1241.6   37.7   28.4 0.000
291.991667 292.002083  1033.7   32.2   24.7 0.000
292.497222 292.507639  1124.2   34.6   26.3 0.000
292.997917 293.008333  1316.4   39.8   29.9 0.000
293.537500 293.547917  1186.8   36.3   27.4 0.000
293.996528 294.006944  1161.2   35.6   27.0 0.000
294.495833 294.506250  1160.4   35.6   27.0 0.000
294.995139 295.005556  1123.8   34.6   26.3 0.000
295.495139 295.505556  1145.4   35.1   26.5 0.000
295.995139 296.005556  1214.7   36.9   27.8 0.000
296.495833 296.506250  1131.0   34.8   26.4 0.000
296.995139 297.005556  1145.0   35.2   26.7 0.000
297.506250 297.516667  1361.7   40.9   30.5 0.000
297.964583 297.975000  1442.7   43.2   32.2 0.000
298.490278 298.500694  1335.1   40.3   30.2 0.000
298.948611 298.959028  1262.2   38.3   28.8 0.000
299.491667 299.502083  1327.7   40.0   29.9 0.000
299.991667 300.002083   992.8   31.2   24.0 0.000
300.495833 300.506250  1035.5   32.3   24.7 0.000
300.995833 301.006250  1048.1   32.6   24.9 0.000
301.495833 301.506250   914.0   29.0   22.5 0.000
301.995833 302.006250   964.3   30.4   23.5 0.000
302.495833 302.506250  1072.5   33.2   25.4 0.000
302.995833 303.006250   883.2   28.2   21.9 0.000
303.495833 303.506250  1270.8   38.5   28.9 0.000
303.995833 304.006250  1327.5   42.7   33.5 0.000
304.495833 304.506250  1686.4   52.0   39.5 0.000
304.995833 305.006250  2661.5   78.6   57.9 0.000
305.538889 305.549306  2192.1   65.7   49.0 0.000
305.997222 306.007639  2020.7   61.1   45.8 0.000
306.493056 306.503472  1179.2   39.2   31.3 0.000
306.993750 307.004167  1459.8   46.3   35.9 0.000
307.497222 307.507639   871.3   32.0   26.8 0.000
307.997917 308.008333  1107.7   37.6   30.3 0.000
308.495833 308.506250   799.4   30.3   25.8 0.000
308.996528 309.006944   956.7   33.8   27.9 0.000
309.497917 309.508333   780.5   29.9   25.5 0.000
309.998611 310.009028   812.1   30.4   25.8 0.000
310.499306 310.509722   846.8   31.3   26.3 0.000
311.000000 311.010417  1217.8   40.2   31.9 0.000
311.492361 311.502778  1244.2   40.6   32.0 0.000
311.993056 312.003472  1220.8   40.1   31.8 0.000
312.497222 312.507639  1308.5   42.4   33.4 0.000
312.998611 313.009028  1315.7   42.4   33.2 0.000
313.495833 313.506250  1418.5   45.1   35.1 0.000
313.995139 314.005556  1904.7   57.9   43.6 0.000
314.495833 314.506250  1397.0   44.7   34.9 0.000
314.995833 315.006250   992.4   34.6   28.4 0.000
315.492361 315.502778  1038.4   35.7   29.0 0.000
315.992361 316.002778   915.7   32.9   27.3 0.000
316.493056 316.503472   796.6   30.3   25.7 0.000
316.993056 317.003472   742.8   29.0   24.9 0.000
317.493056 317.503472   809.0   30.4   25.7 0.000
317.993056 318.003472   963.6   34.0   28.0 0.000
318.500000 318.510417  1359.6   43.6   34.1 0.000
319.000000 319.010417  1521.8   47.9   37.0 0.000
319.501389 319.511806  1692.6   52.5   40.1 0.000
320.001389 320.011806  1674.4   51.9   39.7 0.000
320.495833 320.506250  1628.9   50.7   38.8 0.000
320.995833 321.006250  1754.2   54.0   41.0 0.000
321.496528 321.506944  2053.4   62.0   46.4 0.000
321.996528 322.006944  1819.7   55.8   42.2 0.000
322.495833 322.506250  1506.9   47.5   36.7 0.000
322.995833 323.006250  1507.1   47.6   36.8 0.000
323.496528 323.506944  1634.6   50.9   39.0 0.000
323.997222 324.007639  1807.1   55.5   42.1 0.000
324.497222 324.507639  1965.5   59.7   44.9 0.000
324.997917 325.008333  2107.9   63.5   47.5 0.000
325.502083 325.512500  2309.2   68.9   51.1 0.000
326.002778 326.013194  2354.8   70.1   51.9 0.000
326.518056 326.528472  2496.3   74.1   54.8 0.000
327.018750 327.029167  2179.0   65.3   48.6 0.000
327.496528 327.506944  2078.5   62.6   46.9 0.000
327.997222 328.007639  2139.9   64.3   48.0 0.000
328.497917 328.508333  2081.2   62.7   47.0 0.000
328.999306 329.009722  1885.6   57.5   43.3 0.000
329.497917 329.508333  1993.5   60.5   45.5 0.000
329.997917 330.008333  1827.1   55.9   42.3 0.000
330.266667 330.277083  1737.4   53.5   40.7 0.000
330.315972 330.326389  2173.5   65.3   48.7 0.000
330.365278 330.375694  2198.1   66.0   49.3 0.000
330.413889 330.424306  1805.3   55.4   42.0 0.000
330.497222 330.507639  1769.5   54.3   41.2 0.000
330.580556 330.590972  1788.0   54.9   41.6 0.000
330.663889 330.674306  1797.4   55.0   41.6 0.000
330.747222 330.757639  1712.5   52.9   40.3 0.000
330.796528 330.806944  1595.6   49.8   38.2 0.000
330.845833 330.856250  1579.5   49.3   37.9 0.000
330.894444 330.904861  1786.9   54.8   41.5 0.000
330.977778 330.988194  1698.8   52.6   40.1 0.000
331.061111 331.071528  1664.7   51.6   39.4 0.000
331.145139 331.155556  1638.9   51.0   39.0 0.000
331.228472 331.238889  1646.9   51.1   39.0 0.000
331.497222 331.507639  1716.4   52.9   40.2 0.000
331.997222 332.007639  2732.3   80.5   59.1 0.000
332.496528 332.506944  1948.4   59.3   44.6 0.000
332.996528 333.006944  1850.5   56.6   42.8 0.000
333.495139 333.505556  1802.8   55.3   42.0 0.000
333.995139 334.005556  2528.0   74.3   54.4 0.000
334.495833 334.506250  3107.2   90.4   65.7 0.000
334.996528 335.006944  2843.0   83.1   60.5 0.000
335.495139 335.505556  2340.0   69.2   50.9 0.000
335.995139 336.005556  2402.6   70.9   52.1 0.000
336.536806 336.547222  3195.8   92.9   67.4 0.000
336.995139 337.005556  2321.6   68.7   50.6 0.000
337.495139 337.505556  2374.7   70.1   51.6 0.000
337.995139 338.005556  1824.5   55.1   41.3 0.000
338.495139 338.505556  1661.9   50.6   38.1 0.000
338.995833 339.006250  1555.8   47.7   36.1 0.000
339.495139 339.505556  1771.2   53.5   40.1 0.000
339.995139 340.005556  1751.9   53.1   39.8 0.000
340.496528 340.506944  1291.8   40.7   31.4 0.000
340.996528 341.006944  1286.2   40.5   31.3 0.000
341.496528 341.506944  1586.6   48.6   36.8 0.000
341.997222 342.007639  1258.6   39.9   31.0 0.000
342.499306 342.509722  2248.7   66.6   49.2 0.000
343.000000 343.010417  1919.3   57.7   43.1 0.000
343.499306 343.509722  2088.3   62.2   46.1 0.000
344.000000 344.010417  1796.3   54.4   40.8 0.000
344.500694 344.511111  1513.6   46.7   35.6 0.000
345.001389 345.011806  1576.9   48.5   36.8 0.000
345.502083 345.512500  1678.0   51.1   38.5 0.000
346.002778 346.013194  1695.5   51.5   38.7 0.000
346.494444 346.504861  1636.9   50.1   37.9 0.000
346.994444 347.004861  1688.1   51.4   38.8 0.000
347.490278 347.500694  1936.7   58.1   43.3 0.000
347.990278 348.000694  2229.2   66.1   48.8 0.000
348.495139 348.505556  2207.6   65.6   48.5 0.000
348.995139 349.005556  1989.5   59.5   44.2 0.000
349.453472 349.463889  2112.7   62.9   46.6 0.000
349.953472 349.963889  2361.2   69.6   51.2 0.000
350.493750 350.504167  1719.7   52.1   39.1 0.000
350.993750 351.004167  1849.4   55.7   41.6 0.000
351.493750 351.504167  1867.5   56.1   41.8 0.000
351.993750 352.004167  1787.0   54.1   40.6 0.000
352.494444 352.504861  1724.2   52.4   39.4 0.000
352.994444 353.004861  1604.6   49.0   37.0 0.000
353.491667 353.502083  1568.7   48.0   36.4 0.000
353.991667 354.002083  1512.9   46.7   35.6 0.000
354.497917 354.508333  1358.2   42.6   32.8 0.000
354.997917 355.008333  1550.9   47.6   36.1 0.000
355.495833 355.506250  1607.8   49.2   37.2 0.000
355.996528 356.006944  1673.7   50.9   38.3 0.000
356.497917 356.508333  1709.1   51.8   39.0 0.000
356.997917 357.008333  2821.3   82.4   60.1 0.000
357.498611 357.509028  4381.9  126.3   91.0 0.000
357.999306 358.009722  3592.3  104.1   75.4 0.000
358.500000 358.510417  3777.6  109.4   79.1 0.000
359.000000 359.010417  3650.7  105.7   76.5 0.000
359.500694 359.511111  3396.7   98.5   71.3 0.000
360.001389 360.011806  2918.0   85.1   62.0 0.000
360.495139 360.505556  2011.1   60.2   44.8 0.000
360.995833 361.006250  1880.2   56.6   42.3 0.000
361.494444 361.504861  1786.2   54.1   40.6 0.000
361.995139 362.005556  2070.3   61.8   45.9 0.000
362.485417 362.495833  1998.9   59.8   44.5 0.000
362.986806 362.997222  1958.4   58.7   43.7 0.000
363.497222 363.507639  3248.9   94.5   68.6 0.559
363.997222 364.007639  2456.6   72.4   53.1 0.559
364.496528 364.506944  1759.9   53.3   40.1 0.000
