data/obs/c2h6/WDCGG/event/DE0043G.20130101000600.20170411000000.online_gc.ethane.air.1y.12h.DE09L_Varian_GC-3800-FID_HPB_C2-C8-hydrocarb.DE09L_Measurements_of_Hydrocarbons_GC-3800.lev2.nas
74 1001
Claude, Anja; Plass-Duelmer, Christian
DE09L, Deutscher Wetterdienst, DWD, Met. Obs., Hohenspeissenberg, , 82283, Hohenspeissenberg, Germany
Claude, Anja
ACTRIS EMEP GAW-WDCRG
1 1
2013 01 01 2017 04 11
0
days from file reference point
5
1 1 1 1 1
999.999999 99999.9 99999.9 999.9 9.999
end_time of measurement, days from the file reference point
ethane, pmol/mol, Statistics=arithmetic mean
ethane, pmol/mol, Statistics=expanded uncertainty 2sigma
ethane, pmol/mol, Statistics=precision
numflag, no unit
0
55
Data definition:              EBAS_1.1
Set type code:                TI
Timezone:                     UTC
File name:                    DE0043G.20130101000600.20170411000000.online_gc.ethane.air.1y.12h.DE09L_Varian_GC-3800-FID_HPB_C2-C8-hydrocarb.DE09L_Measurements_of_Hydrocarbons_GC-3800.lev2.nas
File creation:                20190306184600
Startdate:                    20130101000600
Revision date:                20170411000000
Version:                      3
Version description:          2nd revision 2017, manually inspected, 2017 header
Data level:                   2
Period code:                  1y
Resolution code:              12h
Sample duration:              15mn
Orig. time res.:              15mn
Station code:                 DE0043G
Platform code:                DE0043S
Station name:                 Hohenpeissenberg
Station WDCA-ID:              GAWADE__HPB
Station GAW-ID:               HPB
Station GAW-Name:             Hohenpeissenberg
Station land use:             Grassland
Station setting:              Mountain
Station GAW type:             G
Station WMO region:           6
Station latitude:             47.8014984131
Station longitude:            11.0096197128
Station altitude:             985.0m
Measurement altitude:         1000.0m
Measurement height:           15.0m
Regime:                       IMG
Component:                    ethane
Unit:                         pmol/mol
Matrix:                       air
Instrument type:              online_gc
Laboratory code:              DE09L
Instrument name:              Varian_GC-3800-FID_HPB_C2-C8-hydrocarb
Instrument manufacturer:      Varian
Instrument model:             GC-3800
Instrument serial number:     104633
Method ref:                   DE09L_Measurements_of_Hydrocarbons_GC-3800
Standard method:              SOP=ACTRIS_VOC_2014
Calibration scale:            NPL
Calibration standard ID:      Manufacturer NPL (quantum passivated cylinder form Air products); Batch D910379
Inlet type:                   Hat or hood
Inlet description:            Downward facing with hood
Detection limit expl.:        Determined by multiple peak integration of zero gas measurements, detection limit flag 147 is used for values under detection  limit defined as 3-sigma precision
Measurement uncertainty expl.: "Includes reproducibility (precision) + systematic errors (accuracy). Ref:http://www.atmos-meas-tech.net/8/2715/2015/"
Zero/negative values code:    Zero/negative possible
Zero/negative values:         Zero and neg. values may appear due to statistical variations at very low concentrations
Originator:                   Claude, Anja, anja.claude@dwd.de, Deutscher Wetterdienst, DWD, Hohenpeissenberg Meteorological Observatory, Albin-Schwaiger-Weg 10, , D-82383, Hohenpeissenberg, Germany
Originator:                   Plass-Duelmer, Christian, , , , , , , , , 
Submitter:                    Claude, Anja, anja.claude@dwd.de, Deutscher Wetterdienst, DWD, Hohenpeissenberg Meteorological Observatory, Albin-Schwaiger-Weg 10, , D-82383, Hohenpeissenberg, Germany
Acknowledgement:              Request acknowledgement details from data originator
Comment:                      preconcentration on glass beeds (-197\B0C), o3 removed, cryo-dryer at -40\B0C, 2 week calibration interval.
starttime endtime C2H6 C2H6 C2H6 flag
[from data line 321]
 76.495833  76.506250  2514.8    71.6  51.0 0.000
 76.996528  77.006944  2279.8    64.9  46.2 0.000
 77.495833  77.506250  2164.9    61.6  43.9 0.000
 77.996528  78.006944  2147.0    61.1  43.5 0.000
 78.495833  78.506250  2146.7    61.1  43.5 0.000
 78.996528  79.006944  2106.2    60.0  42.7 0.000
 79.495833  79.506250  2316.5    66.0  46.9 0.000
 80.495139  80.505556  2323.8    66.1  47.1 0.000
 80.995139  81.005556  2591.1    73.8  52.5 0.000
 81.495833  81.506250  3181.3    90.5  64.4 0.000
 81.996528  82.006944  3479.1    99.0  70.5 0.000
 82.497222  82.507639  3267.8    93.0  66.2 0.000
 82.997917  83.008333  3585.7   102.1  72.6 0.000
 83.495833  83.506250  3124.3    88.9  63.3 0.000
 83.996528  84.006944  2931.6    83.4  59.4 0.000
 84.495139  84.505556  2941.0    83.7  59.6 0.000
 84.995833  85.006250  2833.1    80.7  57.4 0.000
 85.495139  85.505556  2845.4    81.0  57.6 0.000
 85.995833  86.006250  2825.1    80.4  57.2 0.000
 86.497222  86.507639  2083.2    59.3  42.2 0.000
 86.997917  87.008333  2575.0    73.3  52.2 0.000
 87.498611  87.509028  2496.1    71.0  50.6 0.000
 88.000000  88.010417  2276.2    64.8  46.1 0.000
 88.501389  88.511806  2449.4    69.7  49.6 0.000
 89.002778  89.013194  3245.1    92.3  65.7 0.000
 89.504167  89.514583  3046.6    86.7  61.7 0.000
 90.005556  90.015972  2901.6    82.6  58.8 0.000
 90.506944  90.517361  2815.8    80.2  57.0 0.000
 91.008333  91.018750  2877.1    81.9  58.3 0.000
 91.496528  91.506944  2830.7    80.6  57.3 0.000
 91.997917  92.008333  3218.1    91.6  65.2 0.000
 92.496528  92.506944  3077.1    87.6  62.3 0.000
 92.998611  93.009028  3117.2    88.7  63.1 0.000
 93.497917  93.508333  3132.4    89.2  63.5 0.000
 93.999306  94.009722  3365.2    95.8  68.1 0.000
 94.495833  94.506250  3378.9    96.2  68.4 0.000
 94.995833  95.006250  3262.6    92.9  66.1 0.000
 95.496528  95.506944  3237.4    92.2  65.6 0.000
 95.997917  96.008333  3187.9    90.7  64.6 0.000
 96.498611  96.509028  3052.6    86.9  61.8 0.000
 96.999306  97.009722  3109.9    88.5  63.0 0.000
 97.495833  97.506250  2492.1    71.0  50.5 0.000
 97.996528  98.006944  2385.5    67.9  48.3 0.000
 98.495833  98.506250  2220.8    63.2  45.0 0.000
 98.996528  99.006944  2091.8    59.6  42.4 0.000
 99.496528  99.506944  2072.9    59.0  42.0 0.000
 99.997222 100.007639  2002.6    57.0  40.6 0.000
100.495833 100.506250  1453.6    41.4  29.5 0.000
100.997222 101.007639  2087.6    59.4  42.3 0.000
101.496528 101.506944  1942.8    55.3  39.4 0.000
101.997917 102.008333  1858.4    52.9  37.7 0.000
102.499306 102.509722  1891.5    53.9  38.3 0.000
103.000694 103.011111  1922.7    54.8  39.0 0.000
103.502083 103.512500  1726.7    49.2  35.0 0.000
104.004167 104.014583  1697.4    48.3  34.4 0.000
104.497917 104.508333  1673.2    47.7  33.9 0.000
105.000000 105.010417  1702.3    48.5  34.5 0.000
105.497222 105.507639  1588.2    45.2  32.2 0.000
105.999306 106.009722  1655.6    47.2  33.6 0.000
106.497917 106.508333  1576.2    44.9  32.0 0.000
107.000000 107.010417  1587.5    45.2  32.2 0.000
107.495139 107.505556  1549.2    44.1  31.4 0.000
107.995833 108.006250  1474.4    42.0  29.9 0.000
108.495139 108.505556  1883.0    53.6  38.2 0.000
108.995833 109.006250  1926.0    54.9  39.0 0.000
109.496528 109.506944  2045.0    58.2  41.4 0.000
109.996528 110.006944  2170.1    61.8  44.0 0.000
110.555556 110.565972  2153.9    61.3  43.6 0.000
111.059722 111.070139  2164.7    61.6  43.9 0.000
111.496528 111.506944  2068.1    58.9  41.9 0.000
111.997222 112.007639  2142.1    61.0  43.4 0.000
112.526389 112.536806  2107.4    60.0  42.7 0.000
113.027778 113.038194  2038.4    58.0  41.3 0.000
113.484722 113.495139  1904.1    54.2  38.6 0.000
113.986111 113.996528  1923.4    54.8  39.0 0.000
114.495833 114.506250  1808.9    51.5  36.7 0.000
114.996528 115.006944  1737.3    49.5  35.2 0.000
115.496528 115.506944  1599.6    45.6  32.4 0.000
115.997222 116.007639  1738.7    49.5  35.2 0.000
116.498611 116.509028  1655.6    47.2  33.6 0.000
117.000000 117.010417  2073.3    59.0  42.0 0.000
117.501389 117.511806  2009.4    57.2  40.7 0.000
118.002778 118.013194  2052.1    58.4  41.6 0.000
118.496528 118.506944  2137.4    60.9  43.3 0.000
118.997917 119.008333  2010.7    57.2  40.7 0.000
119.495139 119.505556  2176.0    62.0  44.1 0.000
119.995833 120.006250  1985.9    56.5  40.3 0.000
120.495833 120.506250  2048.5    58.3  41.5 0.000
120.996528 121.006944  2169.7    61.8  44.0 0.000
121.497222 121.507639  1930.4    55.0  39.1 0.000
122.025000 122.035417  1916.5    54.6  38.8 0.000
122.525694 122.536111  1905.9    54.3  38.6 0.000
123.025694 123.036111  1548.7    44.1  31.4 0.000
123.526389 123.536806  1803.9    51.4  36.6 0.000
124.027083 124.037500  1913.3    54.5  38.8 0.000
124.527083 124.537500  1585.1    45.1  32.1 0.000
125.027778 125.038194  1731.4    49.3  35.1 0.000
125.492361 125.502778  1698.3    48.4  34.4 0.000
126.493750 126.504167  1604.3    45.7  32.5 0.000
126.995139 127.005556  1452.9    41.4  29.5 0.000
127.497917 127.508333  1433.9    40.8  29.1 0.000
127.998611 128.009028  1404.1    40.0  28.5 0.000
128.499306 128.509722  1311.4    37.4  26.6 0.000
129.000694 129.011111  1174.2    33.5  23.8 0.000
129.495833 129.506250  1204.4    34.3  24.5 0.000
129.997222 130.007639  1493.8    42.6  30.3 0.000
130.498611 130.509028  1457.5    41.5  29.6 0.000
131.000000 131.010417  1482.4    42.2  30.1 0.000
131.501389 131.511806  1525.9    43.5  30.9 0.000
132.002778 132.013194  1627.0    46.3  33.0 0.000
132.495139 132.505556  1557.5    44.4  31.6 0.000
132.997222 133.007639  1493.6    42.5  30.3 0.000
133.495139 133.505556  1405.6    40.0  28.5 0.000
133.996528 134.006944  1394.8    39.7  28.3 0.000
134.493750 134.504167  1280.9    36.5  26.0 0.000
134.994444 135.004861  1346.9    38.4  27.3 0.000
135.494444 135.504861  1335.6    38.1  27.1 0.000
135.995139 136.005556  1599.0    45.5  32.4 0.000
136.496528 136.506944  1336.3    38.1  27.1 0.000
136.997917 137.008333  1501.9    42.8  30.5 0.000
137.498611 137.509028  1415.2    40.3  28.7 0.000
138.000000 138.010417  1328.5    37.9  27.0 0.000
138.501389 138.511806  1449.7    41.3  29.4 0.000
139.002083 139.012500  1456.4    41.5  29.6 0.000
139.503472 139.513889  1472.2    41.9  29.9 0.000
140.004861 140.015278  1477.4    42.1  30.0 0.000
140.495833 140.506250  1453.0    41.4  29.5 0.000
140.997222 141.007639  1500.1    42.7  30.4 0.000
141.497222 141.507639  2159.8    61.5  43.8 0.000
141.999306 142.009722  1569.7    44.7  31.8 0.000
142.496528 142.506944  1463.3    41.7  29.7 0.000
142.997917 143.008333  1520.2    43.3  30.8 0.000
143.490278 143.500694  1539.2    43.8  31.2 0.000
143.990972 144.001389  1622.9    46.2  32.9 0.000
144.490972 144.501389  1568.9    44.7  31.8 0.000
144.991667 145.002083  1518.8    43.3  30.8 0.000
145.492361 145.502778  1460.4    41.6  29.6 0.000
145.993750 146.004167  1458.3    41.5  29.6 0.000
146.492361 146.502778  1237.5    35.3  25.1 0.000
146.993750 147.004167  1323.9    37.7  26.9 0.000
147.496528 147.506944  1267.5    36.1  25.7 0.000
147.997222 148.007639  1242.3    35.4  25.2 0.000
148.494444 148.504861  1278.6    36.4  26.0 0.000
148.995833 149.006250  1331.6    37.9  27.0 0.000
149.496528 149.506944  1269.3    36.2  25.8 0.000
149.997917 150.008333  1269.9    36.2  25.8 0.000
150.495833 150.506250  1422.0    40.5  28.8 0.000
150.996528 151.006944  1622.0    46.2  32.9 0.000
151.497917 151.508333  1851.9    52.7  37.5 0.000
151.999306 152.009722  1733.7    49.4  35.2 0.000
152.500000 152.510417  1389.4    39.6  28.2 0.000
153.002083 153.012500  1408.9    40.1  28.6 0.000
153.495139 153.505556  1245.7    35.5  25.3 0.000
153.996528 154.006944  1336.3    38.1  27.1 0.000
154.495833 154.506250  1337.0    38.1  27.1 0.000
154.997222 155.007639  1273.9    36.3  25.9 0.000
155.495833 155.506250  1242.2    35.4  25.2 0.000
156.007639 156.018056 99999.9 99999.9 999.9 0.999
156.498611 156.509028  1159.7    33.1  23.6 0.000
157.000694 157.011111  1286.3    36.7  26.1 0.000
157.497222 157.507639  1331.0    37.9  27.0 0.000
158.004861 158.015278  1387.5    39.5  28.1 0.000
158.505556 158.515972  1216.3    34.7  24.7 0.000
159.006250 159.016667  1229.8    35.0  25.0 0.000
159.506944 159.517361  1220.7    34.8  24.8 0.000
160.008333 160.018750  1148.7    32.7  23.3 0.000
160.565972 160.576389  1092.8    31.2  22.2 0.000
160.993750 161.004167  1128.3    32.2  22.9 0.000
161.493750 161.504167  1048.3    29.9  21.3 0.000
161.994444 162.004861  1050.2    30.0  21.4 0.000
162.492361 162.502778   997.5    28.4  20.3 0.000
162.993056 163.003472   964.0    27.5  19.6 0.000
163.495833 163.506250   889.3    25.4  18.1 0.000
163.996528 164.006944   888.2    25.3  18.1 0.000
164.496528 164.506944  1080.0    30.8  21.9 0.000
165.055556 165.065972  1049.7    29.9  21.3 0.000
165.556944 165.567361   821.1    23.4  16.7 0.000
166.059028 166.069444   904.3    25.8  18.4 0.000
166.560417 166.570833   889.5    25.4  18.1 0.000
167.062500 167.072917   879.5    25.1  17.9 0.000
167.495833 167.506250   851.5    24.3  17.3 0.000
167.997222 168.007639   824.5    23.5  16.8 0.000
168.497222 168.507639   832.8    23.8  17.0 0.000
168.998611 169.009028   825.7    23.6  16.8 0.000
169.490972 169.501389   806.0    23.0  16.4 0.000
169.991667 170.002083   813.2    23.2  16.6 0.000
170.496528 170.506944   835.0    23.8  17.0 0.000
170.997222 171.007639   911.6    26.0  18.6 0.000
171.497222 171.507639   910.2    26.0  18.5 0.000
172.052778 172.063194   915.1    26.1  18.6 0.000
172.553472 172.563889   968.6    27.6  19.7 0.000
185.495139 185.505556   803.4    23.0  16.4 0.000
185.997222 186.007639   954.9    27.2  19.4 0.000
186.498611 186.509028   811.6    23.2  16.5 0.000
187.502778 187.513194   978.7    27.9  19.9 0.000
188.004861 188.015278   901.0    25.7  18.3 0.000
188.496528 188.506944   863.6    24.7  17.6 0.000
188.997917 189.008333   892.7    25.5  18.2 0.000
191.495139 191.505556   773.5    22.1  15.8 0.000
191.995833 192.006250   977.3    27.9  19.9 0.000
192.495139 192.505556   875.1    25.0  17.8 0.000
192.995833 193.006250   819.1    23.4  16.7 0.000
193.496528 193.506944   806.5    23.0  16.4 0.000
193.997222 194.007639   904.0    25.8  18.4 0.000
194.497917 194.508333   848.1    24.2  17.3 0.000
194.999306 195.009722   860.2    24.6  17.5 0.000
195.494444 195.504861   818.2    23.4  16.7 0.000
195.995139 196.005556   952.2    27.2  19.4 0.000
196.491667 196.502083   896.4    25.6  18.2 0.000
196.993056 197.003472   905.4    25.8  18.4 0.000
197.501389 197.511806   919.3    26.2  18.7 0.000
198.004167 198.014583   888.4    25.4  18.1 0.000
198.495833 198.506250   903.2    25.8  18.4 0.000
198.998611 199.009028   895.7    25.6  18.2 0.000
199.497222 199.507639   739.1    21.1  15.1 0.000
200.000000 200.010417   857.2    24.5  17.5 0.000
200.501389 200.511806   889.6    25.4  18.1 0.000
201.002778 201.013194   686.5    19.6  14.0 0.000
201.504167 201.514583   665.9    19.0  13.6 0.000
202.006250 202.016667   734.1    21.0  15.0 0.000
206.558333 206.568750   783.1    22.4  16.0 0.000
206.994444 207.004861   771.6    22.0  15.7 0.000
207.495833 207.506250   728.4    20.8  14.9 0.000
207.996528 208.006944   747.3    21.4  15.3 0.000
208.497222 208.507639   694.3    19.9  14.2 0.000
208.998611 209.009028   707.0    20.2  14.4 0.000
216.551389 216.561806   603.2    22.4  18.9 0.000
217.052778 217.063194   549.8    20.4  17.2 0.000
217.493750 217.504167   681.0   205.5  18.5 0.000
217.995833 218.006250   679.0   204.9  18.4 0.000
218.497917 218.508333   726.5   219.2  19.7 0.000
218.999306 219.009722   819.7   247.3  22.2 0.000
219.493750 219.504167   721.8   217.8  19.6 0.000
219.995833 220.006250   717.1   216.4  19.5 0.000
220.495833 220.506250   882.4   266.2  23.9 0.000
220.995833 221.006250   773.0   233.2  21.0 0.000
221.496528 221.506944   752.2   227.0  20.4 0.000
223.495139 223.505556   706.6   213.2  19.2 0.000
223.997222 224.007639   697.6   210.5  18.9 0.000
224.497222 224.507639   648.9   195.8  17.6 0.000
224.997917 225.008333   777.8   234.7  21.1 0.000
225.488194 225.498611   747.5   225.5  20.3 0.000
225.988889 225.999306   733.8   221.4  19.9 0.000
226.490278 226.500694   700.1   211.2  19.0 0.000
226.990972 227.001389   742.6   224.1  20.1 0.000
227.491667 227.502083   724.1   218.5  19.6 0.000
227.993056 228.003472   680.8   205.4  18.5 0.000
228.494444 228.504861   693.4   209.2  18.8 0.000
228.995833 229.006250   665.7   200.9  18.1 0.000
229.497222 229.507639   662.3   199.8  18.0 0.000
229.998611 230.009028   731.9   220.8  19.9 0.000
230.500000 230.510417   678.4   204.7  18.4 0.000
231.002083 231.012500   702.2   211.9  19.1 0.000
231.497222 231.507639   808.9   244.1  21.9 0.000
231.998611 232.009028   857.3   258.7  23.2 0.000
232.498611 232.509028   778.7   234.9  21.1 0.000
233.000000 233.010417   798.4   240.9  21.6 0.000
233.494444 233.504861   797.9   240.7  21.6 0.000
233.996528 234.006944   785.7   237.1  21.3 0.000
234.493056 234.503472   901.4   272.0  24.4 0.000
234.993750 235.004167   898.4   271.1  24.3 0.000
235.494444 235.504861   844.9   254.9  22.9 0.000
235.995139 236.005556   774.6   233.7  21.0 0.000
236.496528 236.506944   782.5   236.1  21.2 0.000
236.997222 237.007639   765.1   230.8  20.8 0.000
237.493056 237.503472   771.7   232.8  20.9 0.000
237.993750 238.004167   821.3   247.8  22.3 0.000
238.497917 238.508333   987.0   297.8  26.7 0.000
238.998611 239.009028   943.6   284.7  25.6 0.000
239.493750 239.504167   898.4   271.1  24.3 0.000
239.994444 240.004861  1485.6   448.2  40.2 0.000
240.492361 240.502778   901.5   272.0  24.4 0.000
240.993056 241.003472   942.0   284.2  25.5 0.000
241.495139 241.505556   854.9   258.0  23.2 0.000
241.996528 242.006944   834.4   251.8  22.6 0.000
242.498611 242.509028   898.2   271.0  24.3 0.000
243.000000 243.010417   849.8   255.8  15.6 0.000
243.502083 243.512500   872.4   262.7  16.0 0.000
244.002778 244.013194   842.2   253.5  15.5 0.000
244.493750 244.504167   802.4   241.6  14.8 0.000
244.995139 245.005556   783.7   236.0  14.5 0.000
245.495139 245.505556   637.9   192.1  12.1 0.000
245.996528 246.006944   724.2   218.0  13.5 0.000
246.495833 246.506250   645.6   194.4  12.2 0.000
246.997222 247.007639   661.3   199.1  12.5 0.000
247.490278 247.500694   657.3   197.9  12.4 0.000
247.992361 248.002778   651.8   196.3  12.3 0.000
248.492361 248.502778   701.6   211.2  13.2 0.000
248.993056 249.003472   680.9   205.0  12.8 0.000
249.493750 249.504167   801.9   241.4  14.8 0.000
249.994444 250.004861   777.4   234.1  14.4 0.000
250.495139 250.505556   643.9   193.9  12.2 0.000
250.996528 251.006944   644.1   193.9  12.2 0.000
251.494444 251.504861   712.2   214.4  13.3 0.000
251.995139 252.005556   703.4   211.8  13.2 0.000
252.495833 252.506250   778.1   234.3  14.4 0.000
252.996528 253.006944   802.0   241.5  14.8 0.000
253.494444 253.504861   915.7   275.7  16.7 0.000
253.995139 254.005556   885.0   266.4  16.2 0.000
254.495833 254.506250   890.9   268.2  16.3 0.000
254.997222 255.007639   909.5   273.8  16.6 0.000
255.495833 255.506250  1030.6   310.3  18.7 0.000
255.996528 256.006944   909.8   273.9  16.6 0.000
256.497222 256.507639   744.4   224.1  13.8 0.000
256.999306 257.009722   616.5   185.6  11.7 0.000
257.500694 257.511111   652.3   196.4  12.3 0.000
258.002083 258.012500  1130.6   340.4  20.4 0.000
258.497222 258.507639  1025.7   308.8  18.6 0.000
258.997917 259.008333   826.0   248.7  15.2 0.000
259.493750 259.504167   780.4   234.9  14.4 0.000
259.995139 260.005556   781.3   235.2  14.5 0.000
260.497222 260.507639   651.1   196.1  12.3 0.000
260.998611 261.009028   851.0   256.2  15.6 0.000
261.497222 261.507639   875.7   263.6  16.1 0.000
261.998611 262.009028   899.8   270.9  16.5 0.000
262.497222 262.507639   912.2   274.6  16.6 0.000
262.997917 263.008333   846.0   254.7  15.5 0.000
263.500000 263.510417  1007.8   303.4  18.3 0.000
264.001389 264.011806   903.3   271.9  16.5 0.000
