data/obs/c2h6/WDCGG/event/DE0043G.20150101115400.20160727000000.online_gc.ethane.air.1y.12h.DE09L_Varian_GC-3800-FID_HPB_C2-C8-hydrocarb.DE09L_Measurements_of_Hydrocarbons_GC-3800.lev2.nas
74 1001
Claude, Anja; Kubistin, Dagmar
DE09L, Deutscher Wetterdienst, DWD, Met. Obs., Hohenspeissenberg, , 82283, Hohenspeissenberg, Germany
Claude, Anja
ACTRIS EMEP GAW-WDCGG-node
1 1
2015 01 01 2016 07 27
0
days from file reference point
5
1 1 1 1 1
999.999999 99999.9 9999.9 9999.9 9.999
end_time of measurement, days from the file reference point
ethane, pmol/mol, Statistics=arithmetic mean
ethane, pmol/mol, Statistics=expanded uncertainty 2sigma
ethane, pmol/mol, Statistics=precision
numflag, no unit
0
55
Data definition:              EBAS_1.1
Set type code:                TI
Timezone:                     UTC
File name:                    DE0043G.20150101115400.20160727000000.online_gc.ethane.air.1y.12h.DE09L_Varian_GC-3800-FID_HPB_C2-C8-hydrocarb.DE09L_Measurements_of_Hydrocarbons_GC-3800.lev2.nas
File creation:                20190306184600
Startdate:                    20150101115400
Revision date:                20160727000000
Version:                      2
Version description:          revised data after data workshop 2016, manually inspected, 2017 header
Data level:                   2
Period code:                  1y
Resolution code:              12h
Sample duration:              15mn
Orig. time res.:              15mn
Station code:                 DE0043G
Platform code:                DE0043S
Station name:                 Hohenpeissenberg
Station WDCA-ID:              GAWADE__HPB
Station GAW-ID:               HPB
Station GAW-Name:             Hohenpeissenberg
Station land use:             Grassland
Station setting:              Mountain
Station GAW type:             G
Station WMO region:           6
Station latitude:             47.8014984131
Station longitude:            11.0096197128
Station altitude:             985.0m
Measurement altitude:         1000.0m
Measurement height:           15.0m
Regime:                       IMG
Component:                    ethane
Unit:                         pmol/mol
Matrix:                       air
Instrument type:              online_gc
Laboratory code:              DE09L
Instrument name:              Varian_GC-3800-FID_HPB_C2-C8-hydrocarb
Instrument manufacturer:      Varian
Instrument model:             GC-3800
Instrument serial number:     104633
Method ref:                   DE09L_Measurements_of_Hydrocarbons_GC-3800
Standard method:              SOP=ACTRIS_VOC_2014
Calibration scale:            NPL
Calibration standard ID:      Manufacturer NPL (quantum passivated cylinder form Air products); Batch D910379
Inlet type:                   Hat or hood
Inlet description:            Downward facing with hood
Detection limit expl.:        Determined by multiple peak integration of zero gas measurements, detection limit flag 147 is used for values under detection  limit defined as 3-sigma precision
Measurement uncertainty expl.: "Includes reproducibility (precision) + systematic errors (accuracy). Ref:http://www.atmos-meas-tech.net/8/2715/2015/"
Zero/negative values code:    Zero/negative possible
Zero/negative values:         Zero and neg. values may appear due to statistical variations at very low concentrations
Originator:                   Claude, Anja, anja.claude@dwd.de, Deutscher Wetterdienst, DWD, Hohenpeissenberg Meteorological Observatory, Albin-Schwaiger-Weg 10, , D-82383, Hohenpeissenberg, Germany
Originator:                   Kubistin, Dagmar, dagmar.kubistin@dwd.de, Deutscher Wetterdienst, DWD, Hohenpeissenberg Meteorological Observatory, Albin-Schwaiger-Weg 10, , D-82383, Hohenpeissenberg, Germany
Submitter:                    Claude, Anja, anja.claude@dwd.de, Deutscher Wetterdienst, DWD, Hohenpeissenberg Meteorological Observatory, Albin-Schwaiger-Weg 10, , D-82383, Hohenpeissenberg, Germany
Acknowledgement:              Request acknowledgement details from data originator
Comment:                      preconcentration on glass beeds (-197\B0C), o3 removed, cryo-dryer at -40\B0C, 2 week calibration interval, two target gases were used.
starttime endtime C2H6 C2H6 C2H6 flag
  0.495833   0.506250  2677.2   76.2   54.2 0.000
  0.995139   1.005556  1531.7   43.6   31.1 0.000
  1.495833   1.506250  1552.5   44.2   31.5 0.000
  1.995139   2.005556  2199.6   62.6   44.6 0.000
  2.494444   2.504861  1911.5   54.4   38.7 0.000
  2.993750   3.004167  2531.3   72.0   51.3 0.000
  3.493056   3.503472  2160.1   61.5   43.7 0.000
  3.992361   4.002778  1957.2   55.7   39.7 0.000
  4.492361   4.502778  2034.6   57.9   41.2 0.000
  4.993056   5.003472  2004.1   57.1   40.6 0.000
  5.492361   5.502778  2069.9   58.9   41.9 0.000
  5.992361   6.002778  1975.3   56.2   40.0 0.000
  6.497222   6.507639  2058.9   58.6   41.7 0.000
  6.996528   7.006944  1888.1   53.8   38.3 0.000
  7.496528   7.506944  1582.7   45.1   32.1 0.000
  7.995833   8.006250  1729.6   49.3   35.1 0.000
  8.495139   8.505556  2038.3   58.0   41.3 0.000
  8.994444   9.004861  1825.2   52.0   37.0 0.000
  9.493750   9.504167  1270.3   36.2   25.8 0.000
  9.993056  10.003472  1685.1   48.0   34.1 0.000
 10.492361  10.502778  2067.1   58.8   41.9 0.000
 10.990972  11.001389  2183.6   62.2   44.2 0.000
 11.495833  11.506250  2125.1   60.5   43.1 0.000
 11.995139  12.005556  2095.2   59.7   42.5 0.000
 12.495833  12.506250  1982.5   56.4   40.2 0.000
 12.995139  13.005556  1795.1   51.1   36.4 0.000
 13.494444  13.504861  2093.0   59.6   42.4 0.000
 13.993750  14.004167  2168.8   61.7   43.9 0.000
 14.497917  14.508333  2318.9   66.0   47.0 0.000
 14.997917  15.008333  2875.1   81.8   58.2 0.000
 15.497222  15.507639  1992.5   56.7   40.4 0.000
 15.997222  16.007639  2432.4   69.2   49.3 0.000
 16.496528  16.506944  2031.2   57.8   41.2 0.000
 16.996528  17.006944  2237.1   63.7   45.3 0.000
 17.496528  17.506944  2406.8   68.5   48.7 0.000
 17.996528  18.006944  2197.6   62.6   44.5 0.000
 18.494444  18.504861  1936.5   55.1   39.2 0.000
 18.994444  19.004861  1858.9   52.9   37.7 0.000
 19.496528  19.506944  2001.1   57.0   40.5 0.000
 19.996528  20.006944  2276.4   64.8   46.1 0.000
 20.496528  20.506944  2248.8   64.0   45.6 0.000
 20.995833  21.006250  2483.5   70.7   50.3 0.000
 21.516667  21.527083  2668.1   75.9   54.0 0.000
 22.015972  22.026389  2537.4   72.2   51.4 0.000
 22.493056  22.503472  2894.0   82.4   58.6 0.000
 22.993056  23.003472  3860.8  109.9   78.2 0.000
 23.493750  23.504167  3687.6  104.9   74.7 0.000
 23.994444  24.004861  3112.2   88.6   63.0 0.000
 24.495139  24.505556  2370.3   67.5   48.0 0.000
 24.995139  25.005556  2253.5   64.1   45.6 0.000
 27.497917  27.508333  2297.6   65.4   46.5 0.000
 27.998611  28.009028  1934.5   55.1   39.2 0.000
 28.495139  28.505556  2066.6   58.8   41.9 0.000
 28.995833  29.006250  2068.1   58.9   41.9 0.000
 29.492361  29.502778  2170.2   61.8   44.0 0.000
 29.993056  30.003472  2252.6   64.1   45.6 0.000
 30.493750  30.504167  2392.2   68.1   48.5 0.000
 30.993750  31.004167  2222.9   63.3   45.0 0.000
 31.495139  31.505556  2442.8   85.9   70.7 0.000
 31.995833  32.006250  2433.3   85.6   70.4 0.000
 32.493750  32.504167  2587.1   91.0   74.8 0.000
 32.994444  33.004861  2380.6   83.7   68.9 0.000
 33.493750  33.504167  2411.1   84.8   69.8 0.000
 33.994444  34.004861  2521.2   88.7   72.9 0.000
 34.494444  34.504861  2509.2   88.3   72.6 0.000
 34.995139  35.005556  3185.3  111.9   92.0 0.000
 35.531250  35.541667  4063.9  142.7  117.3 0.000
 35.990278  36.000694  3799.6  133.5  109.7 0.000
 36.495139  36.505556  3627.6  127.4  104.8 0.000
 36.995139  37.005556  3333.8  117.1   96.3 0.000
 37.495833  37.506250  3113.3  109.4   90.0 0.000
 37.996528  38.006944  3188.5  112.0   92.1 0.000
 38.496528  38.506944  2844.1  100.0   82.2 0.000
 38.997222  39.007639  2229.5   78.4   64.5 0.000
 39.497917  39.508333  2219.0   78.1   64.2 0.000
 39.998611  40.009028  2414.0   84.9   69.8 0.000
 40.497222  40.507639  2492.4   87.7   72.1 0.000
 40.997917  41.008333  2151.4   75.7   62.3 0.000
 41.494444  41.504861  2469.4   86.9   71.4 0.000
 41.995139  42.005556  1814.6   63.9   52.6 0.000
 42.495833  42.506250  2154.3   75.8   62.4 0.000
 42.996528  43.006944  1774.0   62.5   51.5 0.000
 43.494444  43.504861  2370.7   83.4   68.6 0.000
 43.995139  44.005556  1946.5   68.5   56.4 0.000
 44.495833  44.506250  1970.4   69.4   57.1 0.000
 44.997222  45.007639  2067.5   72.8   59.9 0.000
 45.497917  45.508333  3143.0  110.5   90.8 0.000
 45.997917  46.008333  2282.8   80.3   66.1 0.000
 46.497917  46.508333  2319.7   81.6   67.1 0.000
 46.998611  47.009028  2071.4   72.9   60.0 0.000
 47.498611  47.509028  2587.4   91.0   74.8 0.000
 47.998611  48.009028  3514.8  123.5  101.5 0.000
 48.499306  48.509722  3216.6  113.0   92.9 0.000
 49.000000  49.010417  3148.1  110.6   91.0 0.000
 49.493750  49.504167  2123.2   74.7   61.5 0.000
 49.993750  50.004167  1974.6   69.5   57.2 0.000
 50.494444  50.504861  2047.6   72.1   59.3 0.000
 50.995139  51.005556  1979.8   69.7   57.4 0.000
 51.495833  51.506250  2413.6   84.9   69.8 0.000
 51.995833  52.006250  2550.6   89.7   73.8 0.000
 52.497222  52.507639  2665.9   93.7   77.1 0.000
 52.997917  53.008333  2591.7   91.1   75.0 0.000
 53.496528  53.506944  2328.6   81.9   67.4 0.000
 53.996528  54.006944  2016.7   71.0   58.4 0.000
 54.496528  54.506944  2443.6   86.0   70.7 0.000
 54.996528  55.006944  2526.7   88.9   73.1 0.000
 55.495139  55.505556  2520.6   88.6   72.9 0.000
 55.995139  56.005556  2501.8   88.0   72.4 0.000
 56.495139  56.505556  2562.6   90.1   74.1 0.000
 56.995139  57.005556  2366.2   83.2   68.5 0.000
 57.494444  57.504861  2313.4   81.4   67.0 0.000
 57.994444  58.004861  2646.1   93.0   76.5 0.000
 58.494444  58.504861  2449.4   86.2   70.9 0.000
 58.993056  59.003472  2500.3   87.9   72.3 0.000
 59.493056  59.503472  1720.3   49.3   35.3 0.000
 59.993750  60.004167  2059.5   58.9   42.1 0.000
 60.496528  60.506944  2267.4   64.8   46.3 0.000
 60.996528  61.006944  2333.6   66.7   47.6 0.000
 61.493750  61.504167  2278.1   65.1   46.5 0.000
 61.994444  62.004861  2144.0   61.3   43.8 0.000
 62.550694  62.561111  2266.4   64.8   46.3 0.000
 63.002083  63.012500  2462.7   70.3   50.2 0.000
 63.494444  63.504861  2450.8   70.0   50.0 0.000
 63.994444  64.004861  2460.0   70.3   50.2 0.000
 64.498611  64.509028  2395.6   68.4   48.9 0.000
 64.998611  65.009028  2378.9   68.0   48.5 0.000
 65.498611  65.509028  2480.5   70.8   50.6 0.000
 65.998611  66.009028  2071.6   59.3   42.4 0.000
 66.498611  66.509028  2132.2   61.0   43.6 0.000
 66.998611  67.009028  2189.5   62.6   44.7 0.000
 67.494444  67.504861  2389.0   68.2   48.7 0.000
 67.994444  68.004861  2651.4   75.7   54.0 0.000
 68.493750  68.504167  2396.8   68.5   48.9 0.000
 68.993750  69.004167  3000.3   85.6   61.1 0.000
 69.490278  69.500694  2132.2   61.0   43.6 0.000
 69.990972  70.001389  2330.0   66.6   47.5 0.000
 70.526389  70.536806  2281.8   65.2   46.6 0.000
 70.977778  70.988194  2560.4   73.1   52.2 0.000
 71.532639  71.543056  2331.8   66.6   47.6 0.000
 71.990278  72.000694  2510.6   71.7   51.2 0.000
 72.490278  72.500694  2568.7   73.4   52.4 0.000
 72.990278  73.000694  2999.2   85.6   61.0 0.000
 73.490278  73.500694  2941.8   83.9   59.9 0.000
 73.990278  74.000694  2316.5   66.2   47.3 0.000
 74.494444  74.504861  2577.0   73.6   52.5 0.000
 74.994444  75.004861  2680.6   76.5   54.6 0.000
 75.493056  75.503472  1937.0   55.4   39.7 0.000
 75.993056  76.003472  1872.7   53.6   38.4 0.000
 76.493056  76.503472  2284.5   65.3   46.6 0.000
 76.993056  77.003472  2838.1   81.0   57.8 0.000
 77.494444  77.504861  2729.9   77.9   55.6 0.000
 77.994444  78.004861  2791.7   79.7   56.8 0.000
 78.493750  78.504167  2743.6   78.3   55.9 0.000
 78.993750  79.004167  2583.9   73.8   52.7 0.000
 79.493750  79.504167  2164.9   61.9   44.2 0.000
 79.993750  80.004167  3122.0   89.1   63.5 0.000
 80.493056  80.503472  3199.5   91.3   65.1 0.000
 80.993056  81.003472  3239.3   92.4   65.9 0.000
 81.493056  81.503472  2991.4   85.3   60.9 0.000
 81.993056  82.003472  2706.1   77.2   55.1 0.000
 82.493056  82.503472  2508.5   71.6   51.1 0.000
 83.543056  83.553472  2435.4   69.6   49.7 0.000
 84.002083  84.012500  3160.6   90.1   64.3 0.000
 84.493750  84.504167  3629.7  103.5   73.7 0.000
 84.952083  84.962500  2962.7   84.5   60.3 0.000
 85.494444  85.504861  2180.3   62.3   44.5 0.000
 85.994444  86.004861  2382.7   68.1   48.6 0.000
 86.494444  86.504861  2107.5   60.3   43.1 0.000
 86.993750  87.004167  1932.3   55.3   39.6 0.000
 87.493750  87.504167  1819.8   52.1   37.3 0.000
 87.993750  88.004167  1932.6   55.3   39.6 0.000
 88.497222  88.507639  2243.9   64.1   45.8 0.000
 88.997222  89.007639  2096.1   59.9   42.8 0.000
 89.495139  89.505556  1858.8   53.2   38.1 0.000
 90.497222  90.507639  2402.5   75.1   57.7 0.000
 90.997222  91.007639  2419.3   75.6   58.1 0.000
 91.484722  91.495139  2215.0   69.2   53.2 0.000
 91.984722  91.995139  2514.9   78.6   60.4 0.000
 92.484722  92.495139  2251.3   70.4   54.1 0.000
 92.985417  92.995833  2163.8   67.7   52.0 0.000
 93.485417  93.495833  2312.7   72.3   55.5 0.000
 93.985417  93.995833  2478.3   77.4   59.5 0.000
 94.485417  94.495833  2531.4   79.1   60.8 0.000
 94.985417  94.995833  2528.8   79.0   60.7 0.000
 95.485417  95.495833  2748.0   85.8   65.9 0.000
 95.985417  95.995833  2820.4   88.1   67.6 0.000
 96.493056  96.503472  3000.6   93.7   71.9 0.000
 96.993056  97.003472  2759.2   86.2   66.2 0.000
 97.495139  97.505556  2555.0   79.8   61.3 0.000
 97.995139  98.005556  2419.1   75.6   58.1 0.000
 98.494444  98.504861  1981.2   62.0   47.7 0.000
 98.994444  99.004861  2016.2   63.1   48.5 0.000
 99.493750  99.504167  1807.2   56.6   43.5 0.000
 99.993750 100.004167  1722.9   54.0   41.5 0.000
100.494444 100.504861  2019.5   63.2   48.6 0.000
100.994444 101.004861  1958.9   61.3   47.1 0.000
101.494444 101.504861  1770.5   55.4   42.7 0.000
101.994444 102.004861  1766.4   55.3   42.6 0.000
102.495833 102.506250  1844.8   57.7   44.4 0.000
102.995833 103.006250  2067.2   64.7   49.7 0.000
103.494444 103.504861  1796.6   56.3   43.3 0.000
103.994444 104.004861  1571.4   49.3   38.0 0.000
104.496528 104.506944  1600.4   50.2   38.7 0.000
104.996528 105.006944  1672.5   52.4   40.4 0.000
105.493750 105.504167  1797.5   56.3   43.3 0.000
105.993750 106.004167  1778.5   55.7   42.9 0.000
106.494444 106.504861  1948.4   61.0   46.9 0.000
106.994444 107.004861  2150.6   67.2   51.7 0.000
107.494444 107.504861  2342.0   73.2   56.2 0.000
107.994444 108.004861  2195.5   68.6   52.8 0.000
108.494444 108.504861  2147.8   67.2   51.6 0.000
108.993750 109.004167  1990.6   62.3   47.9 0.000
109.492361 109.502778  1968.1   61.6   47.4 0.000
109.992361 110.002778  2074.2   64.9   49.9 0.000
110.493750 110.504167  1806.5   56.6   43.5 0.000
110.993750 111.004167  1783.8   55.9   43.0 0.000
111.493056 111.503472  1826.1   57.2   44.0 0.000
111.993056 112.003472  2037.9   63.8   49.0 0.000
112.493750 112.504167  1941.7   60.8   46.7 0.000
112.993750 113.004167  1924.3   60.2   46.3 0.000
113.493750 113.504167  1847.0   57.8   44.5 0.000
113.993750 114.004167  1772.2   55.5   42.7 0.000
114.493750 114.504167  1700.2   53.3   41.0 0.000
114.994444 115.004861  1837.1   57.5   44.2 0.000
115.494444 115.504861  1586.5   49.7   38.3 0.000
115.994444 116.004861  1584.8   49.7   38.3 0.000
116.496528 116.506944  1458.2   45.8   35.3 0.000
116.996528 117.006944  1498.2   47.0   36.2 0.000
117.495139 117.505556  2066.6   64.6   49.7 0.000
117.995139 118.005556  1957.9   61.3   47.1 0.000
118.500000 118.510417  1880.4   58.9   45.3 0.000
119.000000 119.010417  1833.5   57.4   44.2 0.000
119.495139 119.505556  1715.6   53.7   41.4 0.000
119.995139 120.005556  1631.3   62.5   53.3 0.000
120.495833 120.506250  1710.3   49.3   35.5 0.000
120.995833 121.006250  1288.4   37.2   26.8 0.000
121.495833 121.506250  1697.3   48.9   35.2 0.000
121.995833 122.006250  1509.2   43.5   31.3 0.000
122.495833 122.506250   781.3   22.6   16.4 0.000
122.995833 123.006250  1163.6   33.6   24.2 0.000
123.493750 123.504167  1193.3   34.4   24.8 0.000
123.993750 124.004167  1135.0   32.8   23.6 0.000
124.993750 125.004167  1484.4   42.8   30.8 0.000
125.494444 125.504861  1619.5   46.7   33.6 0.000
125.994444 126.004861  1618.6   46.6   33.6 0.000
126.494444 126.504861  1693.0   48.8   35.1 0.000
126.994444 127.004861  1751.9   50.5   36.3 0.000
127.497222 127.507639  1476.6   42.6   30.7 0.000
127.997222 128.007639  1488.1   42.9   30.9 0.000
128.497222 128.507639  1326.2   38.2   27.6 0.000
128.997222 129.007639  1489.9   42.9   30.9 0.000
129.497222 129.507639  1581.7   45.6   32.8 0.000
129.997222 130.007639  1631.0   47.0   33.8 0.000
130.493056 130.503472  1626.9   46.9   33.7 0.000
130.993056 131.003472  1632.5   47.0   33.9 0.000
131.493750 131.504167  1570.5   45.2   32.6 0.000
131.993750 132.004167  1535.9   44.3   31.9 0.000
132.493750 132.504167  1612.7   46.5   33.4 0.000
132.993750 133.004167  1483.3   42.8   30.8 0.000
133.493750 133.504167  1537.0   44.3   31.9 0.000
133.994444 134.004861  1444.3   41.6   30.0 0.000
134.494444 134.504861  1529.4   44.1   31.7 0.000
134.994444 135.004861  1907.1   54.9   39.5 0.000
135.494444 135.504861  1746.6   50.3   36.2 0.000
135.994444 136.004861  1715.4   49.4   35.6 0.000
136.494444 136.504861  1652.7   47.6   34.3 0.000
136.994444 137.004861  1650.5   47.6   34.2 0.000
137.491667 137.502083  1442.1   41.6   29.9 0.000
137.991667 138.002083  1424.4   41.1   29.6 0.000
138.494444 138.504861  1208.2   34.9   25.1 0.000
138.994444 139.004861  1281.7   37.0   26.6 0.000
139.567361 139.577778  1605.4   46.3   33.3 0.000
140.068056 140.078472  1571.0   45.3   32.6 0.000
140.496528 140.506944  1600.3   46.1   33.2 0.000
140.997222 141.007639  1449.5   41.8   30.1 0.000
141.493750 141.504167  1651.5   47.6   34.2 0.000
141.994444 142.004861  1407.9   40.6   29.2 0.000
142.495139 142.505556  1465.0   42.2   30.4 0.000
142.995833 143.006250  1316.6   38.0   27.3 0.000
143.496528 143.506944 99999.9 9999.9 9999.9 0.999
143.996528 144.006944 99999.9 9999.9 9999.9 0.999
144.497222 144.507639 99999.9 9999.9 9999.9 0.999
144.997917 145.008333 99999.9 9999.9 9999.9 0.999
145.495139 145.505556  1723.0   49.6   35.7 0.000
145.995139 146.005556  1621.6   46.7   33.6 0.000
146.497917 146.508333  1526.4   44.0   31.7 0.000
146.997917 147.008333  1608.4   46.3   33.4 0.000
147.496528 147.506944  1415.3   40.8   29.4 0.000
147.996528 148.006944  1478.4   42.6   30.7 0.000
148.493750 148.504167  1179.1   34.0   24.5 0.000
148.994444 149.004861  1339.3   38.6   27.8 0.000
149.494444 149.504861  1193.2   34.4   24.8 0.000
149.995139 150.005556  1437.5   41.4   29.8 0.000
150.495139 150.505556  1224.1   35.3   25.4 0.000
150.995833 151.006250  1237.3   35.7   25.7 0.000
151.492361 151.502778  1237.0   35.4   25.3 0.000
151.993056 152.003472  1182.0   33.8   24.2 0.000
152.495139 152.505556  1161.7   33.2   23.8 0.000
152.995139 153.005556  1164.4   33.3   23.8 0.000
153.492361 153.502778  1080.9   30.9   22.1 0.000
153.992361 154.002778  1336.3   38.2   27.3 0.000
154.493056 154.503472  1258.0   36.0   25.7 0.000
154.993056 155.003472  1205.2   34.5   24.6 0.000
155.493750 155.504167  1228.2   35.1   25.1 0.000
155.994444 156.004861  1257.7   36.0   25.7 0.000
156.494444 156.504861  1168.4   33.4   23.9 0.000
156.995139 157.005556  1186.5   33.9   24.3 0.000
157.495833 157.506250  1186.3   33.9   24.3 0.000
157.995833 158.006250  1288.4   36.8   26.3 0.000
158.494444 158.504861  1042.0   29.8   21.4 0.000
158.994444 159.004861  1371.0   39.2   28.0 0.000
159.493750 159.504167  1342.6   38.4   27.4 0.000
159.994444 160.004861  1350.9   38.6   27.6 0.000
160.493056 160.503472  1386.3   39.6   28.3 0.000
160.993750 161.004167  1414.9   40.4   28.9 0.000
161.492361 161.502778  1386.2   39.6   28.3 0.000
161.992361 162.002778  1065.9   30.5   21.8 0.000
162.493056 162.503472  1105.1   31.6   22.6 0.000
162.993056 163.003472  1089.0   31.2   22.3 0.000
163.493750 163.504167  1069.6   30.6   21.9 0.000
