data/obs/c2h6/WDCGG/event/DE0043G.20080207114400.20170713000000.online_gc.ethane.air.47w.12h.DE09L_Varian_GC-3800-FID_HPB_C2-C8-hydrocarb.DE09L_Measurements_of_Hydrocarbons_GC-3800.lev2.nas
74 1001
Claude, Anja; Plass-Duelmer, Christian
DE09L, Deutscher Wetterdienst, DWD, Met. Obs., Hohenspeissenberg, , 82283, Hohenspeissenberg, Germany
Claude, Anja
ACTRIS EMEP GAW-WDCRG
1 1
2008 01 01 2017 07 13
0
days from file reference point
5
1 1 1 1 1
999.999999 99999.9 9999.9 999.9 9.999
end_time of measurement, days from the file reference point
ethane, pmol/mol, Statistics=arithmetic mean
ethane, pmol/mol, Statistics=expanded uncertainty 2sigma
ethane, pmol/mol, Statistics=precision
numflag, no unit
0
55
Data definition:              EBAS_1.1
Set type code:                TI
Timezone:                     UTC
File name:                    DE0043G.20080207114400.20170713000000.online_gc.ethane.air.47w.12h.DE09L_Varian_GC-3800-FID_HPB_C2-C8-hydrocarb.DE09L_Measurements_of_Hydrocarbons_GC-3800.lev2.nas
File creation:                20190306184559
Startdate:                    20080207114400
Revision date:                20170713000000
Version:                      2
Version description:          2nd revision 2017, manually inspected, 2017 header
Data level:                   2
Period code:                  47w
Resolution code:              12h
Sample duration:              15mn
Orig. time res.:              15mn
Station code:                 DE0043G
Platform code:                DE0043S
Station name:                 Hohenpeissenberg
Station WDCA-ID:              GAWADE__HPB
Station GAW-ID:               HPB
Station GAW-Name:             Hohenpeissenberg
Station land use:             Grassland
Station setting:              Mountain
Station GAW type:             G
Station WMO region:           6
Station latitude:             47.8014984131
Station longitude:            11.0096197128
Station altitude:             985.0m
Measurement altitude:         1000.0m
Measurement height:           15.0m
Regime:                       IMG
Component:                    ethane
Unit:                         pmol/mol
Matrix:                       air
Instrument type:              online_gc
Laboratory code:              DE09L
Instrument name:              Varian_GC-3800-FID_HPB_C2-C8-hydrocarb
Instrument manufacturer:      Varian
Instrument model:             GC-3800
Instrument serial number:     104633
Method ref:                   DE09L_Measurements_of_Hydrocarbons_GC-3800
Standard method:              SOP=ACTRIS_VOC_2014
Calibration scale:            NPL
Calibration standard ID:      Manufacturer NPL (quantum passivated cylinder form Air products); Batch APE 358162
Inlet type:                   Hat or hood
Inlet description:            Downward facing with hood
Detection limit expl.:        Determined by multiple peak integration of zero gas measurements, detection limit flag 147 is used for values under detection  limit defined as 3-sigma precision
Measurement uncertainty expl.: "Includes reproducibility (precision) + systematic errors (accuracy). Ref:http://www.atmos-meas-tech.net/8/2715/2015/"
Zero/negative values code:    Zero/negative possible
Zero/negative values:         Zero and neg. values may appear due to statistical variations at very low concentrations
Originator:                   Claude, Anja, anja.claude@dwd.de, Deutscher Wetterdienst, DWD, Hohenpeissenberg Meteorological Observatory, Albin-Schwaiger-Weg 10, , D-82383, Hohenpeissenberg, Germany
Originator:                   Plass-Duelmer, Christian, , , , , , , , , 
Submitter:                    Claude, Anja, anja.claude@dwd.de, Deutscher Wetterdienst, DWD, Hohenpeissenberg Meteorological Observatory, Albin-Schwaiger-Weg 10, , D-82383, Hohenpeissenberg, Germany
Acknowledgement:              Request acknowledgement details from data originator
Comment:                      preconcentration on glass beeds (-197\B0C), o3 removed, cryo-dryer at -40\B0C, 2 week calibration interval,two target gases were used.
starttime endtime C2H6 C2H6 C2H6 flag
[from data line 327]
283.493750 283.504167  1165.0   63.2  24.6 0.000
283.994444 284.004861  1039.9   56.5  22.1 0.000
284.495139 284.505556   926.5   50.4  19.9 0.000
284.996528 285.006944   822.8   44.9  17.9 0.000
286.498611 286.509028   834.5   45.4  17.9 0.000
286.999306 287.009722   843.3   45.9  18.1 0.000
287.490972 287.501389   867.0   47.1  18.5 0.000
287.992361 288.002778  1138.4   61.7  23.8 0.000
288.494444 288.504861   965.9   52.4  20.3 0.000
288.995833 289.006250  1114.2   60.4  23.4 0.000
289.499306 289.509722   914.4   49.7  19.4 0.000
290.000000 290.010417   961.1   52.3  20.7 0.000
290.493750 290.504167   989.9   53.7  20.9 0.000
293.491667 293.502083   893.5   48.6  19.0 0.000
293.991667 294.002083   902.9   49.1  19.2 0.000
294.493056 294.503472   848.5   46.1  18.0 0.000
294.992361 295.002778   930.4   50.5  19.6 0.000
295.494444 295.504861  1205.6   65.3  25.0 0.000
295.995139 296.005556  1086.2   58.9  22.7 0.000
296.492361 296.502778  1109.9   60.2  23.3 0.000
296.992361 297.002778  1214.5   65.9  25.6 0.000
297.492361 297.502778  1330.2   72.2  28.0 0.000
297.993056 298.003472  1453.9   78.8  30.5 0.000
298.493056 298.503472  1438.2   78.0  30.2 0.000
298.993750 299.004167  1362.6   73.9  28.6 0.000
299.493750 299.504167  1279.7   69.5  27.0 0.000
299.993750 300.004167  1080.7   58.7  23.0 0.000
300.495139 300.505556  1024.9   55.6  21.7 0.000
300.995139 301.005556  1078.3   58.6  22.9 0.000
301.503472 301.513889  1195.5   64.8  24.9 0.000
302.003472 302.013889  1167.9   63.3  24.5 0.000
302.493750 302.504167  1380.3   74.8  28.8 0.000
302.994444 303.004861  1569.2   84.9  32.4 0.000
303.493750 303.504167  1552.3   84.0  32.1 0.000
303.993750 304.004167  1386.4   75.1  28.8 0.000
304.493056 304.503472  1276.6   69.1  26.6 0.000
304.993750 305.004167  1155.4   62.5  23.8 0.000
305.494444 305.504861  1404.5   75.9  28.8 0.000
305.995139 306.005556  1228.1   66.4  25.3 0.000
306.495833 306.506250  1121.7   60.7  23.1 0.000
306.996528 307.006944   963.3   52.1  19.9 0.000
307.516667 307.527083  1577.0   85.4  32.7 0.559
308.016667 308.027083  1959.6  105.8  40.0 0.000
309.495139 309.505556  1163.7   62.9  23.9 0.000
309.995139 310.005556  1383.9   74.8  28.4 0.000
310.547917 310.558333  2046.8  110.6  41.9 0.559
310.997222 311.007639  2032.0  109.7  41.4 0.000
311.525694 311.536111  1589.3   85.9  32.6 0.000
311.998611 312.009028  1528.7   82.6  31.4 0.000
313.000694 313.011111  1518.2   82.0  31.1 0.000
313.502083 313.512500  1330.1   71.9  27.3 0.000
314.003472 314.013889  1342.1   72.5  27.6 0.000
314.494444 314.504861  1464.7   79.1  30.0 0.000
314.996528 315.006944  1475.2   79.7  30.2 0.000
315.494444 315.504861  1252.7   67.9  26.1 0.000
315.996528 316.006944  1251.6   67.8  26.1 0.000
316.497222 316.507639  1281.3   69.4  26.7 0.000
316.999306 317.009722  1320.7   71.5  27.5 0.000
317.498611 317.509028  1660.6   89.9  34.4 0.000
318.000000 318.010417  1709.6   92.4  35.1 0.000
318.495833 318.506250  1686.1   91.1  34.6 0.000
318.970139 318.980556  1634.5   88.4  33.6 0.000
319.472222 319.482639  1684.7   91.1  34.7 0.000
319.974306 319.984722  1577.9   85.4  32.6 0.000
320.476389 320.486806  1727.7   93.4  35.6 0.000
320.978472 320.988889  1577.3   85.3  32.6 0.000
321.491667 321.502083  1494.1   80.8  30.9 0.000
321.992361 322.002778  1578.6   85.4  32.6 0.000
322.493750 322.504167  1750.5   94.7  36.1 0.000
322.994444 323.004861  1880.6  101.7  38.7 0.000
323.492361 323.502778  1308.9   70.9  27.2 0.000
323.993056 324.003472  1506.7   81.5  31.2 0.000
324.546528 324.556944  1427.1   77.3  29.6 0.000
324.995139 325.005556  1307.4   70.8  27.3 0.000
325.493750 325.504167  1234.9   66.9  25.7 0.000
325.994444 326.004861  1546.8   83.7  31.9 0.000
326.495833 326.506250  1653.1   89.4  34.1 0.000
326.997222 327.007639  1639.3   88.7  33.8 0.000
327.498611 327.509028  1569.8   84.9  32.4 0.000
328.000000 328.010417  1334.5   72.3  27.7 0.000
328.494444 328.504861  1375.5   74.3  28.2 0.000
328.943750 328.954167  1585.7   85.7  32.4 0.000
329.495139 329.505556  1899.6  102.6  38.7 0.000
329.996528 330.006944  1775.9   95.9  36.2 0.000
330.511111 330.521528  1832.7   99.0  37.4 0.000
330.560417 330.570833  2226.7  120.2  45.3 0.000
331.061806 331.072222  1884.7  101.8  38.4 0.000
331.491667 331.502083  2309.5  124.7  47.0 0.000
331.991667 332.002083  1422.0   76.8  29.1 0.000
332.490278 332.500694  1516.7   81.9  31.0 0.000
332.990278 333.000694  1934.2  104.4  39.4 0.000
333.490972 333.501389  1811.6   97.8  37.0 0.000
333.990972 334.001389  1386.1   74.9  28.4 0.000
334.491667 334.502083  1712.7   92.5  35.0 0.000
334.991667 335.002083  1345.0   72.8  28.0 0.000
335.507639 335.518056  1787.9   96.7  36.8 0.000
336.492361 336.502778  1914.8  103.5  39.3 0.000
336.993056 337.003472  1812.7   98.0  37.3 0.000
337.528472 337.538889  1528.3   82.8  31.8 0.000
337.994444 338.004861  1577.3   85.3  32.5 0.000
338.511806 338.522222  1740.3   94.1  35.8 0.000
338.995139 339.005556  1381.3   74.8  28.8 0.000
339.494444 339.504861  1610.4   87.2  33.5 0.000
339.995833 340.006250  1625.0   88.0  33.7 0.000
340.496528 340.506944  2005.4  108.4  41.3 0.000
340.997917 341.008333  2306.0  124.6  47.3 0.000
341.499306 341.509722  2656.7  143.5  54.4 0.000
342.000000 342.010417  2779.3  150.1  56.8 0.000
342.494444 342.504861  2669.2  144.2  54.6 0.000
342.995833 343.006250  1103.3   59.9  23.3 0.000
343.504167 343.514583  1841.1   99.5  37.8 0.559
344.005556 344.015972  1721.7   93.1  35.4 0.000
344.495833 344.506250  2336.6  126.2  47.7 0.000
344.997917 345.008333  3090.8  166.9  62.9 0.000
345.495139 345.505556  3294.6  177.9  67.1 0.000
345.995139 346.005556  2710.7  146.4  55.3 0.559
346.489583 346.500000  2636.1  142.4  53.8 0.000
346.989583 347.000000  2564.6  138.5  52.4 0.000
347.490278 347.500694  3063.0  165.4  62.4 0.000
347.990972 348.001389  2449.4  132.3  50.1 0.000
348.491667 348.502083  2097.3  113.3  43.0 0.000
348.991667 349.002083  1717.6   92.9  35.4 0.000
349.493056 349.503472  1458.9   79.0  30.4 0.000
349.993750 350.004167  1672.2   90.4  34.4 0.000
350.497917 350.508333  1955.0  105.7  40.2 0.000
350.999306 351.009722  3545.2  191.4  72.2 0.000
351.493750 351.504167  3412.7  184.4  69.8 0.000
351.994444 352.004861  3120.3  168.5  63.6 0.000
352.494444 352.504861  3178.4  171.7  64.9 0.000
352.994444 353.004861  3258.4  175.9  66.4 0.000
353.493750 353.504167  1858.9  100.5  38.2 0.000
353.994444 354.004861  2175.1  117.6  44.6 0.000
354.494444 354.504861  1429.0   77.4  29.7 0.000
354.995139 355.005556  1585.5   85.8  32.9 0.000
355.495139 355.505556  1618.2   87.6  33.5 0.000
355.995833 356.006250  1501.3   81.3  31.1 0.000
356.493750 356.504167  1405.3   76.1  29.2 0.000
356.994444 357.004861  1467.0   79.4  30.4 0.000
357.490972 357.501389  1746.8   94.5  36.1 0.000
357.990972 358.001389  1628.9   88.1  33.6 0.000
358.491667 358.502083  1830.7   99.0  37.8 0.000
358.993056 359.003472  1593.0   86.4  33.4 0.000
359.493750 359.504167  2119.3  114.5  43.4 0.000
359.994444 360.004861  2040.6  110.4  42.1 0.000
360.495139 360.505556  2541.5  137.2  51.9 0.000
360.997222 361.007639  3068.5  165.7  62.6 0.000
361.497917 361.508333  3291.0  177.7  67.1 0.000
361.999306 362.009722  3373.4  182.2  68.9 0.000
362.500694 362.511111  2959.1  159.9  60.7 0.000
363.001389 363.011806  3192.1  172.4  65.2 0.000
363.495833 363.506250  3150.6  170.2  64.4 0.000
363.997222 364.007639  1639.7   88.6  33.7 0.000
364.495833 364.506250  2064.8  111.7  42.6 0.000
364.996528 365.006944  2074.3  112.1  42.7 0.000
365.498611 365.509028  2187.7  118.3  44.9 0.000
