data/obs/c2h6/WDCGG/event/DE0043G.20120101000000.20170621000000.online_gc.ethane.air.1y.12h.DE09L_Varian_GC-3800-FID_HPB_C2-C8-hydrocarb.DE09L_Measurements_of_Hydrocarbons_GC-3800.lev2.nas
74 1001
Claude, Anja; Plass-Duelmer, Christian
DE09L, Deutscher Wetterdienst, DWD, Met. Obs., Hohenspeissenberg, , 82283, Hohenspeissenberg, Germany
Claude, Anja
ACTRIS EMEP GAW-WDCRG
1 1
2012 01 01 2017 06 21
0
days from file reference point
5
1 1 1 1 1
999.999999 99999.9 9999.9 9999.9 9.999
end_time of measurement, days from the file reference point
ethane, pmol/mol, Statistics=arithmetic mean
ethane, pmol/mol, Statistics=expanded uncertainty 2sigma
ethane, pmol/mol, Statistics=precision
numflag, no unit
0
55
Data definition:              EBAS_1.1
Set type code:                TI
Timezone:                     UTC
File name:                    DE0043G.20120101000000.20170621000000.online_gc.ethane.air.1y.12h.DE09L_Varian_GC-3800-FID_HPB_C2-C8-hydrocarb.DE09L_Measurements_of_Hydrocarbons_GC-3800.lev2.nas
File creation:                20190306184600
Startdate:                    20120101000000
Revision date:                20170621000000
Version:                      3
Version description:          2nd revision 2017, manually inspected, 2017 header
Data level:                   2
Period code:                  1y
Resolution code:              12h
Sample duration:              15mn
Orig. time res.:              15mn
Station code:                 DE0043G
Platform code:                DE0043S
Station name:                 Hohenpeissenberg
Station WDCA-ID:              GAWADE__HPB
Station GAW-ID:               HPB
Station GAW-Name:             Hohenpeissenberg
Station land use:             Grassland
Station setting:              Mountain
Station GAW type:             G
Station WMO region:           6
Station latitude:             47.8014984131
Station longitude:            11.0096197128
Station altitude:             985.0m
Measurement altitude:         1000.0m
Measurement height:           15.0m
Regime:                       IMG
Component:                    ethane
Unit:                         pmol/mol
Matrix:                       air
Instrument type:              online_gc
Laboratory code:              DE09L
Instrument name:              Varian_GC-3800-FID_HPB_C2-C8-hydrocarb
Instrument manufacturer:      Varian
Instrument model:             GC-3800
Instrument serial number:     104633
Method ref:                   DE09L_Measurements_of_Hydrocarbons_GC-3800
Standard method:              SOP=ACTRIS_VOC_2014
Calibration scale:            NPL
Calibration standard ID:      Manufacturer NPL (quantum passivated cylinder form Air products); Batch D641624
Inlet type:                   Hat or hood
Inlet description:            Downward facing with hood
Detection limit expl.:        Determined by multiple peak integration of zero gas measurements, detection limit flag 147 is used for values under detection  limit defined as 3-sigma precision
Measurement uncertainty expl.: "Includes reproducibility (precision) + systematic errors (accuracy). Ref:http://www.atmos-meas-tech.net/8/2715/2015/"
Zero/negative values code:    Zero/negative possible
Zero/negative values:         Zero and neg. values may appear due to statistical variations at very low concentrations
Originator:                   Claude, Anja, anja.claude@dwd.de, Deutscher Wetterdienst, DWD, Hohenpeissenberg Meteorological Observatory, Albin-Schwaiger-Weg 10, , D-82383, Hohenpeissenberg, Germany
Originator:                   Plass-Duelmer, Christian, , , , , , , , , 
Submitter:                    Claude, Anja, anja.claude@dwd.de, Deutscher Wetterdienst, DWD, Hohenpeissenberg Meteorological Observatory, Albin-Schwaiger-Weg 10, , D-82383, Hohenpeissenberg, Germany
Acknowledgement:              Request acknowledgement details from data originator
Comment:                      preconcentration on glass beeds (-197\B0C), o3 removed, cryo-dryer at -40\B0C, 2 week calibration interval.
starttime endtime C2H6 C2H6 C2H6 flag
[from data line 961]
314.503472 314.513889  1247.3   35.5   25.3 0.000
315.005556 315.015972  1242.7   35.4   25.2 0.000
315.507639 315.518056  1500.8   42.8   30.4 0.000
316.009722 316.020139  1474.0   42.0   29.9 0.000
316.497917 316.508333  1563.7   44.5   31.7 0.000
316.997917 317.008333  1618.0   46.1   32.8 0.000
317.491667 317.502083  1647.5   46.7   33.2 0.000
317.991667 318.002083  1625.3   46.3   33.0 0.000
318.535417 318.545833  1488.9   42.4   30.1 0.000
318.993750 319.004167  1254.7   35.8   25.5 0.000
319.498611 319.509028  1624.1   46.1   32.8 0.000
319.999306 320.009722  1151.9   32.8   23.3 0.000
320.495833 320.506250  1325.1   37.8   26.9 0.000
320.997917 321.008333  1201.2   34.2   24.4 0.000
321.500000 321.510417  1339.2   38.2   27.2 0.000
322.002083 322.012500  1204.3   34.3   24.5 0.000
322.503472 322.513889  1240.5   35.4   25.2 0.000
323.005556 323.015972  1241.5   35.4   25.2 0.000
323.495833 323.506250  1337.6   38.1   27.2 0.000
323.997917 324.008333  1703.9   48.5   34.6 0.000
324.497917 324.508333  1577.7   44.9   32.0 0.000
325.000000 325.010417  1309.1   37.3   26.6 0.000
325.496528 325.506944  1132.3   32.3   23.0 0.000
325.998611 326.009028  1471.7   41.9   29.9 0.000
326.495833 326.506250  1642.6   46.8   33.3 0.000
326.995833 327.006250  1761.1   50.2   35.7 0.000
327.497222 327.507639  1271.5   36.2   25.8 0.000
327.997222 328.007639  1168.4   33.3   23.7 0.000
328.497917 328.508333  1437.2   41.0   29.2 0.000
328.998611 329.009028  1222.3   34.8   24.8 0.000
329.499306 329.509722  1367.7   39.0   27.8 0.000
330.000000 330.010417  1545.5   44.0   31.3 0.000
330.496528 330.506944  1528.5   43.5   31.0 0.000
330.996528 331.006944  1881.5   53.6   38.1 0.000
331.497222 331.507639  1994.5   56.8   40.4 0.000
331.997917 332.008333  2195.8   62.5   44.5 0.000
332.499306 332.509722  2884.2   82.1   58.4 0.000
333.000000 333.010417  3272.6   93.1   66.3 0.000
333.496528 333.506944  2461.6   70.1   49.9 0.000
333.997222 334.007639  2343.9   66.7   47.5 0.000
334.497222 334.507639  2550.1   72.6   51.7 0.000
334.998611 335.009028  2493.9   71.0   50.5 0.000
335.500000 335.510417  2611.3   74.3   52.9 0.000
336.001389 336.011806  2494.1   71.0   50.5 0.000
336.503472 336.513889  2133.0   60.7   43.2 0.000
337.004861 337.015278  2048.4   58.3   41.5 0.000
337.495833 337.506250  1787.9   50.9   36.2 0.000
337.997917 338.008333  1558.4   44.4   31.6 0.000
338.496528 338.506944  1651.6   47.0   33.5 0.000
338.998611 339.009028  1656.4   47.2   33.6 0.000
339.499306 339.509722  1761.2   50.1   35.7 0.000
340.001389 340.011806  1748.9   49.8   35.5 0.000
340.494444 340.504861  2372.9   67.6   48.1 0.000
340.997222 341.007639  2204.0   62.8   44.7 0.000
341.496528 341.506944  2088.8   59.5   42.3 0.000
341.997222 342.007639  2028.1   57.8   41.1 0.000
342.497917 342.508333  2785.7   79.3   56.4 0.000
342.998611 343.009028  2281.4   65.0   46.2 0.000
343.500000 343.510417  2024.7   57.7   41.0 0.000
344.001389 344.011806  1716.9   48.9   34.8 0.000
344.494444 344.504861  2053.8   58.5   41.6 0.000
344.995833 345.006250  2381.2   67.8   48.3 0.000
345.507639 345.518056  2781.0   79.2   56.3 0.000
346.008333 346.018750  2775.5   79.0   56.2 0.000
346.484722 346.495139  2596.4   73.9   52.6 0.000
347.485417 347.495833  1869.4   53.2   37.9 0.000
347.535417 347.545833  1995.4   56.8   40.5 0.000
348.495833 348.506250  2082.0   59.3   42.2 0.000
348.997917 349.008333  2252.1   64.1   45.6 0.000
349.499306 349.509722  1911.3   54.4   38.7 0.000
350.000694 350.011111  1653.8   47.1   33.5 0.000
350.502778 350.513194  1563.4   44.5   31.7 0.000
351.004167 351.014583  1607.8   45.8   32.6 0.000
351.493750 351.504167  1867.7   53.2   37.9 0.000
351.995833 352.006250  1925.0   54.8   39.0 0.000
352.976389 352.986806  2232.1   63.5   45.2 0.000
353.495833 353.506250  2123.0   60.4   43.0 0.000
353.997917 354.008333  2114.7   60.2   42.9 0.000
354.491667 354.502083  2187.2   62.3   44.3 0.000
354.992361 355.002778  1687.9   48.1   34.2 0.000
355.493750 355.504167  1906.3   54.3   38.6 0.000
355.994444 356.004861  1909.1   54.4   38.7 0.000
356.495139 356.505556  1835.4   52.3   37.2 0.000
356.996528 357.006944  1562.1   44.5   31.7 0.000
357.497917 357.508333  1149.2   32.8   23.3 0.000
357.998611 358.009028  1131.6   32.3   23.0 0.000
358.500000 358.510417   902.1   25.7   18.4 0.000
359.001389 359.011806   765.5   21.9   15.6 0.000
359.502778 359.513194   939.9   26.8   19.1 0.000
360.004167 360.014583  1788.7   50.9   36.3 0.000
360.505556 360.515972  2147.3   61.1   43.5 0.000
361.006944 361.017361  2107.1   60.0   42.7 0.000
361.492361 361.502778  1730.9   49.3   35.1 0.000
361.993750 362.004167  2169.0   61.8   44.0 0.000
362.497222 362.507639  2301.2   65.5   46.6 0.000
362.997917 363.008333  2163.9   61.6   43.9 0.000
363.498611 363.509028  1847.9   52.6   37.5 0.000
364.000000 364.010417  1675.9   47.7   34.0 0.000
364.500694 364.511111  2003.9   57.1   40.6 0.000
365.002083 365.012500  1948.6   55.5   39.5 0.000
365.503472 365.513889  2037.4   58.0   41.3 0.000
