data/obs/c2h6/WDCGG/event/DE0043G.20091231235500.20170622000000.online_gc.ethane.air.1y.12h.DE09L_Varian_GC-3800-FID_HPB_C2-C8-hydrocarb.DE09L_Measurements_of_Hydrocarbons_GC-3800.lev2.nas
74 1001
Claude, Anja; Plass-Duelmer, Christian
DE09L, Deutscher Wetterdienst, DWD, Met. Obs., Hohenspeissenberg, , 82283, Hohenspeissenberg, Germany
Claude, Anja
ACTRIS EMEP GAW-WDCRG
1 1
2010 01 01 2017 06 22
0
days from file reference point
5
1 1 1 1 1
999.999999 99999.9 9999.9 9999.9 9.999
end_time of measurement, days from the file reference point
ethane, pmol/mol, Statistics=arithmetic mean
ethane, pmol/mol, Statistics=expanded uncertainty 2sigma
ethane, pmol/mol, Statistics=precision
numflag, no unit
0
55
Data definition:              EBAS_1.1
Set type code:                TI
Timezone:                     UTC
File name:                    DE0043G.20091231235500.20170622000000.online_gc.ethane.air.1y.12h.DE09L_Varian_GC-3800-FID_HPB_C2-C8-hydrocarb.DE09L_Measurements_of_Hydrocarbons_GC-3800.lev2.nas
File creation:                20190306184600
Startdate:                    20091231235500
Revision date:                20170622000000
Version:                      2
Version description:          2nd revision 2017, manually inspected, 2017 header
Data level:                   2
Period code:                  1y
Resolution code:              12h
Sample duration:              15mn
Orig. time res.:              15mn
Station code:                 DE0043G
Platform code:                DE0043S
Station name:                 Hohenpeissenberg
Station WDCA-ID:              GAWADE__HPB
Station GAW-ID:               HPB
Station GAW-Name:             Hohenpeissenberg
Station land use:             Grassland
Station setting:              Mountain
Station GAW type:             G
Station WMO region:           6
Station latitude:             47.8014984131
Station longitude:            11.0096197128
Station altitude:             985.0m
Measurement altitude:         1000.0m
Measurement height:           15.0m
Regime:                       IMG
Component:                    ethane
Unit:                         pmol/mol
Matrix:                       air
Instrument type:              online_gc
Laboratory code:              DE09L
Instrument name:              Varian_GC-3800-FID_HPB_C2-C8-hydrocarb
Instrument manufacturer:      Varian
Instrument model:             GC-3800
Instrument serial number:     104633
Method ref:                   DE09L_Measurements_of_Hydrocarbons_GC-3800
Standard method:              SOP=ACTRIS_VOC_2014
Calibration scale:            NPL
Calibration standard ID:      Manufacturer NPL (quantum passivated cylinder form Air products); Batch D641624
Inlet type:                   Hat or hood
Inlet description:            Downward facing with hood
Detection limit expl.:        Determined by multiple peak integration of zero gas measurements, detection limit flag 147 is used for values under detection  limit defined as 3-sigma precision
Measurement uncertainty expl.: "Includes reproducibility (precision) + systematic errors (accuracy). Ref:http://www.atmos-meas-tech.net/8/2715/2015/"
Zero/negative values code:    Zero/negative possible
Zero/negative values:         Zero and neg. values may appear due to statistical variations at very low concentrations
Originator:                   Claude, Anja, anja.claude@dwd.de, Deutscher Wetterdienst, DWD, Hohenpeissenberg Meteorological Observatory, Albin-Schwaiger-Weg 10, , D-82383, Hohenpeissenberg, Germany
Originator:                   Plass-Duelmer, Christian, , , , , , , , , 
Submitter:                    Claude, Anja, anja.claude@dwd.de, Deutscher Wetterdienst, DWD, Hohenpeissenberg Meteorological Observatory, Albin-Schwaiger-Weg 10, , D-82383, Hohenpeissenberg, Germany
Acknowledgement:              Request acknowledgement details from data originator
Comment:                      preconcentration on glass beeds (-197\B0C), o3 removed, cryo-dryer at -40\B0C, 2 week calibration interval,two target gases were used.
starttime endtime C2H6 C2H6 C2H6 flag
[from data line 321]
113.997917 114.008333  2056.2   61.1   45.2 0.000
114.498611 114.509028  1940.3   57.9   43.0 0.000
114.998611 115.009028  1670.8   50.7   38.1 0.000
115.486111 115.496528  1734.3   52.4   39.3 0.000
115.986806 115.997222  1589.8   48.5   36.6 0.000
116.497222 116.507639  1669.9   50.6   38.1 0.000
116.997917 117.008333  1726.0   52.2   39.1 0.000
117.496528 117.506944  1513.5   46.5   35.3 0.000
117.997222 118.007639  1531.7   46.9   35.6 0.000
118.496528 118.506944  1506.3   46.3   35.2 0.000
118.997222 119.007639  1491.1   45.9   34.9 0.000
119.495833 119.506250  1505.3   46.2   35.1 0.000
119.996528 120.006944  1556.6   45.0   32.5 0.000
120.497222 120.507639  1546.3   44.8   32.4 0.000
120.997917 121.008333  1447.1   42.0   30.4 0.000
121.499306 121.509722  1492.7   43.3   31.3 0.000
122.000000 122.010417  1457.1   42.3   30.6 0.000
122.497222 122.507639  1378.8   40.1   29.1 0.000
122.996528 123.006944  1441.7   41.8   30.3 0.000
123.494444 123.504861  1587.1   45.9   33.2 0.000
123.993750 124.004167  1651.6   47.7   34.4 0.000
124.495833 124.506250  1789.0   51.6   37.2 0.000
124.995833 125.006250  1832.7   52.8   38.0 0.000
125.495139 125.505556  1770.1   51.0   36.8 0.000
125.995139 126.005556  1894.1   54.5   39.2 0.000
126.497222 126.507639  1808.5   52.5   38.0 0.000
126.996528 127.006944  1871.7   53.9   38.8 0.000
127.497222 127.507639  1897.2   54.6   39.3 0.000
127.997222 128.007639  1714.1   49.5   35.7 0.000
128.497222 128.507639  1613.9   46.6   33.7 0.000
128.997222 129.007639  1484.6   43.0   31.1 0.000
129.494444 129.504861  1347.3   39.2   28.4 0.000
129.995139 130.005556  1297.0   37.7   27.4 0.000
130.254167 130.264583  1251.3   36.5   26.5 0.000
130.303472 130.313889  1298.8   37.8   27.5 0.000
130.352083 130.362500  1248.3   36.4   26.5 0.000
130.401389 130.411806  1298.9   37.8   27.5 0.000
130.485417 130.495833  1299.6   37.8   27.5 0.000
130.569444 130.579861  1320.5   38.4   27.9 0.000
130.653472 130.663889  1363.3   39.6   28.7 0.000
130.737500 130.747917  1341.1   39.0   28.3 0.000
130.786806 130.797222  1435.8   41.6   30.2 0.000
130.835417 130.845833  1407.1   40.8   29.6 0.000
130.884722 130.895139  1359.9   39.5   28.7 0.000
130.968750 130.979167  1347.1   39.2   28.4 0.000
131.052778 131.063194  1353.3   39.3   28.5 0.000
131.136806 131.147222  1367.5   39.7   28.8 0.000
131.220139 131.230556  1367.8   39.7   28.8 0.000
131.493750 131.504167  1342.5   39.0   28.3 0.000
131.993750 132.004167  1483.7   43.0   31.1 0.000
132.494444 132.504861  1709.8   49.4   35.6 0.000
132.994444 133.004861  1820.4   52.5   37.8 0.000
133.494444 133.504861  1667.6   48.2   34.8 0.000
133.994444 134.004861  1620.2   46.8   33.8 0.000
134.494444 134.504861  1584.8   45.8   33.1 0.000
134.994444 135.004861  1724.8   49.8   35.9 0.000
135.494444 135.504861  1912.6   55.1   39.6 0.000
135.994444 136.004861  1654.1   47.8   34.5 0.000
136.496528 136.506944  1591.9   46.0   33.3 0.000
136.996528 137.006944  1499.8   43.5   31.4 0.000
137.496528 137.506944  1407.0   40.8   29.6 0.000
137.996528 138.006944  1478.6   42.8   31.0 0.000
138.490278 138.500694  1473.6   42.7   30.9 0.000
138.990278 139.000694  1542.7   44.7   32.3 0.000
139.493056 139.503472  1644.5   47.5   34.3 0.000
139.993056 140.003472  1701.6   49.1   35.4 0.000
140.493750 140.504167  1776.8   51.2   36.9 0.000
140.993750 141.004167  1398.6   40.6   29.4 0.000
141.493750 141.504167  1459.8   42.3   30.6 0.000
141.994444 142.004861  1478.0   42.8   31.0 0.000
142.494444 142.504861  1246.7   36.3   26.4 0.000
142.994444 143.004861  1349.3   39.2   28.4 0.000
143.495139 143.505556  1246.1   36.3   26.4 0.000
143.996528 144.006944  1311.3   38.1   27.7 0.000
144.497222 144.507639  1375.3   39.9   29.0 0.000
144.997222 145.007639  1283.6   37.4   27.1 0.000
146.497917 146.508333   954.0   28.2   20.7 0.000
146.998611 147.009028   953.9   28.2   20.7 0.000
147.494444 147.504861   890.0   26.4   19.5 0.000
147.996528 148.006944   999.6   29.4   21.6 0.000
148.497222 148.507639   959.9   28.3   20.8 0.000
148.997917 149.008333  1124.6   32.9   24.0 0.000
149.498611 149.509028   958.3   28.3   20.8 0.000
149.999306 150.009722  1035.3   30.4   22.3 0.000
150.498611 150.509028  1297.1   37.7   27.4 0.000
150.999306 151.009722  1307.1   39.6   29.8 0.000
151.497222 151.507639  1316.7   39.9   30.0 0.000
151.996528 152.006944  1315.1   39.9   30.0 0.000
154.495139 154.505556  1163.5   35.8   27.2 0.000
154.995139 155.005556  1161.0   35.7   27.2 0.000
155.495139 155.505556  1100.7   34.1   26.1 0.000
155.995139 156.005556  1100.6   34.2   26.1 0.000
156.495139 156.505556  1034.2   32.4   24.9 0.000
156.995139 157.005556  1036.6   32.5   25.0 0.000
157.493750 157.504167   917.3   29.4   23.0 0.000
157.993750 158.004167   953.8   30.3   23.6 0.000
158.495139 158.505556   910.7   29.2   22.9 0.000
158.995833 159.006250   970.1   30.7   23.9 0.000
159.497222 159.507639   975.4   30.9   24.0 0.000
159.997222 160.007639   854.5   27.8   22.0 0.000
160.496528 160.506944  1158.1   35.7   27.1 0.000
160.996528 161.006944  1017.5   32.0   24.7 0.000
161.496528 161.506944   941.1   30.0   23.4 0.000
161.997222 162.007639  1030.1   32.3   24.9 0.000
162.497917 162.508333  1080.7   33.6   25.8 0.000
162.998611 163.009028   947.6   30.2   23.5 0.000
163.499306 163.509722  1214.8   37.2   28.2 0.000
164.000000 164.010417  1243.4   38.0   28.7 0.000
164.495139 164.505556  1123.6   34.8   26.5 0.000
164.994444 165.004861  1064.7   33.2   25.5 0.000
165.496528 165.506944  1095.1   34.0   26.1 0.000
165.996528 166.006944  1083.3   33.7   25.8 0.000
166.586111 166.596528  1179.7   36.3   27.5 0.000
167.050694 167.061111  1251.4   38.2   28.8 0.000
167.490972 167.501389  1156.0   35.6   27.1 0.000
167.990972 168.001389   967.8   30.7   23.8 0.000
168.489583 168.500000   964.7   30.6   23.8 0.000
168.989583 169.000000  1200.0   36.8   27.9 0.000
169.489583 169.500000  1181.1   36.3   27.6 0.000
169.989583 170.000000  1060.1   33.1   25.4 0.000
170.490278 170.500694  1105.0   34.3   26.2 0.000
170.990278 171.000694  1137.9   35.2   26.8 0.000
171.495833 171.506250  1213.6   37.2   28.2 0.000
171.996528 172.006944   998.2   31.5   24.4 0.000
172.495833 172.506250  1005.4   31.7   24.5 0.000
172.996528 173.006944   891.2   28.8   22.6 0.000
173.496528 173.506944   936.0   29.9   23.3 0.000
173.997222 174.007639   939.2   30.0   23.4 0.000
174.496528 174.506944   908.2   29.2   22.9 0.000
174.997222 175.007639   927.7   29.7   23.3 0.000
175.485417 175.495833   861.9   28.1   22.2 0.000
175.986111 175.996528   869.6   28.3   22.3 0.000
176.486111 176.496528   956.9   30.5   23.7 0.000
176.986806 176.997222  1031.8   32.4   25.0 0.000
177.487500 177.497917   982.6   31.1   24.2 0.000
177.988194 177.998611  1017.6   32.1   24.8 0.000
178.495139 178.505556   918.3   29.5   23.1 0.000
178.995139 179.005556   909.6   29.3   22.9 0.000
179.495139 179.505556   805.2   26.7   21.2 0.000
179.995139 180.005556   908.0   29.2   22.9 0.000
180.495139 180.505556   972.9   30.9   24.0 0.000
180.995139 181.005556   986.8   29.0   21.3 0.000
181.495139 181.505556   934.6   27.6   20.3 0.000
181.995833 182.006250   949.0   28.0   20.6 0.000
182.495833 182.506250   881.7   26.1   19.3 0.000
182.995833 183.006250   938.2   27.7   20.4 0.000
183.495833 183.506250   845.3   25.1   18.6 0.000
183.995833 184.006250   904.7   26.8   19.7 0.000
184.495833 184.506250   852.5   25.3   18.7 0.000
184.996528 185.006944   849.1   25.2   18.6 0.000
185.495139 185.505556   883.3   26.2   19.3 0.000
185.995139 186.005556   899.9   26.6   19.6 0.000
186.504167 186.514583   767.5   23.0   17.1 0.000
187.004167 187.014583   893.3   26.4   19.5 0.000
187.495833 187.506250   907.7   26.8   19.7 0.000
187.995833 188.006250   963.1   28.4   20.8 0.000
188.495833 188.506250   793.2   23.6   17.5 0.000
188.995833 189.006250   818.7   24.3   18.0 0.000
189.495833 189.506250   664.6   20.1   15.1 0.000
189.995833 190.006250   605.7   18.5   14.0 0.000
190.496528 190.506944   642.4   19.5   14.7 0.000
190.997222 191.007639   561.5   17.3   13.2 0.000
191.497917 191.508333   582.0   17.9   13.6 0.000
191.998611 192.009028   564.7   17.4   13.3 0.000
192.495833 192.506250   558.1   17.2   13.2 0.000
192.996528 193.006944   506.4   15.9   12.2 0.000
193.496528 193.506944   521.4   16.3   12.5 0.000
193.997917 194.008333   541.1   16.8   12.8 0.000
194.495833 194.506250   534.1   16.6   12.7 0.000
194.997917 195.008333   611.2   18.7   14.1 0.000
195.495139 195.505556   717.4   21.5   16.1 0.000
195.995139 196.005556   711.4   21.4   16.0 0.000
196.495833 196.506250   677.3   20.5   15.3 0.000
196.995833 197.006250   734.2   22.0   16.4 0.000
199.506944 199.517361   748.9   22.4   16.7 0.000
200.006944 200.017361   792.7   23.6   17.5 0.000
200.495833 200.506250   754.4   22.6   16.8 0.000
200.995833 201.006250   747.1   22.4   16.6 0.000
201.496528 201.506944   680.7   20.5   15.4 0.000
201.996528 202.006944   754.6   22.6   16.8 0.000
202.495833 202.506250   791.2   23.6   17.5 0.000
202.996528 203.006944   669.9   20.2   15.2 0.000
203.495833 203.506250   660.5   20.0   15.0 0.000
203.995833 204.006250   674.8   20.4   15.3 0.000
204.496528 204.506944   812.7   24.2   17.9 0.000
204.996528 205.006944   858.8   25.5   18.8 0.000
205.497222 205.507639   819.4   24.4   18.0 0.000
205.997222 206.007639  1009.1   29.6   21.7 0.000
206.492361 206.502778   900.3   26.6   19.6 0.000
206.993056 207.003472   758.7   22.7   16.9 0.000
207.497222 207.507639   893.7   26.4   19.5 0.000
207.997917 208.008333   875.3   25.9   19.1 0.000
208.496528 208.506944   796.8   23.7   17.6 0.000
208.996528 209.006944   589.7   18.1   13.7 0.000
209.497222 209.507639   597.2   18.3   13.9 0.000
209.997917 210.008333   751.4   22.5   16.7 0.000
210.495833 210.506250   853.9   25.3   18.7 0.000
210.996528 211.006944   812.3   24.2   17.9 0.000
211.497222 211.507639   807.2   24.0   17.8 0.000
211.997917 212.008333   807.5   24.3   18.2 0.000
212.499306 212.509722   743.5   22.6   17.0 0.000
213.000000 213.010417 99999.9 9999.9 9999.9 0.999
213.517361 213.527778   577.5   18.2   14.0 0.000
214.017361 214.027778   575.5   18.1   14.0 0.000
214.492361 214.502778   738.7   22.5   17.0 0.000
214.992361 215.002778   767.2   23.3   17.5 0.000
215.252083 215.262500   747.4   22.8   17.2 0.000
215.301389 215.311806   777.3   23.6   17.8 0.000
215.350694 215.361111  1165.3   34.3   25.1 0.000
215.399306 215.409722   853.3   25.7   19.2 0.000
215.482639 215.493056   761.7   23.1   17.4 0.000
215.565972 215.576389   755.2   23.0   17.3 0.000
215.649306 215.659722   738.0   22.5   17.0 0.000
215.732639 215.743056   766.6   23.3   17.5 0.000
215.781944 215.792361   740.4   22.6   17.1 0.000
215.831250 215.841667   761.5   23.2   17.4 0.000
215.880556 215.890972   728.5   22.3   16.9 0.000
215.963889 215.974306   737.6   22.5   17.0 0.000
216.047222 216.057639   743.8   22.7   17.1 0.000
216.130556 216.140972   727.4   22.2   16.8 0.000
216.213889 216.224306   726.6   22.2   16.8 0.000
216.496528 216.506944   653.9   20.3   15.5 0.000
216.996528 217.006944   777.8   23.6   17.8 0.000
217.495833 217.506250   966.2   28.8   21.3 0.000
217.995833 218.006250   853.5   25.7   19.2 0.000
218.495833 218.506250   906.4   27.1   20.2 0.000
218.995833 219.006250   855.6   25.7   19.2 0.000
219.496528 219.506944   689.2   21.2   16.1 0.000
219.997222 220.007639   627.6   19.6   15.0 0.000
220.496528 220.506944   627.1   19.6   15.0 0.000
220.997222 221.007639   619.0   19.3   14.9 0.000
221.509028 221.519444   674.3   20.8   15.8 0.000
222.009722 222.020139   630.6   19.6   15.0 0.000
222.506250 222.516667   650.4   20.1   15.4 0.000
223.005556 223.015972   611.2   19.1   14.7 0.000
223.492361 223.502778   680.9   21.0   16.0 0.000
223.992361 224.002778   641.9   20.0   15.3 0.000
224.497917 224.508333   654.9   20.3   15.5 0.000
224.997917 225.008333   660.8   20.4   15.6 0.000
225.497917 225.508333   875.4   26.3   19.6 0.000
225.997917 226.008333   842.7   25.3   18.9 0.000
226.497917 226.508333   890.3   26.7   19.8 0.000
226.997917 227.008333   742.4   22.6   17.1 0.000
227.505556 227.515972   760.1   23.1   17.4 0.000
228.005556 228.015972   918.8   27.4   20.4 0.000
228.495833 228.506250   855.9   25.7   19.2 0.000
228.995833 229.006250   785.9   23.8   17.9 0.000
229.493056 229.503472   817.2   24.6   18.4 0.000
229.993056 230.003472   885.5   26.5   19.7 0.000
230.495833 230.506250   701.1   21.5   16.3 0.000
230.995833 231.006250   664.7   20.5   15.6 0.000
231.496528 231.506944   594.8   18.7   14.4 0.000
231.996528 232.006944   629.4   19.6   15.0 0.000
232.496528 232.506944   713.3   21.8   16.5 0.000
232.997222 233.007639   687.5   21.1   16.1 0.000
233.497917 233.508333   647.6   20.1   15.3 0.000
233.997917 234.008333   547.6   17.5   13.6 0.000
234.493750 234.504167   604.2   18.9   14.6 0.000
234.994444 235.004861   667.7   20.6   15.7 0.000
235.496528 235.506944   828.4   24.9   18.7 0.000
235.997222 236.007639   702.8   21.5   16.3 0.000
236.493750 236.504167   687.8   21.1   16.1 0.000
236.994444 237.004861   724.0   22.1   16.7 0.000
237.495833 237.506250   434.6   14.5   11.7 0.000
237.996528 238.006944   520.9   16.7   13.1 0.000
238.495833 238.506250   647.4   20.1   15.3 0.000
238.996528 239.006944   617.0   19.3   14.8 0.000
239.496528 239.506944   767.6   23.3   17.5 0.000
239.998611 240.009028   772.9   23.4   17.6 0.000
240.499306 240.509722   781.5   23.7   17.8 0.000
241.000000 241.010417   791.4   24.0   18.0 0.000
241.490972 241.501389   911.0   27.2   20.2 0.000
241.990972 242.001389   939.8   28.0   20.7 0.000
242.493750 242.504167   757.8   23.0   17.3 0.000
242.993056 243.003472   770.1   23.6   17.9 0.000
243.494444 243.504861   757.3   23.3   17.7 0.000
243.994444 244.004861   800.6   24.5   18.5 0.000
244.501389 244.511806   788.1   24.2   18.3 0.000
245.001389 245.011806   896.1   27.1   20.3 0.000
245.501389 245.511806   853.1   25.9   19.5 0.000
246.001389 246.011806   837.4   25.5   19.2 0.000
246.500694 246.511111   843.4   25.6   19.3 0.000
247.001389 247.011806   903.8   27.3   20.4 0.000
247.501389 247.511806   835.6   25.4   19.2 0.000
248.001389 248.011806   922.5   27.8   20.8 0.000
248.509028 248.519444   925.0   27.8   20.8 0.000
249.009722 249.020139  1023.4   30.6   22.7 0.000
249.497222 249.507639   917.1   27.6   20.7 0.000
249.997222 250.007639   947.7   28.5   21.3 0.000
250.493750 250.504167   928.8   27.9   20.9 0.000
250.993750 251.004167   850.5   25.8   19.4 0.000
251.254167 251.264583   832.0   25.3   19.0 0.000
251.303472 251.313889   861.7   26.1   19.6 0.000
251.352778 251.363194   841.3   25.5   19.2 0.000
251.402083 251.412500   818.7   24.9   18.8 0.000
251.486111 251.496528   804.9   24.6   18.6 0.000
251.569444 251.579861   795.6   24.4   18.5 0.000
251.653472 251.663889   818.8   25.0   18.9 0.000
251.737500 251.747917   821.8   25.1   19.0 0.000
251.786806 251.797222   840.5   25.6   19.3 0.000
251.835417 251.845833   819.9   25.1   18.9 0.000
251.884722 251.895139   809.7   24.8   18.8 0.000
251.968750 251.979167   814.5   24.9   18.8 0.000
252.052083 252.062500   832.3   25.4   19.2 0.000
252.136111 252.146528   834.5   25.4   19.2 0.000
252.220139 252.230556   826.1   25.2   19.0 0.000
252.491667 252.502083   853.4   26.0   19.6 0.000
252.990972 253.001389   820.1   25.0   18.8 0.000
253.490972 253.501389   819.8   24.9   18.8 0.000
253.990972 254.001389   840.2   25.6   19.3 0.000
254.490972 254.501389   837.9   25.5   19.2 0.000
254.990278 255.000694   873.6   26.5   19.9 0.000
255.495139 255.505556  1199.0   35.3   25.9 0.000
255.544444 255.554861  1214.5   35.8   26.3 0.000
256.044444 256.054861  1093.0   32.5   24.0 0.000
256.495139 256.505556   960.6   28.8   21.5 0.000
256.995139 257.005556   946.5   28.5   21.3 0.000
257.495833 257.506250   781.5   24.0   18.1 0.000
257.995833 258.006250   775.0   23.9   18.2 0.000
