data/obs/c2h6/WDCGG/event/DE0043G.20090101000000.20170703000000.online_gc.ethane.air.1y.12h.DE09L_Varian_GC-3800-FID_HPB_C2-C8-hydrocarb.DE09L_Measurements_of_Hydrocarbons_GC-3800.lev2.nas
74 1001
Claude, Anja; Plass-Duelmer, Christian
DE09L, Deutscher Wetterdienst, DWD, Met. Obs., Hohenspeissenberg, , 82283, Hohenspeissenberg, Germany
Claude, Anja
ACTRIS EMEP GAW-WDCRG
1 1
2009 01 01 2017 07 03
0
days from file reference point
5
1 1 1 1 1
999.999999 99999.9 9999.9 9999.9 9.999
end_time of measurement, days from the file reference point
ethane, pmol/mol, Statistics=arithmetic mean
ethane, pmol/mol, Statistics=expanded uncertainty 2sigma
ethane, pmol/mol, Statistics=precision
numflag, no unit
0
55
Data definition:              EBAS_1.1
Set type code:                TI
Timezone:                     UTC
File name:                    DE0043G.20090101000000.20170703000000.online_gc.ethane.air.1y.12h.DE09L_Varian_GC-3800-FID_HPB_C2-C8-hydrocarb.DE09L_Measurements_of_Hydrocarbons_GC-3800.lev2.nas
File creation:                20190306184600
Startdate:                    20090101000000
Revision date:                20170703000000
Version:                      3
Version description:          2nd revision 2017, manually inspected, 2017 header
Data level:                   2
Period code:                  1y
Resolution code:              12h
Sample duration:              15mn
Orig. time res.:              15mn
Station code:                 DE0043G
Platform code:                DE0043S
Station name:                 Hohenpeissenberg
Station WDCA-ID:              GAWADE__HPB
Station GAW-ID:               HPB
Station GAW-Name:             Hohenpeissenberg
Station land use:             Grassland
Station setting:              Mountain
Station GAW type:             G
Station WMO region:           6
Station latitude:             47.8014984131
Station longitude:            11.0096197128
Station altitude:             985.0m
Measurement altitude:         1000.0m
Measurement height:           15.0m
Regime:                       IMG
Component:                    ethane
Unit:                         pmol/mol
Matrix:                       air
Instrument type:              online_gc
Laboratory code:              DE09L
Instrument name:              Varian_GC-3800-FID_HPB_C2-C8-hydrocarb
Instrument manufacturer:      Varian
Instrument model:             GC-3800
Instrument serial number:     104633
Method ref:                   DE09L_Measurements_of_Hydrocarbons_GC-3800
Standard method:              SOP=ACTRIS_VOC_2014
Calibration scale:            NPL
Calibration standard ID:      Manufacturer NPL (quantum passivated cylinder form Air products); Batch APE 358162
Inlet type:                   Hat or hood
Inlet description:            Downward facing with hood
Detection limit expl.:        Determined by multiple peak integration of zero gas measurements, detection limit flag 147 is used for values under detection  limit defined as 3-sigma precision
Measurement uncertainty expl.: "Includes reproducibility (precision) + systematic errors (accuracy). Ref:http://www.atmos-meas-tech.net/8/2715/2015/"
Zero/negative values code:    Zero/negative possible
Zero/negative values:         Zero and neg. values may appear due to statistical variations at very low concentrations
Originator:                   Claude, Anja, anja.claude@dwd.de, Deutscher Wetterdienst, DWD, Hohenpeissenberg Meteorological Observatory, Albin-Schwaiger-Weg 10, , D-82383, Hohenpeissenberg, Germany
Originator:                   Plass-Duelmer, Christian, , , , , , , , , 
Submitter:                    Claude, Anja, anja.claude@dwd.de, Deutscher Wetterdienst, DWD, Hohenpeissenberg Meteorological Observatory, Albin-Schwaiger-Weg 10, , D-82383, Hohenpeissenberg, Germany
Acknowledgement:              Request acknowledgement details from data originator
Comment:                      preconcentration on glass beeds (-197\B0C), o3 removed, cryo-dryer at -40\B0C, 2 week calibration interval,two target gases were used.
starttime endtime C2H6 C2H6 C2H6 flag
  0.000000   0.010417  2438.8  132.1   50.8 0.000
  0.501389   0.511806  2501.9  135.5   52.1 0.000
  1.003472   1.013889  2500.3  135.5   52.2 0.000
  1.504861   1.515278  3470.4  187.7   71.7 0.000
  2.006944   2.017361  2389.9  129.5   50.0 0.000
  2.508333   2.518750  2669.5  144.6   55.5 0.000
  3.010417   3.020833  2491.5  135.0   51.9 0.000
  3.512500   3.522917  2292.3  124.3   48.2 0.000
  4.013889   4.024306  2412.5  130.7   50.3 0.000
  4.515972   4.526389  2333.2  126.5   48.9 0.000
  5.018056   5.028472  2437.3  132.1   50.9 0.000
  5.520139   5.530556  2473.7  134.0   51.6 0.000
  6.022222   6.032639  3163.4  171.1   65.3 0.000
  6.494444   6.504861  2995.8  162.2   62.1 0.000
  6.994444   7.004861  3004.7  162.6   62.2 0.000
  7.495833   7.506250  2687.5  145.5   55.8 0.000
  7.996528   8.006944  2274.3  123.3   47.6 0.000
  8.494444   8.504861  2155.0  116.9   45.2 0.000
  8.995139   9.005556  1735.8   94.4   37.1 0.000
  9.495833   9.506250  1715.6   93.3   36.6 0.000
  9.996528  10.006944  1782.2   96.8   37.9 0.000
 10.497222  10.507639  2823.9  152.8   58.5 0.000
 10.997917  11.008333  1509.3   82.2   32.6 0.000
 11.495139  11.505556  1595.5   86.8   34.3 0.000
 11.995833  12.006250  1496.9   81.6   32.5 0.000
 12.495139  12.505556  1495.4   81.5   32.5 0.000
 12.996528  13.006944  1635.2   89.0   35.1 0.000
 13.495139  13.505556  1927.9  104.7   40.8 0.000
 13.995833  14.006250  1988.8  107.9   42.0 0.000
 14.503472  14.513889  2069.3  112.3   43.7 0.000
 15.004861  15.015278  2781.2  150.5   57.6 0.000
 15.496528  15.506944  1707.1   92.9   36.6 0.000
 15.997917  16.008333  1538.1   83.8   33.4 0.000
 16.499306  16.509722  2324.7  126.0   48.6 0.559
 17.000694  17.011111  1786.1   97.1   38.0 0.000
 17.502778  17.513194  1443.3   78.7   31.5 0.000
 18.004167  18.014583  1800.1   97.8   38.3 0.000
 18.495139  18.505556  1534.0   83.6   33.4 0.000
 18.997222  19.007639  1564.8   85.2   33.8 0.000
 19.496528  19.506944  1871.8  101.7   39.8 0.000
 19.998611  20.009028  1931.1  104.9   40.9 0.000
 20.511111  20.521528  2227.5  120.7   46.5 0.000
 21.013194  21.023611  1876.4  102.0   39.9 0.000
 21.495833  21.506250  2120.3  115.0   44.6 0.000
 21.997917  22.008333  1796.5   97.7   38.4 0.000
 22.497917  22.508333  1609.4   87.6   34.5 0.000
 22.997917  23.008333  1865.0  101.2   39.4 0.000
 23.498611  23.509028  1870.6  101.5   39.5 0.000
 23.999306  24.009722  2128.6  115.3   44.5 0.000
 24.500000  24.510417  2041.6  110.7   42.8 0.000
 25.000694  25.011111  1956.7  106.1   41.2 0.000
 25.498611  25.509028  1958.5  106.3   41.5 0.000
 25.999306  26.009722  2459.4  133.3   51.4 0.000
 26.496528  26.506944  2872.6  155.5   59.5 0.000
 26.997222  27.007639  2451.3  132.8   51.0 0.000
 27.497917  27.508333  2433.4  131.8   50.7 0.000
 27.999306  28.009722  3056.0  165.3   63.1 0.000
 28.494444  28.504861  2893.8  156.6   59.9 0.000
 28.995833  29.006250  3718.3  201.0   76.3 0.000
 29.495139  29.505556  3451.1  186.6   71.0 0.000
 29.996528  30.006944  2941.5  159.1   60.7 0.000
 30.497917  30.508333  2667.3  144.4   55.3 0.000
 30.999306  31.009722  2647.5  143.5   55.3 0.000
 31.500694  31.511111  2610.6  141.5   54.6 0.000
 32.002083  32.012500  2394.4  129.8   50.2 0.000
 32.495833  32.506250  2590.2  140.4   54.1 0.000
 32.997222  33.007639  2277.8  123.6   47.9 0.000
 33.497222  33.507639  2367.3  128.4   49.7 0.000
 33.999306  34.009722  2983.0  161.6   62.1 0.000
 34.527778  34.538194  2968.3  160.8   61.9 0.000
 34.995139  35.005556  2790.0  151.1   58.2 0.000
 35.496528  35.506944  1845.1  100.3   39.2 0.000
 35.997917  36.008333  2112.9  114.7   44.6 0.000
 36.495139  36.505556  1858.1  100.9   39.4 0.000
 36.997222  37.007639  1983.3  107.6   41.8 0.000
 37.498611  37.509028  2731.1  147.9   56.8 0.000
 38.000694  38.011111  2743.2  148.6   57.1 0.000
 38.502083  38.512500  3575.8  193.5   74.0 0.000
 39.004167  39.014583  2807.8  152.0   58.4 0.000
 39.495139  39.505556  2984.1  161.6   62.0 0.000
 39.995139  40.005556  1522.6   82.8   32.6 0.000
 40.495833  40.506250  1632.3   88.8   34.9 0.000
 40.995833  41.006250  2364.9  128.2   49.4 0.000
 41.496528  41.506944  2596.9  140.7   54.1 0.000
 41.545833  41.556250  2612.0  141.6   54.7 0.000
 42.045833  42.056250  2329.3  126.2   48.6 0.000
 42.492361  42.502778  2295.9  124.5   48.2 0.000
 42.993056  43.003472  2281.9  123.7   47.8 0.000
 43.493750  43.504167  2635.8  142.7   54.8 0.000
 43.993750  44.004167  2731.2  148.5   58.3 0.000
 44.494444  44.504861  2711.0  146.9   56.5 0.000
 44.995139  45.005556  2690.4  145.7   55.9 0.000
 45.495833  45.506250  2868.6  155.3   59.4 0.000
 45.995833  46.006250  2817.3  152.5   58.5 0.000
 46.500694  46.511111  2298.9  124.7   48.3 0.000
 47.001389  47.011806  2467.1  133.7   51.7 0.000
 47.495139  47.505556  2404.9  130.4   50.4 0.000
 47.996528  48.006944  2928.3  158.6   61.0 0.000
 48.495139  48.505556  3048.5  165.1   63.4 0.000
 48.995833  49.006250  3038.0  164.5   63.2 0.000
 49.495833  49.506250  3257.3  176.3   67.5 0.000
 49.997222  50.007639  2803.0  151.8   58.3 0.000
 50.494444  50.504861  2090.6  113.4   43.9 0.000
 50.995139  51.005556  2422.6  131.3   50.6 0.000
 51.495833  51.506250  2468.5  133.7   51.4 0.000
 51.997222  52.007639  2495.5  135.2   52.0 0.000
 52.498611  52.509028  2281.1  123.6   47.7 0.000
 53.000000  53.010417  2315.2  125.5   48.4 0.000
 53.493750  53.504167  2117.7  114.9   44.6 0.000
 53.994444  54.004861  2317.5  125.7   48.6 0.000
 54.497917  54.508333  2288.4  124.1   48.1 0.000
 54.999306  55.009722  2512.2  136.2   52.7 0.000
 55.495833  55.506250  2338.5  126.8   49.1 0.000
 55.995833  56.006250  2179.2  118.2   45.8 0.000
 56.493750  56.504167  2155.8  117.0   45.4 0.000
 56.994444  57.004861  2066.4  112.1   43.6 0.000
 57.492361  57.502778  2241.8  121.6   47.1 0.000
 57.992361  58.002778  2022.7  109.9   43.1 0.000
 58.493056  58.503472  2068.1  112.4   44.1 0.000
 58.993056  59.003472  1689.5   91.9   36.1 0.000
 59.493750  59.504167  1842.5  100.1   39.1 0.000
 59.993750  60.004167  1923.3  104.4   40.7 0.000
 60.494444  60.504861  1952.5  105.8   40.9 0.000
 60.995139  61.005556  2226.6  120.6   46.3 0.000
 61.494444  61.504861  2513.5  135.9   51.8 0.000
 61.995139  62.005556  2548.7  137.9   52.7 0.000
 62.520139  62.530556  1920.9  104.1   40.3 0.000
 63.000000  63.010417  1930.6  104.8   40.7 0.000
 63.496528  63.506944  2501.1  135.4   52.0 0.000
 63.976389  63.986806  2347.8  127.2   49.0 0.000
 64.496528  64.506944  2665.8  144.6   56.1 0.000
 64.997222  65.007639  2574.8  139.3   53.3 0.000
 65.497917  65.508333  2380.0  128.8   49.2 0.000
 65.998611  66.009028  2223.7  120.3   46.0 0.000
 66.500000  66.510417  1844.8  100.0   38.6 0.000
 67.000694  67.011111  1534.8   83.4   32.6 0.000
 67.495139  67.505556  2030.3  110.0   42.3 0.000
 67.975000  67.985417  2076.0  112.4   43.1 0.000
 68.502083  68.512500  1943.1  105.5   41.0 0.000
 68.982639  68.993056  1922.6  104.4   40.7 0.000
 69.495139  69.505556  2186.0  118.4   45.4 0.000
 69.544444  69.554861  2159.7  116.9   44.9 0.000
 69.997222  70.007639  2356.3  127.5   48.8 0.000
 70.491667  70.502083  2114.9  114.6   44.2 0.000
 70.991667  71.002083  1867.7  101.4   39.4 0.000
 71.494444  71.504861  1925.4  104.4   40.4 0.000
 71.994444  72.004861  1813.6   98.3   38.0 0.000
 72.494444  72.504861  1765.0   95.7   37.1 0.000
 72.994444  73.004861  1622.6   88.1   34.2 0.000
 73.495139  73.505556  1985.9  107.6   41.3 0.000
 73.995139  74.005556  2092.3  113.3   43.5 0.000
 74.568750  74.579167  2022.4  109.6   42.2 0.000
 75.068750  75.079167  2099.3  113.8   43.8 0.000
 75.495139  75.505556  2071.7  112.3   43.3 0.000
 75.995833  76.006250  2297.6  124.4   47.7 0.000
 76.493056  76.503472  2209.0  119.6   45.9 0.000
 76.993750  77.004167  2253.3  122.2   47.4 0.000
 77.493056  77.503472  2208.1  120.3   47.7 0.000
 77.993750  78.004167  2360.4  127.7   48.9 0.000
 78.493056  78.503472  2350.1  127.2   48.7 0.000
 78.993750  79.004167  2320.5  125.7   48.3 0.000
 79.494444  79.504861  2477.4  134.6   52.6 0.000
 79.995139  80.005556  2461.0  133.1   50.8 0.000
 80.496528  80.506944  2251.5  121.9   46.8 0.000
 80.997917  81.008333  2574.2  139.3   53.3 0.000
 81.493750  81.504167  2157.7  116.9   45.1 0.000
 81.994444  82.004861  2037.3  111.2   44.7 0.000
 82.495833  82.506250  2283.2  123.6   47.3 0.000
 82.996528  83.006944  2180.9  118.6   46.7 0.000
 83.483333  83.493750  2141.7  116.1   44.8 0.000
 83.984028  83.994444  2135.4  115.7   44.5 0.000
 84.494444  84.504861  2126.8  115.2   44.2 0.000
 84.995833  85.006250  1832.9  100.1   40.3 0.000
 85.491667  85.502083  1729.1   93.8   36.4 0.000
 85.993750  86.004167  1770.3   96.0   37.3 0.000
 86.495139  86.505556  1755.1   95.3   37.1 0.000
 86.996528  87.006944  1890.4  102.5   39.7 0.000
 87.498611  87.509028  1800.3   97.7   38.0 0.000
 87.995486  88.005903  2249.6  121.8   46.8 0.000
 88.495833  88.506250  2314.7  125.3   48.1 0.000
 88.997917  89.008333  2573.0  139.2   53.2 0.000
 89.397222  89.407639  2510.3  135.8   51.9 0.000
 90.495139  90.505556  2345.7  126.7   47.9 0.000
 90.995139  91.005556  2944.8  158.9   59.8 0.000
 91.493056  91.503472  2079.7  112.3   42.4 0.000
 91.993056  92.003472  1780.1   96.1   36.3 0.000
 92.495833  92.506250  2205.7  119.1   45.0 0.000
 92.995833  93.006250  2230.2  120.5   45.6 0.000
 93.496528  93.506944  2273.9  122.8   46.5 0.000
 93.997222  94.007639  2101.9  113.6   43.0 0.000
 94.497222  94.507639  2130.3  115.1   43.6 0.000
 94.997917  95.008333  2112.9  114.1   43.1 0.000
 95.495139  95.505556  1807.1   97.6   36.9 0.000
 95.995833  96.006250  1719.2   92.9   35.3 0.000
 96.497917  96.508333  1622.1   87.6   33.2 0.000
 96.998611  97.009028  1638.8   88.6   33.6 0.000
 97.494444  97.504861  1739.0   93.9   35.5 0.000
 97.995833  98.006250  1719.0   92.8   35.1 0.000
 98.495139  98.505556  1753.0   94.7   35.8 0.000
 98.996528  99.006944  1647.9   89.0   33.6 0.000
 99.497222  99.507639  1590.1   85.9   32.5 0.000
 99.998611 100.009028  1559.0   84.2   31.9 0.000
100.499306 100.509722  1600.1   86.4   32.7 0.000
101.000000 101.010417  1646.2   88.9   33.7 0.000
101.501389 101.511806  1620.9   87.6   33.1 0.000
102.002778 102.013194  1647.8   89.0   33.7 0.000
102.503472 102.513889  1742.6   94.1   35.6 0.000
103.004861 103.015278  1788.7   96.6   36.5 0.000
103.491667 103.502083  1820.0   98.3   37.1 0.000
103.993056 104.003472  1746.3   94.3   35.6 0.000
104.496528 104.506944  3038.1  164.0   61.7 0.599
104.997917 105.008333  1707.6   92.2   34.8 0.000
105.496528 105.506944  1680.2   90.8   34.5 0.000
105.998611 106.009028  1722.6   93.0   35.1 0.000
106.495833 106.506250  1843.6   99.6   37.6 0.000
106.997917 107.008333  1847.5   99.8   37.7 0.000
107.499306 107.509722  1853.0  100.1   37.8 0.000
108.001389 108.011806  1928.7  104.1   39.3 0.000
108.502778 108.513194  1756.5   94.9   35.8 0.000
109.004861 109.015278  1846.4   99.7   37.7 0.000
109.496528 109.506944  2016.4  108.9   41.1 0.000
109.996528 110.006944  1848.7   99.9   37.8 0.000
110.494444 110.504861  1787.5   96.5   36.5 0.000
110.994444 111.004861  1771.2   95.7   36.2 0.000
111.495139 111.505556  1658.6   89.6   33.9 0.000
111.995833 112.006250  2074.7  112.0   42.3 0.000
112.497222 112.507639  1876.9  101.4   38.3 0.000
112.997917 113.008333  1932.3  104.4   39.4 0.000
113.496528 113.506944  1762.4   95.2   36.0 0.000
113.997222 114.007639  1667.3   90.1   34.1 0.000
114.497917 114.508333  1663.9   89.9   34.0 0.000
114.999306 115.009722  1651.4   89.2   33.8 0.000
115.499306 115.509722  1567.5   84.7   32.1 0.000
116.000694 116.011111  1816.2   98.1   37.1 0.000
116.492361 116.502778  1715.0   92.7   35.1 0.000
116.993750 117.004167  1766.2   95.4   36.1 0.000
117.493056 117.503472  1687.2   91.1   34.5 0.000
117.993750 118.004167  1597.2   86.3   32.6 0.000
118.509028 118.519444  1621.3   87.6   33.2 0.000
119.010417 119.020833  1808.2   97.7   36.9 0.000
119.497222 119.507639  1842.7   99.5   37.6 0.000
119.997917 120.008333  1796.0  110.6   64.5 0.000
120.499306 120.509722  1844.7  113.6   66.3 0.000
121.000694 121.011111  1752.3  107.9   62.9 0.000
121.501389 121.511806  1801.6  110.9   64.7 0.000
122.002778 122.013194  1510.8   93.0   54.3 0.000
122.504167 122.514583  1587.2   97.7   57.1 0.000
123.005556 123.015972  1728.9  106.4   62.1 0.000
123.494444 123.504861  1775.5  109.3   63.8 0.000
123.995833 124.006250  1666.1  102.6   59.9 0.000
124.497222 124.507639  1630.6  100.4   58.6 0.000
124.999306 125.009722  1663.1  102.4   59.7 0.000
125.494444 125.504861  1219.6   75.2   43.9 0.000
125.996528 126.006944  1361.6   83.9   49.0 0.000
126.493750 126.504167  1385.6   85.4   49.9 0.000
126.995833 127.006250  1441.6   88.8   51.9 0.000
127.498611 127.509028  1235.5   76.2   44.6 0.000
128.007639 128.018056 99999.9 9999.9 9999.9 0.999
130.527083 130.537500  1229.1   76.2   45.1 0.000
130.997222 131.007639  1294.8   79.9   46.9 0.000
131.497222 131.507639  1460.3  116.4   90.6 0.000
131.997222 132.007639  1296.2  103.5   80.7 0.000
132.495139 132.505556  1332.6   82.6   48.8 0.000
132.995833 133.006250  1348.1   83.6   49.4 0.000
133.497222 133.507639  1359.7  108.4   84.5 0.000
133.997222 134.007639  1312.8   81.4   48.1 0.000
134.498611 134.509028  1369.1   84.9   50.2 0.000
134.999306 135.009722  1289.1  102.9   80.2 0.000
135.500000 135.510417  1308.7   81.1   47.8 0.000
136.000694 136.011111  1299.9   80.5   47.5 0.000
136.502083 136.512500  1001.4   80.2   62.7 0.000
137.002778 137.013194  1156.5   92.4   72.1 0.000
137.539583 137.550000  1202.2   74.6   44.1 0.000
138.495139 138.505556  1206.3   96.3   75.1 0.000
138.996528 139.006944  1176.1   72.9   43.1 0.000
139.495139 139.505556  1192.8   74.0   43.8 0.000
139.996528 140.006944  1153.5  136.5  123.7 0.000
140.497222 140.507639  1143.3   91.4   71.3 0.000
140.998611 141.009028  1000.4   80.1   62.6 0.000
141.500000 141.510417  1204.8  142.4  129.0 0.000
142.000694 142.011111  1345.2  107.3   83.6 0.000
142.502083 142.512500  1261.5   78.2   46.2 0.000
143.003472 143.013889  1463.5   90.5   53.2 0.000
143.504861 143.515278  1650.2  194.5  176.2 0.000
144.006250 144.016667  1850.4  114.1   66.8 0.000
144.504167 144.514583  1448.8  115.5   89.9 0.000
145.006250 145.016667  1073.1   85.8   67.0 0.000
145.495833 145.506250  1294.3  152.9  138.5 0.000
145.998611 146.009028  1022.1   81.9   64.0 0.000
146.495833 146.506250  1413.4   87.5   51.5 0.000
146.997917 147.008333  1408.9   87.2   51.3 0.000
147.493750 147.504167  1231.0   76.3   45.1 0.000
147.993750 148.004167  1412.5   87.9   52.3 0.000
148.495833 148.506250  1237.6   76.7   45.4 0.000
148.995833 149.006250  1285.5   79.7   47.2 0.000
149.496528 149.506944  1278.2   79.3   46.9 0.000
149.996528 150.006944  1341.4   83.1   49.1 0.000
150.497222 150.507639  1326.7   82.2   48.6 0.000
150.997222 151.007639  1327.2   84.0   51.5 0.000
151.497917 151.508333  1500.1   94.9   58.2 0.000
151.997917 152.008333  1415.2   89.6   54.9 0.000
152.495833 152.506250  1273.6   80.6   49.4 0.000
152.996528 153.006944  1193.4   75.5   46.3 0.000
153.494444 153.504861  1032.5   65.5   40.3 0.000
153.995139 154.005556  1344.4   85.2   52.3 0.000
154.496528 154.506944  1281.3   81.2   49.9 0.000
154.997222 155.007639  1294.1   81.8   50.1 0.000
155.497917 155.508333  1308.5   82.8   50.7 0.000
155.998611 156.009028  1285.3   81.3   49.9 0.000
156.499306 156.509722  1069.5   67.7   41.5 0.000
157.000000 157.010417   967.2   61.3   37.6 0.000
157.501389 157.511806   937.2   59.4   36.5 0.000
158.496528 158.506944   962.5   61.0   37.6 0.000
158.997917 159.008333  1035.4   65.6   40.3 0.000
159.497222 159.507639   984.2   62.4   38.4 0.000
159.997917 160.008333  1000.9   63.4   39.0 0.000
160.492361 160.502778  1039.6   65.9   40.5 0.000
160.992361 161.002778  1000.5   63.4   39.0 0.000
161.492361 161.502778   892.5   56.6   34.9 0.000
161.992361 162.002778  1056.0   66.9   41.1 0.000
