data/obs/c2h6/WDCGG/event/DE0043G.20150101115400.20160727000000.online_gc.ethane.air.1y.12h.DE09L_Varian_GC-3800-FID_HPB_C2-C8-hydrocarb.DE09L_Measurements_of_Hydrocarbons_GC-3800.lev2.nas
74 1001
Claude, Anja; Kubistin, Dagmar
DE09L, Deutscher Wetterdienst, DWD, Met. Obs., Hohenspeissenberg, , 82283, Hohenspeissenberg, Germany
Claude, Anja
ACTRIS EMEP GAW-WDCGG-node
1 1
2015 01 01 2016 07 27
0
days from file reference point
5
1 1 1 1 1
999.999999 99999.9 9999.9 9999.9 9.999
end_time of measurement, days from the file reference point
ethane, pmol/mol, Statistics=arithmetic mean
ethane, pmol/mol, Statistics=expanded uncertainty 2sigma
ethane, pmol/mol, Statistics=precision
numflag, no unit
0
55
Data definition:              EBAS_1.1
Set type code:                TI
Timezone:                     UTC
File name:                    DE0043G.20150101115400.20160727000000.online_gc.ethane.air.1y.12h.DE09L_Varian_GC-3800-FID_HPB_C2-C8-hydrocarb.DE09L_Measurements_of_Hydrocarbons_GC-3800.lev2.nas
File creation:                20190306184600
Startdate:                    20150101115400
Revision date:                20160727000000
Version:                      2
Version description:          revised data after data workshop 2016, manually inspected, 2017 header
Data level:                   2
Period code:                  1y
Resolution code:              12h
Sample duration:              15mn
Orig. time res.:              15mn
Station code:                 DE0043G
Platform code:                DE0043S
Station name:                 Hohenpeissenberg
Station WDCA-ID:              GAWADE__HPB
Station GAW-ID:               HPB
Station GAW-Name:             Hohenpeissenberg
Station land use:             Grassland
Station setting:              Mountain
Station GAW type:             G
Station WMO region:           6
Station latitude:             47.8014984131
Station longitude:            11.0096197128
Station altitude:             985.0m
Measurement altitude:         1000.0m
Measurement height:           15.0m
Regime:                       IMG
Component:                    ethane
Unit:                         pmol/mol
Matrix:                       air
Instrument type:              online_gc
Laboratory code:              DE09L
Instrument name:              Varian_GC-3800-FID_HPB_C2-C8-hydrocarb
Instrument manufacturer:      Varian
Instrument model:             GC-3800
Instrument serial number:     104633
Method ref:                   DE09L_Measurements_of_Hydrocarbons_GC-3800
Standard method:              SOP=ACTRIS_VOC_2014
Calibration scale:            NPL
Calibration standard ID:      Manufacturer NPL (quantum passivated cylinder form Air products); Batch D910379
Inlet type:                   Hat or hood
Inlet description:            Downward facing with hood
Detection limit expl.:        Determined by multiple peak integration of zero gas measurements, detection limit flag 147 is used for values under detection  limit defined as 3-sigma precision
Measurement uncertainty expl.: "Includes reproducibility (precision) + systematic errors (accuracy). Ref:http://www.atmos-meas-tech.net/8/2715/2015/"
Zero/negative values code:    Zero/negative possible
Zero/negative values:         Zero and neg. values may appear due to statistical variations at very low concentrations
Originator:                   Claude, Anja, anja.claude@dwd.de, Deutscher Wetterdienst, DWD, Hohenpeissenberg Meteorological Observatory, Albin-Schwaiger-Weg 10, , D-82383, Hohenpeissenberg, Germany
Originator:                   Kubistin, Dagmar, dagmar.kubistin@dwd.de, Deutscher Wetterdienst, DWD, Hohenpeissenberg Meteorological Observatory, Albin-Schwaiger-Weg 10, , D-82383, Hohenpeissenberg, Germany
Submitter:                    Claude, Anja, anja.claude@dwd.de, Deutscher Wetterdienst, DWD, Hohenpeissenberg Meteorological Observatory, Albin-Schwaiger-Weg 10, , D-82383, Hohenpeissenberg, Germany
Acknowledgement:              Request acknowledgement details from data originator
Comment:                      preconcentration on glass beeds (-197\B0C), o3 removed, cryo-dryer at -40\B0C, 2 week calibration interval, two target gases were used.
starttime endtime C2H6 C2H6 C2H6 flag
[from data line 641]
325.493056 325.503472  1943.2   55.3   39.4 0.000
325.993056 326.003472  1759.1   50.1   35.6 0.000
326.494444 326.504861  1794.6   51.1   36.4 0.000
326.993750 327.004167  1793.5   51.1   36.3 0.000
327.494444 327.504861  1770.6   50.4   35.9 0.000
327.993750 328.004167  1773.6   50.5   35.9 0.000
328.494444 328.504861  1934.7   55.1   39.2 0.000
328.993750 329.004167  2068.7   58.9   41.9 0.000
329.494444 329.504861  2332.8   66.4   47.2 0.000
329.993750 330.004167  2248.2   64.0   45.5 0.000
330.495139 330.505556  2164.9   61.6   43.8 0.000
330.994444 331.004861  2128.2   60.6   43.1 0.000
331.494444 331.504861  1871.2   53.3   37.9 0.000
331.993750 332.004167  1862.2   53.0   37.7 0.000
332.493750 332.504167  1797.5   51.2   36.4 0.000
332.993056 333.003472  1488.8   42.4   30.2 0.000
333.522917 333.533333  1460.9   41.6   29.6 0.000
333.995139 334.005556  1738.3   49.5   35.2 0.000
334.495833 334.506250  1986.7   56.6   40.4 0.000
334.995139 335.005556  1973.2   56.3   40.1 0.000
335.266667 335.277083  1674.4   47.8   34.1 0.000
335.315972 335.326389  1728.1   49.3   35.2 0.000
335.365278 335.375694  1795.2   51.2   36.5 0.000
335.414583 335.425000  1656.7   47.3   33.7 0.000
335.510417 335.520833  1640.5   46.8   33.4 0.000
335.596528 335.606944  1808.7   51.6   36.8 0.000
335.680556 335.690972  1914.6   54.6   38.9 0.000
335.764583 335.775000  1728.4   49.3   35.2 0.000
335.813889 335.824306  1610.4   46.0   32.8 0.000
335.863194 335.873611  1696.7   48.4   34.5 0.000
335.912500 335.922917  1574.1   44.9   32.1 0.000
335.996528 336.006944  1361.8   38.9   27.8 0.000
336.081944 336.092361  1090.5   31.2   22.4 0.000
336.165278 336.175694   986.2   28.3   20.3 0.000
336.249306 336.259722   977.6   28.1   20.1 0.000
336.525694 336.536111  1107.4   31.7   22.7 0.000
336.993056 337.003472  1501.8   42.9   30.6 0.000
337.493750 337.504167  1559.3   44.5   31.8 0.000
337.993056 338.003472  1524.2   43.5   31.1 0.000
338.493056 338.503472  1703.8   48.6   34.7 0.000
338.993056 339.003472  1402.1   40.1   28.6 0.000
339.492361 339.502778  1474.0   42.1   30.0 0.000
339.992361 340.002778  1410.9   40.3   28.8 0.000
340.493750 340.504167  1292.0   36.9   26.4 0.000
340.993056 341.003472  1293.6   37.0   26.4 0.000
341.493750 341.504167  1402.0   40.1   28.6 0.000
341.993750 342.004167  1349.2   38.6   27.5 0.000
342.497222 342.507639  2013.0   57.4   40.9 0.000
342.996528 343.006944  1835.1   52.3   37.3 0.000
343.493750 343.504167  2808.0   80.0   56.9 0.000
343.993056 344.003472  1951.9   55.7   39.7 0.000
344.495139 344.505556  1687.5   48.2   34.3 0.000
344.994444 345.004861  1598.8   45.6   32.6 0.000
345.494444 345.504861  1554.2   44.4   31.7 0.000
345.993750 346.004167  1431.6   40.9   29.2 0.000
346.494444 346.504861  1477.2   42.2   30.1 0.000
346.993750 347.004167  1556.4   44.4   31.7 0.000
347.494444 347.504861  1474.6   42.1   30.1 0.000
347.994444 348.004861  1381.6   39.5   28.2 0.000
348.495833 348.506250  1567.1   44.7   31.9 0.000
349.013889 349.024306  1423.4   40.7   29.0 0.000
349.493750 349.504167  1318.2   37.7   26.9 0.000
349.562500 349.572917  1344.9   38.4   27.5 0.000
349.913194 349.923611  1601.2   45.7   32.6 0.000
350.507639 350.518056  1674.2   47.8   34.1 0.000
351.006944 351.017361  1599.6   45.7   32.6 0.000
351.576389 351.586806  1613.6   46.1   32.9 0.000
351.992361 352.002778  1340.5   38.3   27.4 0.000
352.492361 352.502778  2552.8   72.7   51.8 0.000
352.992361 353.002778  1412.4   40.4   28.8 0.000
353.491667 353.502083  1511.7   43.2   30.8 0.000
353.991667 354.002083  1618.3   46.2   32.9 0.000
354.490972 354.501389  1731.9   49.4   35.2 0.000
354.990972 355.001389  1688.7   48.2   34.4 0.000
355.514583 355.525000  1553.0   44.3   31.6 0.000
355.993750 356.004167  1636.4   46.7   33.3 0.000
356.497222 356.507639  1577.7   45.0   32.1 0.000
356.996528 357.006944  1596.1   45.6   32.5 0.000
357.495833 357.506250  1558.6   44.5   31.8 0.000
357.995833 358.006250  1436.3   41.0   29.3 0.000
358.495139 358.505556  1391.7   39.8   28.4 0.000
358.995139 359.005556  1229.7   35.2   25.2 0.000
359.494444 359.504861  1249.5   35.7   25.6 0.000
359.993750 360.004167  1266.5   36.2   25.9 0.000
360.493750 360.504167  1278.6   36.6   26.1 0.000
360.993056 361.003472  1222.5   35.0   25.0 0.000
361.522222 361.532639  2066.4   58.9   42.0 0.000
361.993750 362.004167   984.9   28.3   20.3 0.000
362.495139 362.505556  1332.1   38.1   27.2 0.000
362.994444 363.004861  1445.1   41.3   29.5 0.000
363.494444 363.504861  2202.0   62.8   44.7 0.000
363.993750 364.004167  1143.1   32.7   23.4 0.000
364.493056 364.503472  1780.3   50.8   36.2 0.000
364.993056 365.003472  1912.6   54.5   38.9 0.000
