data/obs/c2h6/WDCGG/event/DE0043G.20091231235500.20170622000000.online_gc.ethane.air.1y.12h.DE09L_Varian_GC-3800-FID_HPB_C2-C8-hydrocarb.DE09L_Measurements_of_Hydrocarbons_GC-3800.lev2.nas
74 1001
Claude, Anja; Plass-Duelmer, Christian
DE09L, Deutscher Wetterdienst, DWD, Met. Obs., Hohenspeissenberg, , 82283, Hohenspeissenberg, Germany
Claude, Anja
ACTRIS EMEP GAW-WDCRG
1 1
2010 01 01 2017 06 22
0
days from file reference point
5
1 1 1 1 1
999.999999 99999.9 9999.9 9999.9 9.999
end_time of measurement, days from the file reference point
ethane, pmol/mol, Statistics=arithmetic mean
ethane, pmol/mol, Statistics=expanded uncertainty 2sigma
ethane, pmol/mol, Statistics=precision
numflag, no unit
0
55
Data definition:              EBAS_1.1
Set type code:                TI
Timezone:                     UTC
File name:                    DE0043G.20091231235500.20170622000000.online_gc.ethane.air.1y.12h.DE09L_Varian_GC-3800-FID_HPB_C2-C8-hydrocarb.DE09L_Measurements_of_Hydrocarbons_GC-3800.lev2.nas
File creation:                20190306184600
Startdate:                    20091231235500
Revision date:                20170622000000
Version:                      2
Version description:          2nd revision 2017, manually inspected, 2017 header
Data level:                   2
Period code:                  1y
Resolution code:              12h
Sample duration:              15mn
Orig. time res.:              15mn
Station code:                 DE0043G
Platform code:                DE0043S
Station name:                 Hohenpeissenberg
Station WDCA-ID:              GAWADE__HPB
Station GAW-ID:               HPB
Station GAW-Name:             Hohenpeissenberg
Station land use:             Grassland
Station setting:              Mountain
Station GAW type:             G
Station WMO region:           6
Station latitude:             47.8014984131
Station longitude:            11.0096197128
Station altitude:             985.0m
Measurement altitude:         1000.0m
Measurement height:           15.0m
Regime:                       IMG
Component:                    ethane
Unit:                         pmol/mol
Matrix:                       air
Instrument type:              online_gc
Laboratory code:              DE09L
Instrument name:              Varian_GC-3800-FID_HPB_C2-C8-hydrocarb
Instrument manufacturer:      Varian
Instrument model:             GC-3800
Instrument serial number:     104633
Method ref:                   DE09L_Measurements_of_Hydrocarbons_GC-3800
Standard method:              SOP=ACTRIS_VOC_2014
Calibration scale:            NPL
Calibration standard ID:      Manufacturer NPL (quantum passivated cylinder form Air products); Batch D641624
Inlet type:                   Hat or hood
Inlet description:            Downward facing with hood
Detection limit expl.:        Determined by multiple peak integration of zero gas measurements, detection limit flag 147 is used for values under detection  limit defined as 3-sigma precision
Measurement uncertainty expl.: "Includes reproducibility (precision) + systematic errors (accuracy). Ref:http://www.atmos-meas-tech.net/8/2715/2015/"
Zero/negative values code:    Zero/negative possible
Zero/negative values:         Zero and neg. values may appear due to statistical variations at very low concentrations
Originator:                   Claude, Anja, anja.claude@dwd.de, Deutscher Wetterdienst, DWD, Hohenpeissenberg Meteorological Observatory, Albin-Schwaiger-Weg 10, , D-82383, Hohenpeissenberg, Germany
Originator:                   Plass-Duelmer, Christian, , , , , , , , , 
Submitter:                    Claude, Anja, anja.claude@dwd.de, Deutscher Wetterdienst, DWD, Hohenpeissenberg Meteorological Observatory, Albin-Schwaiger-Weg 10, , D-82383, Hohenpeissenberg, Germany
Acknowledgement:              Request acknowledgement details from data originator
Comment:                      preconcentration on glass beeds (-197\B0C), o3 removed, cryo-dryer at -40\B0C, 2 week calibration interval,two target gases were used.
starttime endtime C2H6 C2H6 C2H6 flag
 -0.003472   0.006944  1695.1   48.5   34.6 0.000
  0.497917   0.508333  1792.3   51.2   36.5 0.000
  0.998611   1.009028  3725.8  106.1   75.6 0.000
  1.499306   1.509722  1936.8   55.3   39.4 0.000
  2.000000   2.010417  2104.7   60.0   42.8 0.000
  2.500694   2.511111  1997.6   57.0   40.6 0.000
  3.002083   3.012500  2004.3   57.2   40.8 0.000
  3.495833   3.506250  2214.5   63.2   45.0 0.000
  3.997222   4.007639  2219.4   63.3   45.1 0.000
  4.496528   4.506944  3077.7   87.7   62.5 0.000
  4.996528   5.006944  3095.2   88.3   63.0 0.000
  5.495833   5.506250  3041.3   86.8   62.0 0.000
  5.995833   6.006250  2716.1   77.6   55.4 0.000
  6.505556   6.515972  2846.9   81.2   57.8 0.000
  7.004861   7.015278  2939.6   83.7   59.6 0.000
  7.300694   7.311111  3261.2   92.9   66.2 0.000
  7.350000   7.360417  3275.8   93.4   66.5 0.000
  7.399306   7.409722  3087.0   88.0   62.7 0.000
  7.448611   7.459028  3083.6   88.2   63.1 0.000
  7.531250   7.541667  3922.9  111.9   79.8 0.000
  7.613889   7.624306  4169.3  118.9   84.7 0.000
  7.696528   7.706944  4276.6  122.0   87.0 0.000
  7.779861   7.790278  4481.7  127.9   91.3 0.000
  7.829167   7.839583  4478.7  127.8   91.2 0.000
  7.878472   7.888889  3850.9  109.9   78.4 0.000
  7.927778   7.938194  3743.7  106.9   76.3 0.000
  8.010417   8.020833  3576.3  102.1   72.9 0.000
  8.093056   8.103472  3412.0   97.5   69.6 0.000
  8.175694   8.186111  3430.7   98.0   70.0 0.000
  8.259028   8.269444  3777.6  107.9   77.0 0.000
  8.484722   8.495139  4212.6  120.3   85.9 0.000
  8.985417   8.995833  4923.2  140.5  100.3 0.000
  9.485417   9.495833  4160.2  118.7   84.7 0.000
  9.986111   9.996528  4122.8  117.6   83.9 0.000
 10.495833  10.506250  4041.3  115.2   82.1 0.000
 10.996528  11.006944  4264.7  121.5   86.5 0.000
 11.495833  11.506250  4193.0  119.3   84.9 0.000
 11.995833  12.006250  3262.0   92.9   66.2 0.000
 12.488889  12.499306  2131.3   60.8   43.4 0.000
 12.989583  13.000000  2138.3   61.0   43.5 0.000
 13.501389  13.511806  2728.8   77.8   55.5 0.000
 14.002083  14.012500  3458.6   98.8   70.6 0.000
 14.490278  14.500694  2112.7   60.2   42.9 0.000
 14.989583  15.000000  2322.7   66.2   47.2 0.000
 15.488889  15.499306  2147.4   61.2   43.6 0.000
 15.988194  15.998611  1836.9   52.4   37.4 0.000
 16.487500  16.497917  1788.5   51.0   36.4 0.000
 16.986806  16.997222  1847.3   52.7   37.6 0.000
 17.492361  17.502778  1893.7   54.0   38.5 0.000
 17.991667  18.002083  1818.2   51.9   37.0 0.000
 18.493056  18.503472  1931.9   55.1   39.3 0.000
 18.993056  19.003472  2203.9   62.8   44.8 0.000
 19.495139  19.505556  2167.4   61.8   44.0 0.000
 19.994444  20.004861  2046.5   58.4   41.6 0.000
 20.533333  20.543750  2473.7   70.5   50.3 0.000
 21.000000  21.010417  2063.4   58.9   42.0 0.000
 21.495833  21.506250  2487.7   70.9   50.6 0.000
 21.995833  22.006250  2183.9   62.4   44.6 0.000
 22.496528  22.506944  2328.7   66.6   47.5 0.000
 22.997222  23.007639  2055.6   58.8   42.0 0.000
 23.497917  23.508333  2095.8   59.9   42.8 0.000
 23.997917  24.008333  1993.3   57.0   40.8 0.000
 24.995139  25.005556  4339.1  123.5   87.8 0.000
 25.491667  25.502083  5518.1  157.2  111.9 0.000
 25.990972  26.001389  5314.7  151.4  107.9 0.000
 26.340278  26.350694  4965.8  141.5  100.8 0.000
 26.390278  26.400694  5307.1  151.2  107.6 0.000
 26.438889  26.449306  5402.0  153.9  109.6 0.000
 26.488194  26.498611  5428.4  154.7  110.2 0.000
 26.537500  26.547917  5343.0  152.4  108.7 0.000
 26.586806  26.597222  5347.4  152.5  108.8 0.000
 26.636111  26.646528  5378.5  153.4  109.4 0.000
 26.685417  26.695833  5316.2  151.7  108.2 0.000
 26.734722  26.745139  5484.0  156.5  111.7 0.000
 26.784028  26.794444  5432.8  155.0  110.6 0.000
 26.833333  26.843750  5241.1  149.6  106.7 0.000
 26.882639  26.893056  4840.1  138.2   98.7 0.000
 26.931944  26.942361  4292.6  122.5   87.4 0.000
 26.981250  26.991667  3452.4   98.7   70.5 0.000
 27.030556  27.040972  2806.3   80.2   57.3 0.000
 27.079861  27.090278  3015.0   86.1   61.5 0.000
 27.129167  27.139583  2314.4   66.2   47.3 0.000
 30.966667  30.977083  2440.8   83.9   68.2 0.000
 31.015972  31.026389  2420.0   83.1   67.5 0.000
 31.065278  31.075694  2429.6   83.5   67.8 0.000
 31.114583  31.125000  2406.3   82.6   67.1 0.000
 31.163889  31.174306  2376.3   81.6   66.3 0.000
 31.213194  31.223611  2372.4   81.4   66.2 0.000
 31.262500  31.272917  2346.3   80.5   65.5 0.000
 31.311806  31.322222  2309.7   79.3   64.4 0.000
 31.361111  31.371528  2308.6   79.3   64.5 0.000
 31.409722  31.420139  2312.1   79.4   64.6 0.000
 31.459028  31.469444  2299.3   78.9   64.2 0.000
 31.508333  31.518750  2292.3   78.7   64.0 0.000
 31.557639  31.568056  2277.9   78.2   63.6 0.000
 31.606944  31.617361  2243.8   77.1   62.6 0.000
 31.656250  31.666667  2222.3   76.3   62.0 0.000
 31.704861  31.715278  2245.5   77.1   62.7 0.000
 31.754167  31.764583  2251.4   77.4   62.9 0.000
 31.803472  31.813889  2308.2   79.3   64.5 0.000
 31.852778  31.863194  2378.6   81.7   66.4 0.000
 31.902083  31.912500  2397.1   82.3   66.9 0.000
 31.951389  31.961806  2424.9   83.2   67.7 0.000
 32.000000  32.010417  2386.8   82.0   66.6 0.000
 32.049306  32.059722  2376.3   81.6   66.3 0.000
 32.098611  32.109028  2327.1   79.9   65.0 0.000
 32.147917  32.158333  2325.6   79.8   64.9 0.000
 32.197222  32.207639  2306.6   79.2   64.4 0.000
 32.246528  32.256944  2280.5   78.3   63.6 0.000
 32.295139  32.305556  2269.7   77.9   63.3 0.000
 32.344444  32.354861  2241.0   77.0   62.6 0.000
 32.393750  32.404167  2243.9   77.1   62.6 0.000
 33.413889  33.424306  1873.2   64.4   52.4 0.000
 33.463194  33.473611  1897.3   65.2   53.0 0.000
 33.512500  33.522917  1908.5   65.6   53.4 0.000
 33.561806  33.572222  1927.9   66.3   53.9 0.000
 33.610417  33.620833  1947.7   66.9   54.4 0.000
 33.659722  33.670139  1922.4   66.1   53.7 0.000
 33.709028  33.719444  1904.7   65.5   53.2 0.000
 33.758333  33.768750  1897.0   65.2   53.0 0.000
 33.807639  33.818056  1893.8   65.1   52.9 0.000
 33.856944  33.867361  1908.1   65.6   53.3 0.000
 33.906250  33.916667  1912.0   65.7   53.4 0.000
 33.955556  33.965972  1902.3   65.4   53.2 0.000
 34.004861  34.015278  1895.0   65.1   53.0 0.000
 34.053472  34.063889  1855.3   63.8   51.9 0.000
 34.102778  34.113194  1808.8   62.2   50.5 0.000
 34.152083  34.162500  1783.7   61.3   49.8 0.000
 34.201389  34.211806  1758.1   60.4   49.1 0.000
 34.250694  34.261111  1707.9   58.7   47.7 0.000
 34.300000  34.310417  1707.0   58.7   47.7 0.000
 34.349306  34.359722  1746.9   60.0   48.8 0.000
 34.398611  34.409028  1737.2   59.7   48.6 0.000
 34.492361  34.502778  1686.5   58.0   47.2 0.000
 34.991667  35.002083  1423.8   49.0   39.9 0.000
 35.494444  35.504861  1701.3   58.5   47.6 0.000
 35.993750  36.004167  2030.1   69.7   56.6 0.000
 36.493056  36.503472  2055.8   70.6   57.4 0.000
 36.992361  37.002778  2782.6   95.4   77.5 0.000
 37.491667  37.502083  4319.1  148.0  120.2 0.000
 37.990972  38.001389  2903.6   99.6   80.9 0.000
 38.495139  38.505556  3296.7  113.2   92.0 0.000
 38.994444  39.004861  3413.0  117.1   95.2 0.000
 39.500000  39.510417  2674.1   91.8   74.6 0.000
 39.999306  40.009722  3174.7  108.9   88.5 0.000
 40.484722  40.495139  4072.0  139.6  113.3 0.000
 40.984028  40.994444  3792.5  130.0  105.6 0.000
 41.508333  41.518750  4014.2  137.7  111.9 0.000
 42.009722  42.020139  5078.0  174.0  141.2 0.000
 42.497222  42.507639  6021.2  206.4  167.6 0.000
 42.998611  43.009028  6012.3  206.0  167.3 0.000
 43.500694  43.511111  5374.3  184.1  149.5 0.000
 44.002778  44.013194  5068.0  173.6  141.0 0.000
 44.504861  44.515278  4724.3  162.0  131.6 0.000
 45.006944  45.017361  4361.0  149.5  121.4 0.000
 45.497917  45.508333  4054.4  139.0  112.9 0.000
 46.000000  46.010417  3545.4  121.6   98.8 0.000
 46.502778  46.513194  2848.5   97.8   79.5 0.000
 47.004861  47.015278  2867.5   98.5   80.0 0.000
 47.495139  47.505556  3327.0  114.1   92.7 0.000
 47.997917  48.008333  2733.9   93.8   76.2 0.000
 48.498611  48.509028  2771.0   95.1   77.3 0.000
 49.001389  49.011806  2965.2  101.7   82.6 0.000
 49.494444  49.504861  2893.8   99.3   80.7 0.000
 49.995139  50.005556  2739.4   94.0   76.4 0.000
 50.292361  50.302778  2717.8   93.2   75.7 0.000
 50.341667  50.352083  2758.3   94.6   76.9 0.000
 50.390972  50.401389  2869.5   98.5   80.1 0.000
 50.440278  50.450694  2886.7   99.0   80.5 0.000
 50.523611  50.534028  2874.3   98.7   80.2 0.000
 50.607639  50.618056  2702.1   92.8   75.4 0.000
 50.691667  50.702083  2690.8   92.4   75.1 0.000
 50.775694  50.786111  2628.0   90.2   73.4 0.000
 50.825000  50.835417  2533.0   86.9   70.6 0.000
 50.874306  50.884722  2385.0   81.9   66.6 0.000
 50.923611  50.934028  2409.8   82.8   67.3 0.000
 51.007639  51.018056  2443.5   83.9   68.2 0.000
 51.091667  51.102083  2286.0   78.5   63.9 0.000
 51.176389  51.186806  2225.3   76.4   62.1 0.000
 51.260417  51.270833  2088.7   71.8   58.4 0.000
 51.506250  51.516667  1934.1   66.5   54.1 0.000
 52.009028  52.019444  1880.8   64.7   52.6 0.000
 52.500000  52.510417  2192.5   75.4   61.4 0.000
 53.001389  53.011806  2014.8   69.3   56.3 0.000
 53.495139  53.505556  2010.0   69.0   56.1 0.000
 53.997222  54.007639  1842.7   63.4   51.6 0.000
 54.504861  54.515278  1942.0   66.8   54.3 0.000
 55.006250  55.016667  1976.4   67.9   55.2 0.000
 55.495833  55.506250  1910.6   65.7   53.5 0.000
 55.997222  56.007639  1813.5   62.5   50.9 0.000
 56.495833  56.506250  1994.8   68.5   55.7 0.000
 56.997222  57.007639  2332.3   80.1   65.1 0.000
 57.498611  57.509028  2120.2   72.9   59.2 0.000
 58.000000  58.010417  1775.6   61.2   49.8 0.000
 58.501389  58.511806  1872.9   64.8   52.9 0.000
 59.002778  59.013194  1935.9   73.8   62.9 0.000
 59.506250  59.516667  2063.1   78.5   66.7 0.000
 59.997917  60.008333  2384.0   90.7   77.1 0.000
 60.498611  60.509028  2005.0   76.3   65.0 0.000
 61.000000  61.010417  2343.6   89.0   75.7 0.000
 61.493750  61.504167  2628.5   99.8   84.8 0.000
 61.993056  62.003472  2839.1  107.9   91.7 0.000
 62.495833  62.506250  2773.1  105.3   89.5 0.000
 62.995833  63.006250  2484.3   94.4   80.3 0.000
 63.501389  63.511806  2690.2  102.3   87.0 0.000
 64.001389  64.011806  2610.9   99.2   84.3 0.000
 64.502083  64.512500  2672.0  101.6   86.4 0.000
 65.002778  65.013194  2701.0  102.6   87.3 0.000
 65.503472  65.513889  3138.6  119.2  101.4 0.000
 66.494444  66.504861  2692.3  102.3   86.9 0.000
 66.995833  67.006250  2820.1  107.6   91.7 0.000
 67.495139  67.505556  3309.5  125.6  106.8 0.000
 67.995833  68.006250  3031.5  115.1   97.8 0.000
 68.520833  68.531250  3326.4  126.2  107.2 0.000
 69.021528  69.031944  3499.8  132.7  112.8 0.000
 69.497917  69.508333  3684.8  139.9  119.0 0.000
 69.999306  70.009722  3815.4  145.0  123.3 0.000
 70.496528  70.506944  3050.4  115.7   98.3 0.000
 70.997917  71.008333  2925.6  111.1   94.5 0.000
 71.499306  71.509722  2222.4   84.6   72.0 0.000
 72.000694  72.011111  2544.4   97.0   82.6 0.000
 72.502083  72.512500  2289.7   87.4   74.4 0.000
 73.004167  73.014583  2382.1   90.8   77.2 0.000
 73.497222  73.507639  2376.3   90.2   76.7 0.000
 73.998611  74.009028  1971.8   75.4   64.2 0.000
 74.497917  74.508333  2134.0   81.2   69.1 0.000
 75.000000  75.010417  1933.0   73.6   62.6 0.000
 75.496528  75.506944  1824.9   69.5   59.1 0.000
 75.996528  76.006944  1702.0   64.8   55.1 0.000
 76.495833  76.506250  1812.8   69.0   58.7 0.000
 76.995833  77.006250  1535.9   58.6   49.9 0.000
 77.496528  77.506944  1774.3   67.6   57.5 0.000
 77.996528  78.006944  1638.2   62.4   53.2 0.000
 78.497222  78.507639  1506.7   57.4   48.9 0.000
 78.997917  79.008333  1655.7   63.1   53.7 0.000
 79.498611  79.509028  1635.1   62.3   53.0 0.000
 79.998611  80.009028  1851.1   70.4   59.9 0.000
 80.497917  80.508333  1866.1   71.0   60.4 0.000
 80.998611  81.009028  1868.2   71.1   60.5 0.000
 81.496528  81.506944  1714.0   65.3   55.5 0.000
 81.997917  82.008333  1804.5   68.6   58.4 0.000
 82.509722  82.520139  1737.2   66.1   56.2 0.000
 83.010417  83.020833  1738.4   66.3   56.4 0.000
 83.497917  83.508333  1704.9   64.9   55.2 0.000
 83.999306  84.009722  1785.7   68.0   57.8 0.000
 84.495139  84.505556  1792.4   68.2   58.1 0.000
 84.996528  85.006944  2051.0   78.0   66.3 0.000
 85.497917  85.508333  2062.0   78.4   66.7 0.000
 87.498611  87.509028  1521.1   58.0   49.4 0.000
 88.000000  88.010417  1835.1   69.8   59.4 0.000
 88.297917  88.308333  1630.1   62.1   52.9 0.000
 88.347222  88.357639  1623.5   61.9   52.6 0.000
 88.397222  88.407639  1643.1   62.6   53.3 0.000
 88.446528  88.456944  1671.6   63.7   54.2 0.000
 88.529167  88.539583  1734.1   66.0   56.2 0.000
 88.611806  88.622222  1746.2   66.5   56.6 0.000
 88.695139  88.705556  1774.7   67.5   57.5 0.000
 88.778472  88.788889  1847.0   70.3   59.8 0.000
 88.827778  88.838194  1916.3   72.9   62.1 0.000
 88.877083  88.887500  1901.6   72.4   61.6 0.000
 88.926389  88.936806  1908.0   72.6   61.8 0.000
 89.009722  89.020139  2007.8   76.4   65.0 0.000
 89.092361  89.102778  2078.3   79.0   67.2 0.000
 89.175694  89.186111  2083.1   79.2   67.4 0.000
 89.258333  89.268750  2057.6   78.3   66.6 0.000
 89.504167  89.514583  1961.0   74.6   63.5 0.000
 90.005556  90.015972  1912.3   54.7   39.1 0.000
 90.493750  90.504167  2169.3   62.0   44.3 0.000
 90.993750  91.004167  2176.2   62.2   44.4 0.000
 95.495833  95.506250  2147.6   61.3   43.7 0.000
 95.997222  96.007639  2084.0   59.5   42.4 0.000
 96.495833  96.506250  1699.5   48.5   34.6 0.000
 96.995833  97.006250  1787.4   51.0   36.4 0.000
 97.495139  97.505556  1923.4   54.9   39.1 0.000
 97.995139  98.005556  2154.8   61.5   43.8 0.000
 98.495139  98.505556  2433.1   69.4   49.5 0.000
 98.995139  99.005556  2096.6   59.8   42.6 0.000
 99.495833  99.506250  2158.2   61.6   43.9 0.000
 99.995833 100.006250  2067.1   59.0   42.1 0.000
100.495833 100.506250  2093.0   59.7   42.6 0.000
100.995833 101.006250  2169.6   61.9   44.1 0.000
101.497917 101.508333  2208.9   63.0   44.9 0.000
101.997917 102.008333  2319.2   66.1   47.1 0.000
102.500000 102.510417  2339.9   66.7   47.6 0.000
103.000000 103.010417  2460.9   70.2   50.0 0.000
103.490278 103.500694  2779.3   79.2   56.5 0.000
103.990972 104.001389  2251.0   64.2   45.8 0.000
104.494444 104.504861  2268.8   64.7   46.1 0.000
104.995139 105.005556  2631.6   75.0   53.5 0.000
105.495139 105.505556  2430.9   69.3   49.4 0.000
105.995139 106.005556  2492.2   71.1   50.7 0.000
106.495833 106.506250  2244.2   64.0   45.6 0.000
106.996528 107.006944  2144.4   61.2   43.6 0.000
107.497222 107.507639  2192.2   62.5   44.6 0.000
107.998611 108.009028  2121.9   60.5   43.2 0.000
108.288889 108.299306  2134.2   63.2   46.6 0.000
108.338194 108.348611  2118.9   62.8   46.3 0.000
108.387500 108.397917  1999.8   59.5   44.1 0.000
108.436806 108.447222  1924.1   57.5   42.7 0.000
108.518056 108.528472  1934.1   57.9   43.1 0.000
108.600000 108.610417  1920.8   57.2   42.4 0.000
108.681944 108.692361  1948.3   58.2   43.2 0.000
108.763889 108.774306  1986.8   59.2   43.8 0.000
108.813194 108.823611  2002.8   59.7   44.2 0.000
108.861806 108.872222  1967.4   58.7   43.5 0.000
108.911111 108.921528  1941.0   58.0   43.1 0.000
108.993056 109.003472  2020.7   60.1   44.5 0.000
109.075000 109.085417  2019.7   60.1   44.5 0.000
109.156944 109.167361  2018.1   60.1   44.5 0.000
109.238889 109.249306  2010.1   59.9   44.4 0.000
109.495139 109.505556  2073.8   61.6   45.5 0.000
109.995139 110.005556  2003.6   59.7   44.2 0.000
110.495139 110.505556  2063.6   61.3   45.3 0.000
110.995139 111.005556  2062.6   61.2   45.3 0.000
111.385417 111.395833  2031.0   60.4   44.7 0.000
111.434722 111.445139  2057.7   61.4   45.5 0.000
111.502778 111.513194  1935.0   57.8   43.0 0.000
112.002778 112.013194  1966.7   58.7   43.6 0.000
112.497222 112.507639  1892.1   56.6   42.1 0.000
112.997222 113.007639  2010.6   59.9   44.3 0.000
