data/obs/c2h6/WDCGG/event/DE0043G.20140101114900.20170411000000.online_gc.ethane.air.1y.12h.DE09L_Varian_GC-3800-FID_HPB_C2-C8-hydrocarb.DE09L_Measurements_of_Hydrocarbons_GC-3800.lev2.nas
74 1001
Claude, Anja; Kubistin, Dagmar
DE09L, Deutscher Wetterdienst, DWD, Met. Obs., Hohenspeissenberg, , 82283, Hohenspeissenberg, Germany
Claude, Anja
ACTRIS EMEP GAW-WDCGG-node
1 1
2014 01 01 2017 04 11
0
days from file reference point
5
1 1 1 1 1
999.999999 99999.9 99999.9 9999.9 9.999
end_time of measurement, days from the file reference point
ethane, pmol/mol, Statistics=arithmetic mean
ethane, pmol/mol, Statistics=expanded uncertainty 2sigma
ethane, pmol/mol, Statistics=precision
numflag, no unit
0
55
Data definition:              EBAS_1.1
Set type code:                TI
Timezone:                     UTC
File name:                    DE0043G.20140101114900.20170411000000.online_gc.ethane.air.1y.12h.DE09L_Varian_GC-3800-FID_HPB_C2-C8-hydrocarb.DE09L_Measurements_of_Hydrocarbons_GC-3800.lev2.nas
File creation:                20190306184600
Startdate:                    20140101114900
Revision date:                20170411000000
Version:                      3
Version description:          2nd revision 2017, manually inspected, 2017 header
Data level:                   2
Period code:                  1y
Resolution code:              12h
Sample duration:              15mn
Orig. time res.:              15mn
Station code:                 DE0043G
Platform code:                DE0043S
Station name:                 Hohenpeissenberg
Station WDCA-ID:              GAWADE__HPB
Station GAW-ID:               HPB
Station GAW-Name:             Hohenpeissenberg
Station land use:             Grassland
Station setting:              Mountain
Station GAW type:             G
Station WMO region:           6
Station latitude:             47.8014984131
Station longitude:            11.0096197128
Station altitude:             985.0m
Measurement altitude:         1000.0m
Measurement height:           15.0m
Regime:                       IMG
Component:                    ethane
Unit:                         pmol/mol
Matrix:                       air
Instrument type:              online_gc
Laboratory code:              DE09L
Instrument name:              Varian_GC-3800-FID_HPB_C2-C8-hydrocarb
Instrument manufacturer:      Varian
Instrument model:             GC-3800
Instrument serial number:     104633
Method ref:                   DE09L_Measurements_of_Hydrocarbons_GC-3800
Standard method:              SOP=ACTRIS_VOC_2014
Calibration scale:            NPL
Calibration standard ID:      Manufacturer NPL (quantum passivated cylinder form Air products); Batch D910379
Inlet type:                   Hat or hood
Inlet description:            Downward facing with hood
Detection limit expl.:        Determined by multiple peak integration of zero gas measurements, detection limit flag 147 is used for values under detection  limit defined as 3-sigma precision
Measurement uncertainty expl.: "Includes reproducibility (precision) + systematic errors (accuracy). Ref:http://www.atmos-meas-tech.net/8/2715/2015/"
Zero/negative values code:    Zero/negative possible
Zero/negative values:         Zero and neg. values may appear due to statistical variations at very low concentrations
Originator:                   Claude, Anja, anja.claude@dwd.de, Deutscher Wetterdienst, DWD, Hohenpeissenberg Meteorological Observatory, Albin-Schwaiger-Weg 10, , D-82383, Hohenpeissenberg, Germany
Originator:                   Kubistin, Dagmar, dagmar.kubistin@dwd.de, Deutscher Wetterdienst, DWD, Hohenpeissenberg Meteorological Observatory, Albin-Schwaiger-Weg 10, , D-82383, Hohenpeissenberg, Germany
Submitter:                    Claude, Anja, anja.claude@dwd.de, Deutscher Wetterdienst, DWD, Hohenpeissenberg Meteorological Observatory, Albin-Schwaiger-Weg 10, , D-82383, Hohenpeissenberg, Germany
Acknowledgement:              Request acknowledgement details from data originator
Comment:                      preconcentration on glass beeds (-197\B0C), o3 removed, cryo-dryer at -40\B0C, 2 week calibration interval.
starttime endtime C2H6 C2H6 C2H6 flag
[from data line 628]
316.027083 316.037500  1903.0    56.4   41.6 0.000
316.497222 316.507639  2143.0    63.5   46.9 0.000
316.996528 317.006944  1954.8    57.9   42.8 0.000
317.495139 317.505556  2155.3    63.9   47.1 0.559
317.994444 318.004861  1429.3    42.4   31.3 0.000
318.494444 318.504861  1707.2    50.6   37.4 0.000
318.994444 319.004861  2184.3    64.7   47.8 0.000
319.495139 319.505556  1597.1    47.4   35.0 0.000
319.995139 320.005556  1683.7    49.9   36.9 0.000
320.543750 320.554167  1872.4    55.5   41.0 0.000
320.995139 321.005556  1983.5    58.8   43.4 0.000
321.503472 321.513889  1715.2    50.9   37.5 0.000
322.003472 322.013889  1693.4    50.2   37.1 0.000
322.512500 322.522917  1892.0    56.1   41.4 0.000
323.011806 323.022222  1842.7    54.6   40.3 0.000
323.495833 323.506250  1962.9    58.2   42.9 0.000
323.995139 324.005556  2292.1    67.9   50.1 0.000
324.496528 324.506944  1798.0    53.3   39.3 0.000
324.995833 325.006250  1640.5    48.6   35.9 0.000
325.495139 325.505556  2004.9    59.4   43.9 0.000
325.994444 326.004861   924.2    27.4   20.3 0.000
326.493750 326.504167  1291.6    38.3   28.3 0.000
326.993056 327.003472   840.7    25.0   18.5 0.000
327.506944 327.517361  1776.5    52.7   38.9 0.000
328.006250 328.016667  2377.3    70.5   52.0 0.559
328.497222 328.507639  3281.7    97.2   71.7 0.559
328.996528 329.006944  3731.6   110.6   81.6 0.559
329.518750 329.529167  3674.1   108.9   80.3 0.559
329.969444 329.979861  1824.2    54.1   39.9 0.559
330.495833 330.506250  3664.0   108.6   80.1 0.559
330.995833 331.006250  1501.4    44.5   32.9 0.559
331.368750 331.379167  2792.6    82.7   61.1 0.559
331.495833 331.506250  2405.5    71.3   52.6 0.559
331.995139 332.005556  2290.7    67.9   50.1 0.559
332.495139 332.505556  4185.8   124.0   91.5 0.559
332.994444 333.004861  4436.8   131.5   97.0 0.559
333.493750 333.504167  4203.5   124.5   91.9 0.559
333.993750 334.004167  3884.6   115.1   84.9 0.559
334.496528 334.506944  4341.6   123.6   87.9 0.559
334.996528 335.006944  4588.4   130.6   92.9 0.559
335.497917 335.508333  4596.8   130.9   93.1 0.559
335.997222 336.007639  5021.9   142.9  101.7 0.559
336.497917 336.508333  5155.2   146.7  104.4 0.559
336.997917 337.008333  4915.0   139.9   99.6 0.559
337.494444 337.504861  4814.8   137.1   97.5 0.559
337.994444 338.004861  4451.1   126.7   90.2 0.559
338.495833 338.506250  4330.7   123.3   87.8 0.559
338.995139 339.005556  3735.3   106.4   75.7 0.559
339.494444 339.504861  3732.2   106.3   75.7 0.559
339.994444 340.004861  4176.2   118.9   84.7 0.559
340.493750 340.504167  4002.5   114.0   81.1 0.559
340.993056 341.003472  3787.0   107.9   76.8 0.559
341.495139 341.505556  2675.9    76.3   54.4 0.559
341.994444 342.004861  2032.9    58.0   41.4 0.559
342.494444 342.504861  2181.5    62.3   44.4 0.559
342.993750 343.004167  2289.8    65.3   46.6 0.559
343.495139 343.505556  2129.4    60.8   43.4 0.559
343.994444 344.004861  1823.8    52.1   37.2 0.559
344.496528 344.506944  1893.2    54.1   38.6 0.000
344.995833 345.006250  1633.2    46.7   33.4 0.000
345.497222 345.507639  1567.2    44.8   32.1 0.000
345.997222 346.007639  1496.9    42.9   30.7 0.000
346.497222 346.507639  1395.1    40.0   28.6 0.000
346.996528 347.006944  1563.7    44.8   32.0 0.000
347.496528 347.506944  1622.0    46.4   33.2 0.000
347.996528 348.006944  1643.8    47.0   33.6 0.000
348.505556 348.515972  1700.8    48.6   34.8 0.000
349.004861 349.015278  1781.7    50.9   36.4 0.000
349.496528 349.506944  1744.6    49.9   35.6 0.000
349.995833 350.006250  1917.8    54.8   39.1 0.000
350.495139 350.505556  1878.4    53.7   38.3 0.000
350.994444 351.004861  1738.5    49.7   35.5 0.000
351.493750 351.504167  1564.0    44.7   32.0 0.000
351.993056 352.003472  1276.3    36.6   26.3 0.000
352.496528 352.506944  1122.3    32.3   23.2 0.000
352.995833 353.006250  1201.4    34.5   24.8 0.000
353.495139 353.505556  1866.6    53.3   38.1 0.000
353.995139 354.005556  1922.3    54.9   39.2 0.000
354.494444 354.504861  1815.0    51.9   37.0 0.000
354.994444 355.004861  1902.4    54.3   38.8 0.000
355.504861 355.515278  1290.3    37.0   26.5 0.000
356.004167 356.014583  1041.0    30.0   21.6 0.000
356.495833 356.506250   971.7    28.1   20.2 0.000
356.995833 357.006250  1014.8    29.3   21.1 0.000
357.495139 357.505556  1508.3    43.2   30.9 0.000
357.995139 358.005556  1424.6    40.8   29.2 0.000
358.495139 358.505556  2012.5    57.4   41.0 0.000
358.994444 359.004861  2114.6    60.4   43.1 0.000
359.493750 359.504167  2302.2    65.7   46.8 0.000
359.993056 360.003472  2267.2    64.7   46.1 0.000
360.492361 360.502778  1888.8    54.0   38.5 0.000
360.991667 361.002083  2299.7    65.6   46.8 0.000
361.490972 361.501389  2959.0    84.3   60.1 0.000
361.990278 362.000694  2855.9    81.4   58.0 0.000
362.496528 362.506944  2311.7    65.9   47.0 0.000
362.995833 363.006250  2804.6    79.9   56.9 0.000
363.495139 363.505556  2539.8    72.4   51.6 0.000
363.995139 364.005556  2479.0    70.7   50.4 0.000
364.495139 364.505556  2667.2    76.0   54.2 0.000
364.995139 365.005556  2198.2    62.7   44.7 0.000
