data/obs/c2h6/WDCGG/event/DE0043G.20130101000600.20170411000000.online_gc.ethane.air.1y.12h.DE09L_Varian_GC-3800-FID_HPB_C2-C8-hydrocarb.DE09L_Measurements_of_Hydrocarbons_GC-3800.lev2.nas
74 1001
Claude, Anja; Plass-Duelmer, Christian
DE09L, Deutscher Wetterdienst, DWD, Met. Obs., Hohenspeissenberg, , 82283, Hohenspeissenberg, Germany
Claude, Anja
ACTRIS EMEP GAW-WDCRG
1 1
2013 01 01 2017 04 11
0
days from file reference point
5
1 1 1 1 1
999.999999 99999.9 99999.9 999.9 9.999
end_time of measurement, days from the file reference point
ethane, pmol/mol, Statistics=arithmetic mean
ethane, pmol/mol, Statistics=expanded uncertainty 2sigma
ethane, pmol/mol, Statistics=precision
numflag, no unit
0
55
Data definition:              EBAS_1.1
Set type code:                TI
Timezone:                     UTC
File name:                    DE0043G.20130101000600.20170411000000.online_gc.ethane.air.1y.12h.DE09L_Varian_GC-3800-FID_HPB_C2-C8-hydrocarb.DE09L_Measurements_of_Hydrocarbons_GC-3800.lev2.nas
File creation:                20190306184600
Startdate:                    20130101000600
Revision date:                20170411000000
Version:                      3
Version description:          2nd revision 2017, manually inspected, 2017 header
Data level:                   2
Period code:                  1y
Resolution code:              12h
Sample duration:              15mn
Orig. time res.:              15mn
Station code:                 DE0043G
Platform code:                DE0043S
Station name:                 Hohenpeissenberg
Station WDCA-ID:              GAWADE__HPB
Station GAW-ID:               HPB
Station GAW-Name:             Hohenpeissenberg
Station land use:             Grassland
Station setting:              Mountain
Station GAW type:             G
Station WMO region:           6
Station latitude:             47.8014984131
Station longitude:            11.0096197128
Station altitude:             985.0m
Measurement altitude:         1000.0m
Measurement height:           15.0m
Regime:                       IMG
Component:                    ethane
Unit:                         pmol/mol
Matrix:                       air
Instrument type:              online_gc
Laboratory code:              DE09L
Instrument name:              Varian_GC-3800-FID_HPB_C2-C8-hydrocarb
Instrument manufacturer:      Varian
Instrument model:             GC-3800
Instrument serial number:     104633
Method ref:                   DE09L_Measurements_of_Hydrocarbons_GC-3800
Standard method:              SOP=ACTRIS_VOC_2014
Calibration scale:            NPL
Calibration standard ID:      Manufacturer NPL (quantum passivated cylinder form Air products); Batch D910379
Inlet type:                   Hat or hood
Inlet description:            Downward facing with hood
Detection limit expl.:        Determined by multiple peak integration of zero gas measurements, detection limit flag 147 is used for values under detection  limit defined as 3-sigma precision
Measurement uncertainty expl.: "Includes reproducibility (precision) + systematic errors (accuracy). Ref:http://www.atmos-meas-tech.net/8/2715/2015/"
Zero/negative values code:    Zero/negative possible
Zero/negative values:         Zero and neg. values may appear due to statistical variations at very low concentrations
Originator:                   Claude, Anja, anja.claude@dwd.de, Deutscher Wetterdienst, DWD, Hohenpeissenberg Meteorological Observatory, Albin-Schwaiger-Weg 10, , D-82383, Hohenpeissenberg, Germany
Originator:                   Plass-Duelmer, Christian, , , , , , , , , 
Submitter:                    Claude, Anja, anja.claude@dwd.de, Deutscher Wetterdienst, DWD, Hohenpeissenberg Meteorological Observatory, Albin-Schwaiger-Weg 10, , D-82383, Hohenpeissenberg, Germany
Acknowledgement:              Request acknowledgement details from data originator
Comment:                      preconcentration on glass beeds (-197\B0C), o3 removed, cryo-dryer at -40\B0C, 2 week calibration interval.
starttime endtime C2H6 C2H6 C2H6 flag
[from data line 641]
265.004167 265.014583  1174.5   353.6  21.1 0.000
265.496528 265.506944   987.2   297.2  17.9 0.000
265.997917 266.008333   904.0   272.2  16.6 0.000
266.497222 266.507639  1014.6   305.4  18.4 0.000
266.997917 267.008333   976.7   294.0  17.7 0.000
267.498611 267.509028   884.2   266.2  16.2 0.000
267.999306 268.009722   947.6   285.3  17.2 0.000
268.495139 268.505556   920.6   277.2  16.8 0.000
268.995833 269.006250  1019.3   306.9  18.5 0.000
269.495833 269.506250  1261.8   379.8  22.6 0.000
269.996528 270.006944  1503.4   452.6  26.8 0.000
270.497917 270.508333  1250.0   376.3  22.4 0.000
270.998611 271.009028  1259.9   379.3  22.6 0.000
271.499306 271.509722  1475.4   444.1  26.3 0.000
272.001389 272.011806  1585.1   477.2  28.2 0.000
272.496528 272.506944  1431.2   430.8  25.6 0.000
272.997222 273.007639  1517.0   456.6  27.0 0.000
273.496528 273.506944  1332.3   401.1  23.8 0.000
273.997222 274.007639  1707.8   514.1  30.3 0.000
274.495833 274.506250  1556.5   468.6  27.7 0.000
274.997222 275.007639  1419.9   427.4  25.3 0.000
275.499306 275.509722  1469.4   442.3  26.2 0.000
276.000694 276.011111  1046.7   315.1  18.9 0.000
276.502083 276.512500   881.9   265.5  16.1 0.000
277.004167 277.014583   966.0   290.8  17.5 0.000
277.506944 277.517361  1118.8   336.8  20.1 0.000
278.009028 278.019444  1003.2   302.0  18.1 0.000
278.511111 278.521528  1240.3   373.4  22.2 0.000
279.013889 279.024306  2034.7   612.5  36.0 0.000
279.497222 279.507639  1816.2   546.7  32.2 0.000
280.000000 280.010417  2013.6   606.1  35.7 0.000
280.499306 280.509722  1869.8   562.9  33.2 0.000
281.002083 281.012500  1588.4   478.2  28.3 0.000
281.493056 281.503472  1519.6   457.4  27.1 0.000
281.993750 282.004167  1175.0   353.7  21.1 0.000
282.495139 282.505556  1103.8   332.3  19.9 0.000
282.996528 283.006944  1010.3   304.1  18.3 0.000
283.495833 283.506250  1050.9   316.4  19.0 0.000
283.997222 284.007639  1076.9   324.2  19.4 0.000
284.412500 284.422917  1282.3   386.0  22.9 0.000
284.496528 284.506944  1193.1   359.2  21.4 0.000
284.580556 284.590972  1242.9   374.2  22.3 0.000
284.664583 284.675000  1268.0   381.7  22.7 0.000
284.748611 284.759028  1241.5   373.7  22.2 0.000
284.831944 284.842361  1193.6   359.3  21.4 0.000
284.915972 284.926389  1183.8   356.4  21.2 0.000
285.000000 285.010417  1219.9   367.2  21.9 0.000
285.084028 285.094444  1161.5   349.6  20.9 0.000
285.168056 285.178472  1122.1   337.8  20.2 0.000
285.252083 285.262500  1162.8   350.0  20.9 0.000
285.336111 285.346528  1145.2   344.7  20.6 0.000
285.420139 285.430556  1153.1   347.1  20.7 0.000
285.504167 285.514583  1141.1   343.5  20.5 0.000
285.588194 285.598611  1132.5   340.9  20.4 0.000
285.672917 285.683333  1151.8   346.7  20.7 0.000
285.756944 285.767361  1151.0   346.5  20.7 0.000
285.840972 285.851389  1156.6   348.2  20.8 0.000
285.925000 285.935417  1161.9   349.8  20.9 0.000
286.009722 286.020139  1117.4   336.4  20.1 0.000
286.094444 286.104861  1128.1   339.6  20.3 0.000
286.179167 286.189583  1122.0   337.8  20.2 0.000
286.264583 286.275000  1125.6   338.9  20.2 0.000
286.349306 286.359722  1153.6   347.3  20.7 0.000
286.429167 286.439583  1138.1   342.6  20.5 0.000
286.509028 286.519444  1211.8   364.8  21.7 0.000
286.578472 286.588889  1166.2   351.1  20.9 0.000
286.662500 286.672917  1215.4   365.9  21.8 0.000
286.746528 286.756944  1232.6   371.1  22.1 0.000
286.834722 286.845139  1395.0   419.9  24.9 0.000
287.496528 287.506944  1079.7   325.0  19.5 0.000
287.998611 288.009028  1071.7   322.6  19.3 0.000
288.986806 288.997222  1141.4   343.6  20.5 0.000
289.495833 289.506250  1146.5   573.8  17.5 0.000
289.996528 290.006944  1173.2   587.1  17.9 0.000
290.497222 290.507639  1211.4   606.2  18.5 0.000
290.997917 291.008333  1247.5   624.3  19.0 0.000
291.499306 291.509722   987.7   494.3  15.3 0.000
292.000694 292.011111   935.9   468.4  14.5 0.000
292.502083 292.512500   923.7   462.3  14.3 0.000
293.003472 293.013889   962.5   481.7  14.9 0.000
293.494444 293.504861  1190.2   595.6  18.2 0.000
293.996528 294.006944  1082.8   541.9  16.6 0.000
294.496528 294.506944  1147.0   574.0  17.5 0.000
294.998611 295.009028  1606.7   804.1  24.2 0.000
295.495833 295.506250  1748.7   875.1  26.3 0.000
295.997917 296.008333  1094.5   547.7  16.8 0.000
296.498611 296.509028  1242.3   621.7  18.9 0.000
297.000000 297.010417  1278.4   639.8  19.4 0.000
297.495833 297.506250  1264.9   633.0  19.3 0.000
297.997222 298.007639  1153.0   577.0  17.6 0.000
298.498611 298.509028   947.1   474.0  14.7 0.000
299.000000 299.010417   860.6   430.7  13.4 0.000
299.501389 299.511806  1294.8   648.0  19.7 0.000
300.002778 300.013194  1345.3   673.2  20.4 0.000
300.495833 300.506250  1383.6   692.4  21.0 0.000
300.997222 301.007639  1328.8   665.0  20.2 0.000
301.498611 301.509028  1601.6   801.5  24.2 0.000
302.000000 302.010417  1560.0   780.7  23.5 0.000
302.495139 302.505556  1418.0   709.6  21.5 0.000
302.997222 303.007639  1443.9   722.6  21.9 0.000
303.536806 303.547222  1586.6   794.0  23.9 0.000
304.493056 304.503472  1321.6   661.4  20.9 0.000
304.994444 305.004861  1119.7   560.4  17.8 0.000
305.495139 305.505556  1107.3   554.2  17.6 0.000
305.997222 306.007639  1171.8   586.4  18.6 0.000
306.498611 306.509028  1577.9   789.7  24.9 0.000
307.000000 307.010417  1377.9   689.6  21.8 0.000
307.493750 307.504167  1500.0   750.7  23.7 0.000
307.995833 308.006250  1828.9   915.3  28.9 0.000
308.493056 308.503472  1599.7   800.6  25.3 0.000
308.995139 309.005556  1721.9   861.7  27.2 0.000
309.928472 309.938889  1518.1   759.8  24.0 0.000
310.493056 310.503472  1080.5   540.7  17.2 0.000
310.994444 311.004861  1141.0   571.0  18.1 0.000
311.496528 311.506944   975.7   488.3  15.5 0.000
311.997917 312.008333  1255.0   628.1  19.9 0.000
312.500000 312.510417  1433.8   717.6  22.7 0.000
313.002083 313.012500  1460.8   731.1  23.1 0.000
313.504167 313.514583  1587.8   794.6  25.1 0.000
314.006250 314.016667  1694.4   848.0  26.8 0.000
314.497222 314.507639  1563.2   782.3  24.7 0.000
314.997222 315.007639  1631.0   816.3  25.8 0.000
315.497222 315.507639  1610.2   805.8  25.4 0.000
315.997917 316.008333  1687.4   844.5  26.7 0.000
316.493750 316.504167  1740.2   870.9  27.5 0.000
316.992361 317.002778  1702.3   851.9  26.9 0.000
317.497222 317.507639  1766.4   884.0  27.9 0.000
317.996528 318.006944  1897.4   949.6  29.9 0.000
318.497222 318.507639  1942.2   972.0  30.6 0.000
318.995833 319.006250  2070.7  1036.3  32.7 0.000
319.495139 319.505556  2026.3  1014.1  32.0 0.000
319.994444 320.004861  2077.7  1039.8  32.8 0.000
320.493056 320.503472  1992.2   997.0  31.4 0.000
320.992361 321.002778  1788.2   894.9  28.2 0.000
321.496528 321.506944  1584.6   793.0  25.0 0.000
321.997222 322.007639  1455.9   728.6  23.0 0.000
322.494444 322.504861  2425.0  1213.6  38.2 0.000
322.995139 323.005556  2439.6  1220.9  38.4 0.000
323.497222 323.507639  2692.8  1347.6  42.4 0.000
323.997917 324.008333  2757.2  1379.9  43.4 0.000
324.498611 324.509028  2779.2  1390.9  43.8 0.000
324.999306 325.009722  2745.7  1374.1  43.2 0.000
325.497917 325.508333  2546.5  1274.4  40.1 0.000
325.998611 326.009028  2410.4  1206.3  38.0 0.000
326.499306 326.509722  2750.7  1376.6  43.3 0.000
327.000000 327.010417  2705.9  1354.2  42.6 0.000
327.500694 327.511111  2153.2  1077.6  33.9 0.000
328.001389 328.011806  1809.1   905.4  28.6 0.000
328.500000 328.510417  1677.4   839.5  26.5 0.000
329.000000 329.010417  1750.0   875.8  27.6 0.000
329.498611 329.509028  1852.9   927.3  29.2 0.000
329.998611 330.009028  1816.2   909.0  28.7 0.000
330.497222 330.507639  1866.3   934.0  29.5 0.000
330.997222 331.007639  1815.6   908.6  28.7 0.000
331.497222 331.507639  1872.6   937.2  29.6 0.000
331.995833 332.006250  2080.9  1041.4  32.8 0.000
332.496528 332.506944  1990.5   996.2  31.4 0.000
332.995833 333.006250  1921.4   961.6  30.3 0.000
333.495833 333.506250  1810.1   905.9  28.6 0.000
333.995833 334.006250  1694.4   848.0  26.8 0.000
334.495833 334.506250  1710.9   856.5  25.5 0.000
334.995139 335.005556  1749.2   875.6  26.1 0.000
335.494444 335.504861  1783.2   892.6  26.6 0.000
335.994444 336.004861  1600.8   801.3  23.9 0.000
336.498611 336.509028  1381.9   691.8  20.7 0.000
336.998611 337.009028  1135.2   568.3  17.1 0.000
337.497222 337.507639  1317.0   659.3  19.7 0.000
337.997222 338.007639  2149.0  1075.7  32.0 0.000
338.501389 338.511806  1997.6  1000.0  29.8 0.000
339.002083 339.012500  1769.7   885.9  26.4 0.000
339.497222 339.507639  1857.4   929.8  27.7 0.000
339.998611 340.009028  1874.5   938.3  28.0 0.000
340.499306 340.509722  1793.5   897.8  26.8 0.000
341.000000 341.010417  1742.8   872.4  26.0 0.000
341.500694 341.511111  1568.1   785.0  23.4 0.000
342.001389 342.011806  1618.4   810.1  24.2 0.000
342.496528 342.506944  1491.1   746.4  22.3 0.000
342.996528 343.006944  1110.1   555.7  16.7 0.000
343.497917 343.508333  1173.9   587.6  17.6 0.000
343.997917 344.008333  1335.8   668.7  20.0 0.000
344.495139 344.505556  1363.2   682.4  20.4 0.000
344.993750 345.004167  1312.9   657.2  19.7 0.000
345.552778 345.563194  1557.5   779.7  23.3 0.000
346.051389 346.061806  1248.6   625.0  18.7 0.000
346.496528 346.506944  1254.5   628.0  18.8 0.000
346.996528 347.006944  1233.8   617.6  18.5 0.000
347.496528 347.506944  1318.7   660.1  19.8 0.000
347.996528 348.006944  1869.7   935.9  27.9 0.000
348.497222 348.507639  1610.1   806.0  24.0 0.000
348.997222 349.007639  1472.8   737.3  22.0 0.000
349.493056 349.503472  1536.1   769.0  23.0 0.000
349.992361 350.002778  1481.6   741.7  22.2 0.000
350.529861 350.540278  1332.5   667.0  20.0 0.000
351.029167 351.039583  1435.5   718.6  21.5 0.000
351.495833 351.506250  1488.9   745.3  22.3 0.000
351.995833 352.006250  1503.2   752.5  22.5 0.000
352.497222 352.507639  1509.0   755.4  22.6 0.000
352.997222 353.007639  1767.9   885.0  26.4 0.000
353.497222 353.507639  1727.4   864.7  25.8 0.000
353.997222 354.007639  1650.3   826.1  24.6 0.000
354.497917 354.508333  1691.9   846.9  25.3 0.000
354.998611 355.009028  1706.2   854.1  25.5 0.000
355.498611 355.509028  1557.2   779.5  23.3 0.000
355.999306 356.009722  1553.8   777.8  23.2 0.000
356.494444 356.504861  1815.3   908.7  27.1 0.000
356.995833 357.006250  1280.9   641.2  19.2 0.000
357.497222 357.507639  1350.9   676.2  20.2 0.000
357.997917 358.008333  1426.7   714.2  21.3 0.000
358.499306 358.509722  1428.8   715.2  21.4 0.000
359.000000 359.010417  1975.7   989.0  29.4 0.000
359.501389 359.511806  2006.1  1004.2  29.9 0.000
360.002083 360.012500  2026.8  1014.6  30.2 0.000
360.497222 360.507639  2002.5  1002.4  29.8 0.000
360.997917 361.008333  1505.9   753.8  22.5 0.000
361.498611 361.509028  1795.6   898.9  26.8 0.000
361.998611 362.009028  1766.4   884.2  26.4 0.000
362.499306 362.509722  1946.6   974.4  29.0 0.000
362.999306 363.009722  1991.2   996.7  29.7 0.000
363.493056 363.503472  2105.6  1054.0  31.4 0.000
363.993056 364.003472  1985.7   994.0  29.6 0.000
364.493056 364.503472  2207.7  1105.1  32.9 0.000
364.992361 365.002778  1884.3   943.2  28.1 0.000
