data/obs/c2h6/WDCGG/event/DE0043G.20101231235600.20170621000000.online_gc.ethane.air.1y.12h.DE09L_Varian_GC-3800-FID_HPB_C2-C8-hydrocarb.DE09L_Measurements_of_Hydrocarbons_GC-3800.lev2.nas
74 1001
Claude, Anja; Plass-Duelmer, Christian
DE09L, Deutscher Wetterdienst, DWD, Met. Obs., Hohenspeissenberg, , 82283, Hohenspeissenberg, Germany
Claude, Anja
ACTRIS EMEP GAW-WDCRG
1 1
2011 01 01 2017 06 21
0
days from file reference point
5
1 1 1 1 1
999.999999 99999.9 9999.9 9999.9 9.999
end_time of measurement, days from the file reference point
ethane, pmol/mol, Statistics=arithmetic mean
ethane, pmol/mol, Statistics=expanded uncertainty 2sigma
ethane, pmol/mol, Statistics=precision
numflag, no unit
0
55
Data definition:              EBAS_1.1
Set type code:                TI
Timezone:                     UTC
File name:                    DE0043G.20101231235600.20170621000000.online_gc.ethane.air.1y.12h.DE09L_Varian_GC-3800-FID_HPB_C2-C8-hydrocarb.DE09L_Measurements_of_Hydrocarbons_GC-3800.lev2.nas
File creation:                20190306184600
Startdate:                    20101231235600
Revision date:                20170621000000
Version:                      3
Version description:          2nd revision 2017, manually inspected, 2017 header
Data level:                   2
Period code:                  1y
Resolution code:              12h
Sample duration:              15mn
Orig. time res.:              15mn
Station code:                 DE0043G
Platform code:                DE0043S
Station name:                 Hohenpeissenberg
Station WDCA-ID:              GAWADE__HPB
Station GAW-ID:               HPB
Station GAW-Name:             Hohenpeissenberg
Station land use:             Grassland
Station setting:              Mountain
Station GAW type:             G
Station WMO region:           6
Station latitude:             47.8014984131
Station longitude:            11.0096197128
Station altitude:             985.0m
Measurement altitude:         1000.0m
Measurement height:           15.0m
Regime:                       IMG
Component:                    ethane
Unit:                         pmol/mol
Matrix:                       air
Instrument type:              online_gc
Laboratory code:              DE09L
Instrument name:              Varian_GC-3800-FID_HPB_C2-C8-hydrocarb
Instrument manufacturer:      Varian
Instrument model:             GC-3800
Instrument serial number:     104633
Method ref:                   DE09L_Measurements_of_Hydrocarbons_GC-3800
Standard method:              SOP=ACTRIS_VOC_2014
Calibration scale:            NPL
Calibration standard ID:      Manufacturer NPL (quantum passivated cylinder form Air products); Batch D641624
Inlet type:                   Hat or hood
Inlet description:            Downward facing with hood
Detection limit expl.:        Determined by multiple peak integration of zero gas measurements, detection limit flag 147 is used for values under detection  limit defined as 3-sigma precision
Measurement uncertainty expl.: "Includes reproducibility (precision) + systematic errors (accuracy). Ref:http://www.atmos-meas-tech.net/8/2715/2015/"
Zero/negative values code:    Zero/negative possible
Zero/negative values:         Zero and neg. values may appear due to statistical variations at very low concentrations
Originator:                   Claude, Anja, anja.claude@dwd.de, Deutscher Wetterdienst, DWD, Hohenpeissenberg Meteorological Observatory, Albin-Schwaiger-Weg 10, , D-82383, Hohenpeissenberg, Germany
Originator:                   Plass-Duelmer, Christian, , , , , , , , , 
Submitter:                    Claude, Anja, anja.claude@dwd.de, Deutscher Wetterdienst, DWD, Hohenpeissenberg Meteorological Observatory, Albin-Schwaiger-Weg 10, , D-82383, Hohenpeissenberg, Germany
Acknowledgement:              Request acknowledgement details from data originator
Comment:                      preconcentration on glass beeds (-197\B0C), o3 removed, cryo-dryer at -40\B0C, 2 week calibration interval,two target gases were used.
starttime endtime C2H6 C2H6 C2H6 flag
[from data line 321]
137.849306 137.859722   984.7   28.9   20.6 0.000
137.898611 137.909028  1001.4   29.4   20.9 0.000
137.982639 137.993056   940.3   27.6   19.7 0.000
138.067361 138.077778   957.3   28.1   20.0 0.000
138.151389 138.161806   985.8   28.9   20.6 0.000
138.236111 138.246528   988.0   29.0   20.6 0.000
138.495139 138.505556   964.0   28.3   20.2 0.000
138.995139 139.005556  1060.6   31.0   22.1 0.000
139.495833 139.506250  1082.2   31.7   22.5 0.000
139.996528 140.006944  1069.7   31.3   22.2 0.000
140.496528 140.506944   990.7   29.1   20.7 0.000
140.997222 141.007639  1028.6   30.1   21.4 0.000
141.497222 141.507639  1015.9   29.8   21.2 0.000
141.997222 142.007639  1072.4   31.4   22.3 0.000
142.520139 142.530556 99999.9 9999.9 9999.9 0.999
143.020139 143.030556  1075.7   31.5   22.4 0.000
143.494444 143.504861   971.9   28.5   20.3 0.000
143.994444 144.004861  1086.7   31.8   22.6 0.000
144.497222 144.507639  1316.2   38.3   27.1 0.000
144.997917 145.008333  1192.8   34.8   24.7 0.000
145.495139 145.505556  1112.1   32.5   23.1 0.000
145.995139 146.005556   973.1   28.6   20.3 0.000
146.495139 146.505556  1250.3   36.5   25.8 0.000
146.995139 147.005556  1255.3   36.6   25.9 0.000
149.497222 149.507639  1030.2   30.2   21.5 0.000
149.997917 150.008333  1081.5   31.6   22.5 0.000
150.490278 150.500694  1006.4   29.5   21.0 0.000
150.990972 151.001389  1534.2   44.2   31.8 0.000
151.493750 151.504167  1319.6   38.1   27.5 0.000
151.993056 152.003472  1309.9   37.8   27.3 0.000
152.493056 152.503472  1332.2   38.5   27.8 0.000
152.993056 153.003472  1287.6   37.2   26.8 0.000
153.493056 153.503472  1262.2   36.5   26.4 0.000
153.993056 154.003472  1391.5   40.1   28.9 0.000
154.493056 154.503472  1337.9   38.6   27.8 0.000
154.992361 155.002778  1202.9   34.8   25.2 0.000
155.492361 155.502778  1155.3   33.5   24.3 0.000
155.993056 156.003472  1009.6   29.5   21.5 0.000
156.496528 156.506944  1009.9   29.5   21.5 0.000
156.997222 157.007639   960.1   28.1   20.5 0.000
157.494444 157.504861   957.8   28.0   20.4 0.000
157.995139 158.005556  1012.3   29.5   21.5 0.000
158.496528 158.506944  1002.8   29.2   21.3 0.000
158.995833 159.006250  1158.8   33.6   24.4 0.000
159.495833 159.506250  1210.7   35.0   25.3 0.000
159.995833 160.006250  1295.5   37.4   27.0 0.000
160.496528 160.506944  1229.0   35.6   25.7 0.000
160.996528 161.006944  1197.5   34.7   25.1 0.000
161.496528 161.506944  1061.1   30.9   22.4 0.000
161.997222 162.007639   957.5   28.0   20.4 0.000
162.497222 162.507639   949.1   27.8   20.3 0.000
162.997222 163.007639   946.0   27.7   20.2 0.000
163.497222 163.507639   975.1   28.5   20.8 0.000
163.997222 164.007639   828.5   24.5   18.0 0.000
164.504861 164.515278   756.5   22.5   16.7 0.000
165.004861 165.015278   720.2   21.5   15.9 0.000
165.493750 165.504167   730.7   21.8   16.2 0.000
165.993750 166.004167   745.8   22.2   16.4 0.000
166.259028 166.269444   770.5   22.9   16.9 0.000
166.308333 166.318750   776.4   23.0   17.0 0.000
166.357639 166.368056   766.1   22.7   16.8 0.000
166.406944 166.417361   749.3   22.3   16.5 0.000
166.490278 166.500694   736.3   21.9   16.2 0.000
166.573611 166.584028   773.1   22.9   16.9 0.000
166.656944 166.667361   805.2   23.8   17.6 0.000
166.740972 166.751389   834.7   24.7   18.1 0.000
166.789583 166.800000   832.6   24.6   18.1 0.000
166.838889 166.849306   825.7   24.4   17.9 0.000
166.888194 166.898611   794.8   23.5   17.3 0.000
166.971528 166.981944   776.7   23.0   17.0 0.000
167.065972 167.076389   796.5   23.6   17.4 0.000
167.149306 167.159722   800.9   23.7   17.4 0.000
167.233333 167.243750   799.9   23.7   17.5 0.000
167.997917 168.008333   922.3   27.1   19.8 0.000
168.498611 168.509028   846.6   25.0   18.3 0.000
168.998611 169.009028   869.0   25.6   18.8 0.000
169.499306 169.509722   871.9   25.7   18.8 0.000
170.000694 170.011111   875.1   25.8   18.9 0.000
170.496528 170.506944   827.4   24.4   17.9 0.000
170.997222 171.007639   770.1   22.9   16.9 0.000
171.996528 172.006944   735.0   21.9   16.2 0.000
172.494444 172.504861   724.5   21.6   16.0 0.000
172.994444 173.004861   674.5   20.2   15.1 0.000
173.494444 173.504861   786.4   23.3   17.2 0.000
173.994444 174.004861   817.3   24.1   17.7 0.000
177.495139 177.505556   616.5   18.7   14.1 0.000
177.995139 178.005556   801.2   23.7   17.5 0.000
178.495833 178.506250   726.6   21.7   16.1 0.000
178.996528 179.006944   698.1   20.9   15.5 0.000
179.497222 179.507639   678.5   20.4   15.2 0.000
179.997222 180.007639   797.8   23.6   17.5 0.000
180.496528 180.506944  1079.2   31.4   22.8 0.000
180.996528 181.006944   955.3   28.6   21.2 0.000
181.495833 181.506250   977.7   29.1   21.6 0.000
181.996528 182.006944   988.5   29.4   21.8 0.000
182.496528 182.506944   958.5  100.0   98.2 0.000
182.997222 183.007639  1130.2   33.3   24.4 0.000
183.497917 183.508333   939.4   98.1   96.2 0.000
183.998611 184.009028   878.0   26.4   19.7 0.000
184.495833 184.506250   845.7   25.5   19.1 0.000
184.996528 185.006944   963.4   28.7   21.3 0.000
185.496528 185.506944   934.8   28.0   20.8 0.000
185.997917 186.008333   917.2   95.7   94.0 0.000
186.494444 186.504861   902.3   94.2   92.5 0.000
186.995833 187.006250   825.5   25.0   18.8 0.000
187.486111 187.496528   820.0   85.7   84.1 0.000
187.987500 187.997917   850.1   88.8   87.2 0.000
188.497917 188.508333   773.5   80.9   79.4 0.000
188.998611 189.009028   783.0   81.9   80.3 0.000
189.500000 189.510417   769.0   23.6   17.9 0.000
190.000694 190.011111   773.7   23.6   17.9 0.000
190.502083 190.512500   707.4   74.1   72.7 0.000
191.003472 191.013889   717.8   22.2   16.9 0.000
191.504167 191.514583   720.8   75.4   74.0 0.000
192.005556 192.015972   745.5   22.9   17.3 0.000
192.497917 192.508333   762.3   79.7   78.3 0.000
192.999306 193.009722 99999.9 9999.9 9999.9 0.999
193.495833 193.506250   727.8   22.4   17.0 0.000
193.995833 194.006250   769.5   23.5   17.8 0.000
195.495139 195.505556   910.3   27.3   20.4 0.000
195.995139 196.005556   904.6   94.4   92.7 0.000
196.495139 196.505556   786.7   82.2   80.7 0.000
196.995139 197.005556   829.5   25.1   18.8 0.000
197.495139 197.505556   834.7   25.3   19.1 0.000
197.995833 198.006250   698.1   21.7   16.6 0.000
198.497917 198.508333   706.6   21.9   16.7 0.000
198.997917 199.008333   701.1   73.4   72.1 0.000
199.993056 200.003472   704.8   21.9   16.8 0.000
200.496528 200.506944   759.2   23.3   17.6 0.000
200.996528 201.006944   788.5   82.4   80.9 0.000
201.493750 201.504167   718.4   75.2   73.8 0.000
201.993750 202.004167   659.7   20.6   15.9 0.000
202.495833 202.506250   642.7   67.4   66.1 0.000
202.996528 203.006944   741.2   22.8   17.3 0.000
203.497222 203.507639   960.2   28.6   21.2 0.000
203.997917 204.008333   888.7   26.7   19.9 0.000
204.498611 204.509028   827.1   25.1   18.8 0.000
204.999306 205.009722   752.6   23.1   17.5 0.000
205.492361 205.502778   711.8   74.5   73.1 0.000
205.993056 206.003472   708.2  213.6  213.1 0.000
206.493056 206.503472   693.0   21.5   16.5 0.000
206.993750 207.004167   712.6   22.1   16.9 0.000
207.495139 207.505556   695.6   72.8   71.5 0.000
207.994444 208.004861   786.9   24.0   18.1 0.000
208.496528 208.506944   785.1   23.9   18.0 0.000
208.996528 209.006944   745.5   22.9   17.4 0.000
209.263194 209.273611   784.4   82.0   80.5 0.000
209.312500 209.322917   788.5   82.4   80.9 0.000
209.361806 209.372222   775.1   23.7   17.9 0.000
209.411111 209.421528   774.4   23.7   17.9 0.000
209.493750 209.504167   756.4   23.2   17.5 0.000
209.577083 209.587500   740.0   22.7   17.2 0.000
209.660417 209.670833   755.5   23.2   17.6 0.000
209.743750 209.754167   789.2   24.1   18.2 0.000
209.793056 209.803472   725.9  218.9  218.4 0.000
209.842361 209.852778   709.6  214.0  213.5 0.000
209.891667 209.902083   726.9   22.5   17.1 0.000
209.975000 209.985417   759.8   23.3   17.7 0.000
210.058333 210.068750   807.7   24.5   18.4 0.000
210.141667 210.152083   848.6   25.7   19.3 0.000
210.225000 210.235417   964.7   28.8   21.3 0.000
210.483333 210.493750  1008.7   29.9   22.1 0.000
210.984028 210.994444   967.6   28.8   21.4 0.000
211.484028 211.494444   894.7   26.9   20.0 0.000
211.984028 211.994444  1014.9   28.9   20.6 0.000
212.495833 212.506250   987.4   28.2   20.1 0.000
212.996528 213.006944   951.9   27.2   19.4 0.000
213.495139 213.505556   861.0   24.6   17.5 0.000
213.996528 214.006944   821.1   23.4   16.7 0.000
214.537500 214.547917   801.3   22.9   16.3 0.000
214.996528 215.006944   741.5   21.2   15.1 0.000
215.495833 215.506250   544.0   31.4   29.4 0.000
216.496528 216.506944   620.2   17.8   12.7 0.000
216.997222 217.007639   515.5   14.8   10.6 0.000
217.497917 217.508333   538.0   15.4   11.1 0.000
217.999306 218.009722   567.1   16.3   11.7 0.000
218.500694 218.511111   621.4   17.8   12.7 0.000
219.002778 219.013194   580.8   16.6   11.9 0.000
219.577083 219.587500   636.7   18.2   13.0 0.000
219.995833 220.006250   615.4   17.6   12.6 0.000
220.499306 220.509722   595.0   17.0   12.2 0.000
221.002778 221.013194   724.3   20.7   14.8 0.000
221.958333 221.968750   758.8   21.7   15.5 0.000
222.495833 222.506250   703.7   20.1   14.4 0.000
222.996528 223.006944   681.5   19.5   13.9 0.000
223.495833 223.506250   686.2   19.6   14.0 0.000
223.996528 224.006944   604.5   17.3   12.4 0.000
224.497917 224.508333   512.0   14.7   10.5 0.000
224.998611 225.009028   543.9   15.6   11.2 0.000
225.500000 225.510417   584.9   16.8   12.0 0.000
226.001389 226.011806   591.1   16.9   12.1 0.000
226.502778 226.513194   565.1   16.2   11.6 0.000
227.004167 227.014583   645.0   18.4   13.2 0.000
227.494444 227.504861   592.2   17.0   12.1 0.000
227.995139 228.005556   613.2   17.6   12.6 0.000
228.502083 228.512500   608.4   17.4   12.5 0.000
229.003472 229.013889   664.1   19.0   13.6 0.000
229.496528 229.506944   622.5   17.8   12.8 0.000
230.495139 230.505556   616.8   17.7   12.6 0.000
230.995139 231.005556   601.3   17.2   12.3 0.000
231.495833 231.506250   602.7   17.3   12.4 0.000
231.996528 232.006944   570.3   16.3   11.7 0.000
232.497222 232.507639   512.3   14.7   10.5 0.000
232.997917 233.008333   541.2   15.5   11.1 0.000
234.497222 234.507639   551.2   15.8   11.3 0.000
234.997222 235.007639   653.4   18.7   13.4 0.000
235.494444 235.504861   654.5   18.7   13.4 0.000
235.995139 236.005556   620.8   17.8   12.7 0.000
236.495139 236.505556 99999.9 9999.9 9999.9 0.999
236.995139 237.005556   721.5   20.6   14.7 0.000
237.495139 237.505556   618.8   17.7   12.7 0.000
237.995139 238.005556   653.3   18.7   13.4 0.000
238.263889 238.274306   644.1   18.4   13.2 0.000
238.313194 238.323611   623.2   17.8   12.8 0.000
238.361806 238.372222   610.7   17.5   12.5 0.000
238.411111 238.421528   608.4   17.4   12.5 0.000
238.494444 238.504861   624.6   17.9   12.8 0.000
238.577778 238.588194   598.4   17.1   12.3 0.000
238.661806 238.672222   602.8   17.3   12.4 0.000
238.745139 238.755556   622.3   17.8   12.8 0.000
238.794444 238.804861   615.0   17.6   12.6 0.000
238.843750 238.854167   613.4   17.6   12.6 0.000
238.892361 238.902778   618.3   17.7   12.7 0.000
238.976389 238.986806   621.4   17.8   12.7 0.000
239.059722 239.070139   604.9   17.3   12.4 0.000
239.143056 239.153472   616.0   17.6   12.6 0.000
239.226389 239.236806   612.4   17.5   12.5 0.000
239.495833 239.506250   592.0   17.0   12.1 0.000
239.995833 240.006250   610.5   17.5   12.5 0.000
240.491667 240.502083   657.3   18.8   13.4 0.000
240.991667 241.002083   657.9   18.8   13.5 0.000
241.495139 241.505556   703.5   20.1   14.4 0.000
241.996528 242.006944   769.9   22.0   15.7 0.000
242.493056 242.503472   667.0   19.1   13.6 0.000
242.993750 243.004167   704.1   20.4   14.8 0.000
243.492361 243.502778   679.2   19.7   14.3 0.000
243.992361 244.002778   554.9   57.8   56.8 0.000
244.492361 244.502778   557.9   16.4   12.0 0.000
244.993056 245.003472   500.3   14.7   10.7 0.000
245.493750 245.504167   558.3   16.4   12.0 0.000
245.994444 246.004861   593.7   17.4   12.7 0.000
246.495139 246.505556   686.7   19.9   14.5 0.000
246.996528 247.006944   621.7   18.1   13.2 0.000
247.489583 247.500000   681.8   19.8   14.4 0.000
247.990972 248.001389   626.2   18.3   13.3 0.000
248.490972 248.501389   633.1   18.4   13.4 0.000
248.990278 249.000694   642.1   18.7   13.6 0.000
249.495139 249.505556   761.6   22.0   15.9 0.000
249.995139 250.005556   660.0   19.2   13.9 0.000
250.495833 250.506250   682.9   19.8   14.4 0.000
250.995833 251.006250   723.6   21.0   15.2 0.000
251.497222 251.507639   613.0   63.9   62.7 0.000
251.997222 252.007639   569.2   16.7   12.2 0.000
252.497222 252.507639   607.8   17.8   12.9 0.000
252.997222 253.007639   626.4   65.3   64.0 0.000
253.497917 253.508333   793.0   22.9   16.5 0.000
253.997917 254.008333   639.2   18.6   13.6 0.000
254.492361 254.502778   646.0   67.3   66.0 0.000
254.993056 255.003472   680.6   19.8   14.4 0.000
255.494444 255.504861   574.7   16.8   12.3 0.000
255.995139 256.005556   584.9   17.1   12.5 0.000
256.495833 256.506250   751.4   21.7   15.7 0.000
256.996528 257.006944   717.0   20.8   15.0 0.000
257.493056 257.503472   750.5   21.7   15.7 0.000
257.993056 258.003472   748.7   21.7   15.7 0.000
258.493750 258.504167   789.1   22.8   16.5 0.000
258.994444 259.004861   718.9   20.8   15.1 0.000
259.495139 259.505556   638.5   18.6   13.5 0.000
259.995833 260.006250   642.1   66.9   65.6 0.000
260.496528 260.506944   788.6   22.8   16.4 0.000
260.997222 261.007639   706.9   73.6   72.2 0.000
261.491667 261.502083   706.2   20.5   14.9 0.000
261.992361 262.002778   716.6   20.8   15.1 0.000
262.496528 262.506944   856.4   24.7   17.8 0.000
262.997222 263.007639   760.6   22.0   15.9 0.000
263.501389 263.511806   829.5   24.0   17.3 0.000
264.002778 264.013194   887.8   25.6   18.4 0.000
264.502083 264.512500  1000.8   28.8   20.7 0.000
265.002778 265.013194   915.8   95.3   93.5 0.000
265.493056 265.503472   878.8   25.3   18.2 0.000
265.992361 266.002778   899.8   25.9   18.7 0.000
266.498611 266.509028   909.1   26.2   18.8 0.000
266.997917 267.008333   877.1   25.3   18.2 0.000
267.498611 267.509028   876.5   91.2   89.5 0.000
267.998611 268.009028   899.0   25.9   18.6 0.000
268.495139 268.505556   868.6   25.0   18.0 0.000
268.995139 269.005556  1008.2   29.0   20.8 0.000
269.495139 269.505556  1014.3   29.1   20.9 0.000
269.995139 270.005556  1137.0   32.6   23.4 0.000
270.495139 270.505556   818.0   23.6   17.0 0.000
270.995139 271.005556   996.9   28.7   20.6 0.000
271.495833 271.506250   999.3   28.7   20.6 0.000
271.995833 272.006250  1033.5   29.7   21.3 0.000
272.496528 272.506944   990.9   28.5   20.5 0.000
272.996528 273.006944   959.0   29.0   21.7 0.000
273.497222 273.507639  1032.9   31.0   23.1 0.000
273.997917 274.008333  1033.6   31.0   23.0 0.000
274.499306 274.509722  1016.4   30.5   22.8 0.000
275.000000 275.010417  1047.1   31.3   23.3 0.000
275.500694 275.511111   925.4   28.1   21.1 0.000
276.002083 276.012500  1122.6   33.4   24.8 0.000
276.495833 276.506250  1015.1   30.5   22.8 0.000
276.996528 277.006944  1074.4   32.1   23.8 0.000
277.496528 277.506944  1019.9   30.6   22.9 0.000
277.997917 278.008333   961.2   29.0   21.7 0.000
278.496528 278.506944   832.1   25.6   19.5 0.000
278.995833 279.006250   840.8   25.8   19.6 0.000
279.495833 279.506250   830.3   25.6   19.4 0.000
279.995833 280.006250   905.9   27.6   20.8 0.000
280.495833 280.506250   876.3   26.8   20.3 0.000
280.995833 281.006250  1030.0   30.9   23.0 0.000
281.496528 281.506944   940.3   28.5   21.4 0.000
281.996528 282.006944   982.4   29.6   22.1 0.000
282.498611 282.509028   739.9   23.2   17.8 0.000
282.998611 283.009028   616.5   20.1   15.8 0.000
283.495833 283.506250   502.4   17.3   14.1 0.000
283.995833 284.006250   748.8   23.4   18.0 0.000
284.495139 284.505556   694.9   22.0   17.1 0.000
284.995833 285.006250   675.4   21.6   16.8 0.000
