data/obs/c2h6/WDCGG/event/DE0043G.20130101000600.20170411000000.online_gc.ethane.air.1y.12h.DE09L_Varian_GC-3800-FID_HPB_C2-C8-hydrocarb.DE09L_Measurements_of_Hydrocarbons_GC-3800.lev2.nas
74 1001
Claude, Anja; Plass-Duelmer, Christian
DE09L, Deutscher Wetterdienst, DWD, Met. Obs., Hohenspeissenberg, , 82283, Hohenspeissenberg, Germany
Claude, Anja
ACTRIS EMEP GAW-WDCRG
1 1
2013 01 01 2017 04 11
0
days from file reference point
5
1 1 1 1 1
999.999999 99999.9 99999.9 999.9 9.999
end_time of measurement, days from the file reference point
ethane, pmol/mol, Statistics=arithmetic mean
ethane, pmol/mol, Statistics=expanded uncertainty 2sigma
ethane, pmol/mol, Statistics=precision
numflag, no unit
0
55
Data definition:              EBAS_1.1
Set type code:                TI
Timezone:                     UTC
File name:                    DE0043G.20130101000600.20170411000000.online_gc.ethane.air.1y.12h.DE09L_Varian_GC-3800-FID_HPB_C2-C8-hydrocarb.DE09L_Measurements_of_Hydrocarbons_GC-3800.lev2.nas
File creation:                20190306184600
Startdate:                    20130101000600
Revision date:                20170411000000
Version:                      3
Version description:          2nd revision 2017, manually inspected, 2017 header
Data level:                   2
Period code:                  1y
Resolution code:              12h
Sample duration:              15mn
Orig. time res.:              15mn
Station code:                 DE0043G
Platform code:                DE0043S
Station name:                 Hohenpeissenberg
Station WDCA-ID:              GAWADE__HPB
Station GAW-ID:               HPB
Station GAW-Name:             Hohenpeissenberg
Station land use:             Grassland
Station setting:              Mountain
Station GAW type:             G
Station WMO region:           6
Station latitude:             47.8014984131
Station longitude:            11.0096197128
Station altitude:             985.0m
Measurement altitude:         1000.0m
Measurement height:           15.0m
Regime:                       IMG
Component:                    ethane
Unit:                         pmol/mol
Matrix:                       air
Instrument type:              online_gc
Laboratory code:              DE09L
Instrument name:              Varian_GC-3800-FID_HPB_C2-C8-hydrocarb
Instrument manufacturer:      Varian
Instrument model:             GC-3800
Instrument serial number:     104633
Method ref:                   DE09L_Measurements_of_Hydrocarbons_GC-3800
Standard method:              SOP=ACTRIS_VOC_2014
Calibration scale:            NPL
Calibration standard ID:      Manufacturer NPL (quantum passivated cylinder form Air products); Batch D910379
Inlet type:                   Hat or hood
Inlet description:            Downward facing with hood
Detection limit expl.:        Determined by multiple peak integration of zero gas measurements, detection limit flag 147 is used for values under detection  limit defined as 3-sigma precision
Measurement uncertainty expl.: "Includes reproducibility (precision) + systematic errors (accuracy). Ref:http://www.atmos-meas-tech.net/8/2715/2015/"
Zero/negative values code:    Zero/negative possible
Zero/negative values:         Zero and neg. values may appear due to statistical variations at very low concentrations
Originator:                   Claude, Anja, anja.claude@dwd.de, Deutscher Wetterdienst, DWD, Hohenpeissenberg Meteorological Observatory, Albin-Schwaiger-Weg 10, , D-82383, Hohenpeissenberg, Germany
Originator:                   Plass-Duelmer, Christian, , , , , , , , , 
Submitter:                    Claude, Anja, anja.claude@dwd.de, Deutscher Wetterdienst, DWD, Hohenpeissenberg Meteorological Observatory, Albin-Schwaiger-Weg 10, , D-82383, Hohenpeissenberg, Germany
Acknowledgement:              Request acknowledgement details from data originator
Comment:                      preconcentration on glass beeds (-197\B0C), o3 removed, cryo-dryer at -40\B0C, 2 week calibration interval.
starttime endtime C2H6 C2H6 C2H6 flag
  0.004167   0.014583  1643.9    47.2  33.3 0.000
  0.505556   0.515972  1947.4    55.9  39.5 0.000
  1.006944   1.017361  1714.5    49.2  34.8 0.000
  1.495139   1.505556  1913.3    54.9  38.8 0.000
  1.996528   2.006944  1941.4    55.7  39.4 0.000
  2.499306   2.509722  1876.1    53.8  38.0 0.000
  3.001389   3.011806  1671.5    48.0  33.9 0.000
  3.538194   3.548611  1665.8    47.8  33.8 0.000
  3.998611   4.009028  1496.4    42.9  30.3 0.000
  4.500694   4.511111  2026.4    58.1  41.1 0.000
  5.002778   5.013194  1955.7    56.1  39.6 0.000
  5.504861   5.515278  1774.8    50.9  36.0 0.000
  6.006944   6.017361  1810.3    51.9  36.7 0.000
  6.493750   6.504167  2015.1    57.8  40.8 0.000
  6.995139   7.005556  1972.7    56.6  40.0 0.000
  7.492361   7.502778  1734.8    49.8  35.2 0.000
  8.500000   8.510417  1516.5    43.5  30.8 0.000
  9.001389   9.011806  2285.3    65.5  46.3 0.000
  9.495833   9.506250  1653.9    47.5  33.5 0.000
  9.997222  10.007639  2237.7    64.2  45.3 0.000
 10.497222  10.507639  2410.9    69.1  48.8 0.000
 10.997917  11.008333  2516.3    72.2  51.0 0.000
 11.499306  11.509722  2357.2    67.6  47.7 0.000
 12.000694  12.011111  2537.8    72.8  51.4 0.000
 12.501389  12.511806  2468.7    70.8  50.0 0.000
 13.002778  13.013194  2612.3    74.9  52.9 0.000
 13.495833  13.506250  2468.6    70.8  50.0 0.000
 13.996528  14.006944  2486.0    71.3  50.3 0.000
 14.496528  14.506944  2731.6    78.3  55.3 0.000
 14.997917  15.008333  2061.6    59.1  41.8 0.000
 15.497222  15.507639  2809.8    80.6  56.9 0.000
 15.581250  15.591667  2859.9    82.0  57.9 0.000
 15.665972  15.676389  3151.7    90.4  63.8 0.000
 15.750694  15.761111  3313.1    95.0  67.1 0.000
 15.834722  15.845139  3314.3    95.0  67.1 0.000
 15.918750  15.929167  3397.5    97.4  68.8 0.000
 16.003472  16.013889  3581.8   102.7  72.5 0.000
 16.087500  16.097917  3519.2   100.9  71.2 0.000
 16.172222  16.182639  3498.5   100.3  70.8 0.000
 16.256944  16.267361  3596.9   103.1  72.8 0.000
 16.340972  16.351389  3570.2   102.4  72.3 0.000
 16.425694  16.436111  4541.4   130.2  91.9 0.000
 16.495833  16.506250  4600.5   131.9  93.1 0.000
 16.580556  16.590972  4035.5   115.7  81.7 0.000
 16.664583  16.675000  4011.2   115.0  81.2 0.000
 16.749306  16.759722  3989.8   114.4  80.8 0.000
 16.834028  16.844444  4068.2   116.6  82.4 0.000
 16.918750  16.929167  3997.3   114.6  80.9 0.000
 17.003472  17.013889  3917.0   112.3  79.3 0.000
 17.088194  17.098611  3720.9   106.7  75.3 0.000
 17.172917  17.183333  3808.0   109.2  77.1 0.000
 17.257639  17.268056  3812.8   109.3  77.2 0.000
 17.342361  17.352778  3636.0   104.3  73.6 0.000
 17.427083  17.437500  3618.9   103.8  73.3 0.000
 17.497222  17.507639  3577.8   102.6  72.4 0.000
 17.745139  17.755556  3738.1   107.2  75.7 0.000
 17.829167  17.839583  3805.0   109.1  77.0 0.000
 17.913194  17.923611  3814.3   109.4  77.2 0.000
 17.996528  18.006944  3833.6   109.9  77.6 0.000
 18.080556  18.090972  4014.5   115.1  81.3 0.000
 18.163889  18.174306  3884.6   111.4  78.7 0.000
 18.247917  18.258333  3281.9    94.1  66.5 0.000
 18.331250  18.341667  3266.6    93.7  66.2 0.000
 18.415278  18.425694  3943.4   113.1  79.8 0.000
 18.499306  18.509722  2449.4    70.3  49.6 0.000
 18.583333  18.593750  3339.3    95.8  67.6 0.000
 18.667361  18.677778  2656.4    76.2  53.8 0.000
 18.750694  18.761111  3123.2    89.6  63.2 0.000
 18.834722  18.845139  3663.4   105.0  74.2 0.000
 18.918750  18.929167  3501.7   100.4  70.9 0.000
 19.003472  19.013889  2587.8    74.2  52.4 0.000
 19.087500  19.097917  2927.7    84.0  59.3 0.000
 19.171528  19.181944  2965.1    85.0  60.1 0.000
 19.255556  19.265972  3035.1    87.0  61.5 0.000
 19.339583  19.350000  3013.9    86.4  61.0 0.000
 19.423611  19.434028  3043.8    87.3  61.6 0.000
 19.507639  19.518056  4206.1   120.6  85.2 0.000
 19.592361  19.602778  3833.5   109.9  77.6 0.000
 19.676389  19.686806  3129.0    89.7  63.4 0.000
 19.760417  19.770833  2829.0    81.1  57.3 0.000
 19.845139  19.855556  2639.6    75.7  53.5 0.000
 19.929167  19.939583  2760.8    79.2  55.9 0.000
 20.013889  20.024306  4051.0   116.2  82.0 0.000
 20.097917  20.108333  4071.3   116.7  82.4 0.000
 20.182639  20.193056  3908.6   112.1  79.1 0.000
 20.266667  20.277083  3959.7   113.5  80.2 0.000
 20.422917  20.433333  4139.3   118.7  83.8 0.000
 20.506944  20.517361  4620.1   132.5  93.6 0.000
 20.590278  20.600694  3927.1   112.6  79.5 0.000
 20.674306  20.684722  3622.8   103.9  73.4 0.000
 20.758333  20.768750  3084.1    88.5  62.5 0.000
 20.841667  20.852083  2712.5    77.8  54.9 0.000
 20.925694  20.936111  2375.3    68.1  48.1 0.000
 21.009722  21.020139  2233.4    64.1  45.3 0.000
 21.093750  21.104167  2215.8    63.6  44.9 0.000
 21.177778  21.188194  2196.4    63.0  44.5 0.000
 21.330556  21.340972  2292.2    65.8  46.4 0.000
 21.414583  21.425000  2378.2    68.2  48.2 0.000
 21.498611  21.509028  2565.3    73.6  52.0 0.000
 21.582639  21.593056  2450.1    70.3  49.6 0.000
 21.667361  21.677778  2545.3    73.0  51.6 0.000
 21.751389  21.761806  2540.3    72.9  51.5 0.000
 21.835417  21.845833  2509.6    72.0  50.9 0.000
 21.919444  21.929861  2488.0    71.4  50.4 0.000
 22.004167  22.014583  2454.3    70.4  49.7 0.000
 22.088194  22.098611  2356.4    67.6  47.8 0.000
 22.172917  22.183333  2243.3    64.4  45.5 0.000
 22.257639  22.268056  2225.9    63.8  45.1 0.000
 22.515972  22.526389  2552.6    73.2  51.7 0.000
 22.675694  22.686111  2436.7    69.9  49.4 0.000
 24.411111  24.421528  3983.7   114.2  80.7 0.000
 24.526389  24.536806  3856.0   110.6  78.1 0.000
 24.609722  24.620139  3963.7   113.7  80.3 0.000
 24.693056  24.703472  3811.5   109.3  77.2 0.000
 24.777083  24.787500  3579.8   102.7  72.5 0.000
 24.860417  24.870833  3623.3   103.9  73.4 0.000
 24.944444  24.954861  3772.7   108.2  76.4 0.000
 25.027778  25.038194  3889.4   111.5  78.8 0.000
 25.111806  25.122222  3911.4   112.2  79.2 0.000
 25.195833  25.206250  3861.4   110.7  78.2 0.000
 25.279861  25.290278  3958.7   113.5  80.2 0.000
 25.363194  25.373611  3745.8   107.4  75.9 0.000
 25.447222  25.457639  3415.5    97.9  69.2 0.000
 25.531250  25.541667  3136.3    89.9  63.5 0.000
 25.615278  25.625694  3141.2    90.1  63.6 0.000
 25.699306  25.709722  3008.1    86.3  60.9 0.000
 25.783333  25.793750  2639.3    75.7  53.5 0.000
 25.867361  25.877778  2416.3    69.3  49.0 0.000
 25.951389  25.961806  2175.2    62.4  44.1 0.000
 26.036111  26.046528  2079.8    59.7  42.2 0.000
 26.120833  26.131250  2069.9    59.4  42.0 0.000
 26.205556  26.215972  1961.9    56.3  39.8 0.000
 26.289583  26.300000  1782.0    51.1  36.1 0.000
 26.374306  26.384722  1783.7    51.2  36.2 0.000
 26.459028  26.469444  1823.3    52.3  37.0 0.000
 26.543750  26.554167  1879.5    53.9  38.1 0.000
 26.628472  26.638889  1885.1    54.1  38.2 0.000
 26.712500  26.722917  2030.7    58.3  41.2 0.000
 26.797222  26.807639  2101.0    60.3  42.6 0.000
 26.881944  26.892361  1990.3    57.1  40.3 0.000
 26.966667  26.977083  1987.5    57.0  40.3 0.000
 27.051389  27.061806  1933.3    55.5  39.2 0.000
 27.136111  27.146528  1976.8    56.7  40.1 0.000
 27.220833  27.231250  2091.2    60.0  42.4 0.000
 27.495833  27.506250  2246.7    64.4  45.5 0.000
 27.580556  27.590972  2304.0    66.1  46.7 0.000
 27.665278  27.675694  2255.1    64.7  45.7 0.000
 27.750000  27.760417  2258.0    64.8  45.8 0.000
 27.834028  27.844444  2237.1    64.2  45.3 0.000
 27.918750  27.929167  2231.7    64.0  45.2 0.000
 28.003472  28.013889  2225.1    63.8  45.1 0.000
 28.088194  28.098611  2167.3    62.2  43.9 0.000
 28.172917  28.183333  2108.1    60.5  42.7 0.000
 28.257639  28.268056  2106.9    60.4  42.7 0.000
 28.342361  28.352778  2267.7    65.0  46.0 0.000
 28.427083  28.437500  2283.2    65.5  46.3 0.000
 28.497222  28.507639  2147.0    61.6  43.5 0.000
 28.581944  28.592361  2071.9    59.4  42.0 0.000
 28.664583  28.675000  2047.6    58.7  41.5 0.000
 28.747917  28.758333  1990.3    57.1  40.3 0.000
 28.830556  28.840972  2002.9    57.5  40.6 0.000
 28.913889  28.924306  1942.9    55.7  39.4 0.000
 28.997222  29.007639  1740.9    49.9  35.3 0.000
 29.080556  29.090972  1588.9    45.6  32.2 0.000
 29.164583  29.175000  1360.2    39.0  27.6 0.000
 29.247917  29.258333  1247.2    35.8  25.3 0.000
 29.331944  29.342361  1265.1    36.3  25.7 0.000
 29.415278  29.425694  1309.5    37.6  26.6 0.000
 29.495833  29.506250  1213.2    34.8  24.6 0.000
 29.579861  29.590278  1178.1    33.8  23.9 0.000
 29.663194  29.673611  1152.8    33.1  23.4 0.000
 29.746528  29.756944  1206.2    34.6  24.5 0.000
 29.830556  29.840972  1228.1    35.3  24.9 0.000
 29.913889  29.924306  1876.4    53.8  38.0 0.000
 29.997917  30.008333  1908.8    54.8  38.7 0.000
 30.081944  30.092361  1953.5    56.1  39.6 0.000
 30.165972  30.176389  1948.2    55.9  39.5 0.000
 30.250000  30.260417  1963.0    56.3  39.8 0.000
 30.334028  30.344444  1972.9    56.6  40.0 0.000
 30.417361  30.427778  1941.8    55.7  39.4 0.000
 30.497917  30.508333  1928.8    55.3  39.1 0.000
 30.581944  30.592361  1921.7    55.1  39.0 0.000
 30.665278  30.675694  1995.3    57.3  40.5 0.000
 30.749306  30.759722  1993.2    57.2  40.4 0.000
 30.833333  30.843750  1994.9    57.3  40.5 0.000
 30.917361  30.927778  1913.4    54.9  38.8 0.000
 31.000694  31.011111  2021.2    57.6  41.0 0.000
 31.084722  31.095139  2004.4    57.1  40.6 0.000
 31.168750  31.179167  1990.9    56.7  40.4 0.000
 31.252778  31.263194  1993.9    56.8  40.4 0.000
 31.411806  31.422222  1983.4    56.5  40.2 0.000
 31.495139  31.505556  1966.5    56.0  39.9 0.000
 31.578472  31.588889  1896.1    54.1  38.6 0.000
 31.661806  31.672222  1527.5    43.7  31.3 0.000
 31.745139  31.755556  1218.4    35.0  25.2 0.000
 31.828472  31.838889  1122.7    32.1  23.0 0.000
 31.912500  31.922917  1147.2    33.0  23.7 0.000
 31.995833  32.006250  1177.6    33.7  24.1 0.000
 32.079861  32.090278  1341.5    38.3  27.4 0.000
 32.163194  32.173611  1715.5    48.9  34.8 0.000
 32.247222  32.257639  1851.8    52.7  37.5 0.000
 32.330556  32.340972  2730.4    77.7  55.3 0.000
 32.414583  32.425000  2402.6    68.4  48.7 0.000
 32.497917  32.508333  2397.6    68.3  48.6 0.000
 32.581944  32.592361  2492.9    71.0  50.5 0.000
 32.665972  32.676389  2541.4    72.4  51.6 0.000
 32.750000  32.760417  2580.0    73.4  52.3 0.000
 32.833333  32.843750  2559.4    72.9  51.9 0.000
 32.917361  32.927778  2430.6    69.2  49.2 0.000
 33.001389  33.011806  2409.9    68.6  48.8 0.000
 35.332639  35.343056  2162.1    61.6  43.8 0.000
 35.416667  35.427083  2170.8    61.8  44.0 0.000
 35.500000  35.510417  2122.7    60.4  43.0 0.000
 35.584028  35.594444  2156.7    61.4  43.7 0.000
 35.668056  35.678472  2159.6    61.5  43.8 0.000
 35.751389  35.761806  1998.7    56.9  40.5 0.000
 35.835417  35.845833  1957.6    55.7  39.7 0.000
 35.919444  35.929861  1985.2    56.5  40.2 0.000
 36.003472  36.013889  1955.9    55.7  39.6 0.000
 36.087500  36.097917  1967.3    56.0  39.9 0.000
 36.172222  36.182639  1962.5    55.9  39.8 0.000
 36.256250  36.266667  1954.7    55.7  39.6 0.000
 36.495139  36.505556  2006.8    57.1  40.7 0.000
 36.578472  36.588889  2123.1    60.5  43.0 0.000
 36.661806  36.672222  2047.6    58.3  41.5 0.000
 36.745139  36.755556  2013.6    57.3  40.8 0.000
 36.827778  36.838194  2155.1    61.4  43.7 0.000
 36.911111  36.921528  2322.1    66.1  47.1 0.000
 36.995139  37.005556  2376.3    67.6  48.1 0.000
 37.077778  37.088194  2566.1    73.1  52.0 0.000
 37.161111  37.171528  2668.4    76.0  54.1 0.000
 37.244444  37.254861  2302.6    65.6  46.7 0.000
 37.327778  37.338194  2262.8    64.4  45.8 0.000
 37.411111  37.421528  2466.7    70.2  50.0 0.000
 37.495833  37.506250  2470.3    70.3  50.1 0.000
 37.579167  37.589583  2518.7    71.7  51.0 0.000
 37.662500  37.672917  2469.0    70.3  50.0 0.000
 37.745833  37.756250  2513.2    71.6  50.9 0.000
 37.829167  37.839583  2584.0    73.6  52.4 0.000
 37.912500  37.922917  2648.2    75.4  53.7 0.000
 37.995833  38.006250  2698.1    76.8  54.7 0.000
 38.079167  38.089583  2643.7    75.3  53.6 0.000
 38.163194  38.173611  2618.7    74.6  53.1 0.000
 38.246528  38.256944  2532.6    72.1  51.3 0.000
 38.498611  38.509028  2681.0    76.3  54.3 0.000
 38.999306  39.009722  2549.1    72.6  51.7 0.000
 39.500000  39.510417  2412.1    68.7  48.9 0.000
 40.001389  40.011806  2522.8    71.8  51.1 0.000
 40.502083  40.512500  2427.1    69.1  49.2 0.000
 41.003472  41.013889  2295.7    65.4  46.5 0.000
 41.495833  41.506250  2532.8    72.1  51.3 0.000
 41.997222  42.007639  2882.9    82.1  58.4 0.000
 42.499306  42.509722  3144.5    89.5  63.7 0.000
 42.999306  43.009722  3412.4    97.1  69.1 0.000
 43.495139  43.505556  3055.0    87.0  61.9 0.000
 43.995833  44.006250  3234.1    92.1  65.5 0.000
 44.494444  44.504861  2992.8    85.2  60.6 0.000
 44.995139  45.005556  2228.4    63.4  45.1 0.000
 45.495139  45.505556  2796.0    79.6  56.6 0.000
 45.995833  46.006250  3021.6    86.0  61.2 0.000
 46.496528  46.506944  2343.5    66.7  47.5 0.000
 46.997222  47.007639  2717.1    77.3  55.0 0.000
 47.498611  47.509028  3198.4    91.0  64.8 0.000
 47.999306  48.009722  2994.2    85.2  60.6 0.000
 48.496528  48.506944  2589.8    73.7  52.4 0.000
 48.997917  49.008333  2771.1    78.9  56.1 0.000
 49.496528  49.506944  2145.8    61.1  43.5 0.000
 49.997917  50.008333  2606.0    74.2  52.8 0.000
 50.398611  50.409028  2922.0    83.2  59.2 0.000
 50.494444  50.504861  3036.9    86.5  61.5 0.000
 50.995833  51.006250  3240.6    92.2  65.6 0.000
 51.495139  51.505556  3239.1    92.2  65.6 0.000
 51.995139  52.005556  3642.9   103.7  73.8 0.000
 52.495139  52.505556  3936.5   112.0  79.7 0.000
 52.995833  53.006250  4475.5   127.4  90.6 0.000
 53.495833  53.506250  4327.0   123.1  87.6 0.000
 53.996528  54.006944  4761.4   135.5  96.4 0.000
 54.497222  54.507639  4337.7   123.5  87.8 0.000
 54.997917  55.008333  4370.8   124.4  88.5 0.000
 55.495139  55.505556  4415.9   125.7  89.4 0.000
 55.996528  56.006944  4692.9   133.5  95.0 0.000
 56.496528  56.506944  4180.8   119.0  84.7 0.000
 56.997222  57.007639  4774.8   135.9  96.7 0.000
 57.496528  57.506944  4716.7   134.2  95.5 0.000
 57.997917  58.008333  4894.8   139.3  99.1 0.000
 58.495833  58.506250  3643.0   103.7  73.8 0.000
 58.996528  59.006944  3375.9    96.1  68.4 0.000
 59.496528  59.506944  3010.1    85.7  61.0 0.000
 59.997222  60.007639  3458.8    98.4  70.0 0.000
 60.498611  60.509028  2912.9    82.9  59.0 0.000
 60.999306  61.009722  2796.7    79.6  56.6 0.000
 61.500694  61.511111  2698.6    76.8  54.7 0.000
 62.002083  62.012500  2373.5    67.6  48.1 0.000
 62.496528  62.506944  2223.9    63.3  45.0 0.000
 62.997917  63.008333  1588.5    45.2  32.2 0.000
 63.495833  63.506250  1780.2    50.7  36.1 0.000
 63.995833  64.006250  1850.3    52.7  37.5 0.000
 64.495139  64.505556  2029.4    57.7  41.0 0.000
 64.995833  65.006250  2009.6    57.2  40.8 0.000
 65.495833  65.506250  2184.8    62.2  44.3 0.000
 65.996528  66.006944  2149.7    61.2  43.6 0.000
 66.495833  66.506250  2270.5    64.6  46.0 0.000
 66.996528  67.006944  2235.3    63.6  45.3 0.000
 67.497222  67.507639  1970.9    56.1  39.9 0.000
 67.997917  68.008333  1991.6    56.7  40.3 0.000
 68.498611  68.509028  1994.3    56.8  40.4 0.000
 69.000000  69.010417  1983.9    56.5  40.2 0.000
 69.496528  69.506944  2060.6    58.7  41.8 0.000
 69.997917  70.008333  2094.5    59.7  42.5 0.000
 70.496528  70.506944  2304.5    65.6  46.7 0.000
 70.997222  71.007639  2661.9    75.8  53.9 0.000
 71.496528  71.506944  3075.6    87.6  62.3 0.000
 71.997222  72.007639  3006.2    85.6  60.9 0.000
 72.508333  72.518750  2362.6    67.3  47.9 0.000
 73.009722  73.020139  2629.3    74.8  53.2 0.000
 73.495139  73.505556  2572.2    73.2  52.1 0.000
 73.995139  74.005556  2444.7    69.6  49.5 0.000
 74.495139  74.505556  2276.1    64.8  46.1 0.000
 74.995833  75.006250  2178.0    62.0  44.1 0.000
 75.497917  75.508333  2284.8    65.1  46.3 0.000
