data/obs/c2h6/WDCGG/event/DE0043G.20140101114900.20170411000000.online_gc.ethane.air.1y.12h.DE09L_Varian_GC-3800-FID_HPB_C2-C8-hydrocarb.DE09L_Measurements_of_Hydrocarbons_GC-3800.lev2.nas
74 1001
Claude, Anja; Kubistin, Dagmar
DE09L, Deutscher Wetterdienst, DWD, Met. Obs., Hohenspeissenberg, , 82283, Hohenspeissenberg, Germany
Claude, Anja
ACTRIS EMEP GAW-WDCGG-node
1 1
2014 01 01 2017 04 11
0
days from file reference point
5
1 1 1 1 1
999.999999 99999.9 99999.9 9999.9 9.999
end_time of measurement, days from the file reference point
ethane, pmol/mol, Statistics=arithmetic mean
ethane, pmol/mol, Statistics=expanded uncertainty 2sigma
ethane, pmol/mol, Statistics=precision
numflag, no unit
0
55
Data definition:              EBAS_1.1
Set type code:                TI
Timezone:                     UTC
File name:                    DE0043G.20140101114900.20170411000000.online_gc.ethane.air.1y.12h.DE09L_Varian_GC-3800-FID_HPB_C2-C8-hydrocarb.DE09L_Measurements_of_Hydrocarbons_GC-3800.lev2.nas
File creation:                20190306184600
Startdate:                    20140101114900
Revision date:                20170411000000
Version:                      3
Version description:          2nd revision 2017, manually inspected, 2017 header
Data level:                   2
Period code:                  1y
Resolution code:              12h
Sample duration:              15mn
Orig. time res.:              15mn
Station code:                 DE0043G
Platform code:                DE0043S
Station name:                 Hohenpeissenberg
Station WDCA-ID:              GAWADE__HPB
Station GAW-ID:               HPB
Station GAW-Name:             Hohenpeissenberg
Station land use:             Grassland
Station setting:              Mountain
Station GAW type:             G
Station WMO region:           6
Station latitude:             47.8014984131
Station longitude:            11.0096197128
Station altitude:             985.0m
Measurement altitude:         1000.0m
Measurement height:           15.0m
Regime:                       IMG
Component:                    ethane
Unit:                         pmol/mol
Matrix:                       air
Instrument type:              online_gc
Laboratory code:              DE09L
Instrument name:              Varian_GC-3800-FID_HPB_C2-C8-hydrocarb
Instrument manufacturer:      Varian
Instrument model:             GC-3800
Instrument serial number:     104633
Method ref:                   DE09L_Measurements_of_Hydrocarbons_GC-3800
Standard method:              SOP=ACTRIS_VOC_2014
Calibration scale:            NPL
Calibration standard ID:      Manufacturer NPL (quantum passivated cylinder form Air products); Batch D910379
Inlet type:                   Hat or hood
Inlet description:            Downward facing with hood
Detection limit expl.:        Determined by multiple peak integration of zero gas measurements, detection limit flag 147 is used for values under detection  limit defined as 3-sigma precision
Measurement uncertainty expl.: "Includes reproducibility (precision) + systematic errors (accuracy). Ref:http://www.atmos-meas-tech.net/8/2715/2015/"
Zero/negative values code:    Zero/negative possible
Zero/negative values:         Zero and neg. values may appear due to statistical variations at very low concentrations
Originator:                   Claude, Anja, anja.claude@dwd.de, Deutscher Wetterdienst, DWD, Hohenpeissenberg Meteorological Observatory, Albin-Schwaiger-Weg 10, , D-82383, Hohenpeissenberg, Germany
Originator:                   Kubistin, Dagmar, dagmar.kubistin@dwd.de, Deutscher Wetterdienst, DWD, Hohenpeissenberg Meteorological Observatory, Albin-Schwaiger-Weg 10, , D-82383, Hohenpeissenberg, Germany
Submitter:                    Claude, Anja, anja.claude@dwd.de, Deutscher Wetterdienst, DWD, Hohenpeissenberg Meteorological Observatory, Albin-Schwaiger-Weg 10, , D-82383, Hohenpeissenberg, Germany
Acknowledgement:              Request acknowledgement details from data originator
Comment:                      preconcentration on glass beeds (-197\B0C), o3 removed, cryo-dryer at -40\B0C, 2 week calibration interval.
starttime endtime C2H6 C2H6 C2H6 flag
[from data line 314]
159.488194 159.498611  1051.3   212.0   19.6 0.000
159.986806 159.997222  1069.2   215.7   20.0 0.000
160.496528 160.506944  1104.7   222.8   20.6 0.000
160.995833 161.006250  1092.7   220.4   20.4 0.000
161.495833 161.506250  1085.9   219.0   20.3 0.000
161.994444 162.004861  1180.2   238.0   22.0 0.000
162.497917 162.508333  1114.1   224.7   20.8 0.000
162.996528 163.006944  1057.7   213.3   19.7 0.000
163.495833 163.506250  1103.2   222.5   20.6 0.000
163.995139 164.005556  1080.2   217.9   20.2 0.000
164.493750 164.504167  1047.8   211.3   19.6 0.000
164.992361 165.002778  1069.7   215.7   20.0 0.000
165.490972 165.501389  1020.9   205.9   19.1 0.000
165.990278 166.000694  1092.3   220.3   20.4 0.000
166.496528 166.506944  1074.6   216.7   20.1 0.000
166.995139 167.005556  1162.8   234.5   21.7 0.000
167.496528 167.506944  1095.9   221.0   20.5 0.000
167.995139 168.005556  1203.6   242.8   22.5 0.000
168.497222 168.507639  1106.0   223.1   20.7 0.000
168.995139 169.005556  1006.5   203.0   18.8 0.000
169.493750 169.504167   979.5   197.6   18.3 0.000
169.992361 170.002778  1015.8   204.9   19.0 0.000
170.490972 170.501389   979.1   197.5   18.3 0.000
170.988889 170.999306  1028.1   207.4   19.2 0.000
171.487500 171.497917   961.7   194.0   18.0 0.000
171.986111 171.996528   961.0   193.8   18.0 0.000
172.484722 172.495139   946.9   191.0   17.7 0.000
172.983333 172.993750   974.1   196.5   18.2 0.000
174.495833 174.506250   812.3   163.8   15.2 0.000
174.995139 175.005556   807.7   162.9   15.1 0.000
175.496528 175.506944   851.5   171.7   15.9 0.000
175.995139 176.005556   926.2   186.8   17.3 0.000
177.496528 177.506944   895.6   180.6   16.8 0.000
177.995139 178.005556   929.8   187.5   17.4 0.000
178.493750 178.504167   901.4   181.8   16.9 0.000
178.992361 179.002778   805.2   162.4   15.1 0.000
179.490972 179.501389   814.4   164.3   15.3 0.000
179.989583 180.000000   858.5   173.2   16.1 0.000
180.497222 180.507639   869.8   175.4   16.3 0.000
180.995833 181.006250   959.7   193.6   17.9 0.000
181.495833 181.506250   948.9   191.4   17.7 0.000
181.994444 182.004861   871.2   175.7   16.3 0.000
182.496528 182.506944  1065.9   215.0   19.9 0.000
182.995139 183.005556   861.9   173.8   16.1 0.000
183.495833 183.506250   865.1   174.5   16.2 0.000
183.994444 184.004861   869.9   175.5   16.3 0.000
184.493750 184.504167   956.3   192.9   17.9 0.000
184.992361 185.002778   955.3   192.7   17.9 0.000
185.491667 185.502083   878.2   177.1   16.4 0.000
185.990972 186.001389   788.9   159.1   14.8 0.000
186.489583 186.500000   786.9   158.7   14.8 0.000
186.988889 186.999306   830.4   167.5   15.6 0.000
187.498611 187.509028  1044.6   210.7   19.5 0.000
187.997917 188.008333   879.9   177.5   16.5 0.000
188.506944 188.517361   821.2    23.4   16.7 0.000
189.006944 189.017361   833.2    23.8   17.0 0.000
189.486806 189.497222   960.1    27.4   19.5 0.000
189.986111 189.996528   876.1    25.0   17.8 0.000
190.495139 190.505556   984.6    28.1   20.0 0.000
190.993750 191.004167  1063.5    30.3   21.6 0.000
191.495139 191.505556   940.7    26.8   19.1 0.000
191.994444 192.004861   983.7    28.1   20.0 0.000
192.493750 192.504167   997.2    28.4   20.3 0.000
192.993056 193.003472  1013.6    28.9   20.6 0.000
193.491667 193.502083   907.0    25.9   18.5 0.000
193.990972 194.001389   912.2    26.0   18.6 0.000
194.492361 194.502778   839.0    24.0   17.1 0.000
194.991667 195.002083   844.5    24.1   17.2 0.000
195.497222 195.507639   820.7    23.4   16.7 0.000
195.997222 196.007639   925.4    26.4   18.8 0.000
196.498611 196.509028   832.0    23.8   16.9 0.000
196.997917 197.008333   975.6    27.8   19.8 0.000
197.497917 197.508333   836.8    23.9   17.0 0.000
197.997222 198.007639   796.1    22.7   16.2 0.000
198.496528 198.506944   815.0    23.3   16.6 0.000
198.995833 199.006250   818.3    23.4   16.7 0.000
199.495833 199.506250   740.6    21.2   15.1 0.000
199.995833 200.006250   701.7    20.1   14.3 0.000
200.495833 200.506250   812.8    23.2   16.6 0.000
200.995833 201.006250   819.7    23.4   16.7 0.000
201.493750 201.504167   877.5    25.0   17.9 0.000
201.994444 202.004861   866.1    24.7   17.6 0.000
202.498611 202.509028   878.3    25.1   17.9 0.000
202.997222 203.007639   884.6    25.2   18.0 0.000
203.491667 203.502083   883.5    25.2   18.0 0.000
203.990972 204.001389   834.0    23.8   17.0 0.000
204.489583 204.500000   791.3    22.6   16.1 0.000
204.988889 204.999306   817.6    23.3   16.7 0.000
205.487500 205.497917   766.2    21.9   15.6 0.000
205.986806 205.997222   774.6    22.1   15.8 0.000
206.486806 206.497222   835.9    23.9   17.0 0.000
206.986111 206.996528   908.5    25.9   18.5 0.000
207.485417 207.495833   866.2    24.7   17.6 0.000
207.984722 207.995139   941.9    26.9   19.2 0.000
208.492361 208.502778   884.4    25.2   18.0 0.000
208.991667 209.002083   940.1    26.8   19.1 0.000
209.496528 209.506944   938.4    26.8   19.1 0.000
209.995833 210.006250   971.6    27.7   19.8 0.000
210.497222 210.507639   996.7    28.4   20.3 0.000
210.996528 211.006944   863.7    24.7   17.6 0.000
211.496528 211.506944   821.9    23.5   16.8 0.000
211.996528 212.006944   807.5    23.1   16.5 0.000
212.495139 212.505556   830.1    23.7   16.9 0.000
212.995139 213.005556   878.9    25.1   17.9 0.000
213.494444 213.504861   999.5    28.5   20.3 0.000
213.994444 214.004861   859.7    24.5   17.5 0.000
214.494444 214.504861   764.6    21.8   15.6 0.000
214.994444 215.004861   718.3    20.5   14.7 0.000
215.498611 215.509028   792.5    22.6   16.2 0.000
215.998611 216.009028  1020.9    29.1   20.8 0.000
216.490972 216.501389   904.7    25.8   18.4 0.000
216.990278 217.000694   967.0    27.6   19.7 0.000
217.493056 217.503472   933.8    26.6   19.0 0.000
217.992361 218.002778  1023.9    29.2   20.8 0.000
218.495139 218.505556   905.2    25.8   18.4 0.000
218.994444 219.004861   809.7    23.1   16.5 0.000
219.491667 219.502083   804.7    23.0   16.4 0.000
219.990972 220.001389   775.7    22.2   15.8 0.000
220.490278 220.500694   690.7    19.7   14.1 0.000
220.989583 221.000000   717.4    20.5   14.7 0.000
221.488889 221.499306   705.8    20.2   14.4 0.000
221.988194 221.998611   739.2    21.1   15.1 0.000
222.493750 222.504167   863.3    24.6   17.6 0.000
222.993056 223.003472   909.3    25.9   18.5 0.000
223.499306 223.509722   824.9    23.6   16.8 0.000
223.999306 224.009722   894.6    25.5   18.2 0.000
224.498611 224.509028  1108.8    31.6   22.5 0.000
224.998611 225.009028   921.4    26.3   18.8 0.000
225.499306 225.509722   916.2    26.1   18.6 0.000
225.998611 226.009028   856.1    24.4   17.4 0.000
226.497917 226.508333   873.0    24.9   17.8 0.000
226.997222 227.007639   952.1    27.2   19.4 0.000
227.497222 227.507639   975.9    27.8   19.9 0.000
227.996528 228.006944   931.7    26.6   19.0 0.000
228.495833 228.506250   868.7    24.8   17.7 0.000
228.995833 229.006250   961.7    27.4   19.6 0.000
229.497222 229.507639   924.5    26.4   18.8 0.000
229.996528 230.006944   944.5    26.9   19.2 0.000
230.496528 230.506944   921.7    26.3   18.8 0.000
230.996528 231.006944  1052.0    30.0   21.4 0.000
231.496528 231.506944  1026.1    29.3   20.9 0.000
231.996528 232.006944  1093.3    31.2   22.2 0.000
232.495139 232.505556   955.7    27.3   19.4 0.000
232.993750 233.004167   942.5    26.9   19.2 0.000
233.495833 233.506250   974.1    27.8   19.8 0.000
233.995139 234.005556  1039.9    29.7   21.1 0.000
234.494444 234.504861   978.0    27.9   19.9 0.000
234.993750 235.004167   945.6    27.0   19.2 0.000
235.492361 235.502778   961.9    27.4   19.6 0.000
235.991667 236.002083   938.7    26.8   19.1 0.000
236.496528 236.506944   961.4    27.4   19.6 0.000
236.995833 237.006250   875.6    25.0   17.8 0.000
237.493750 237.504167   897.4    25.6   18.3 0.000
237.993056 238.003472   819.3    23.4   16.7 0.000
238.495833 238.506250   901.4    25.7   18.3 0.000
238.995139 239.005556   825.0    23.6   16.8 0.000
239.492361 239.502778   882.5    25.2   18.0 0.000
239.991667 240.002083   821.7    23.5   16.7 0.000
240.497917 240.508333   747.2    21.4   15.3 0.000
240.997917 241.008333   707.3    20.2   14.4 0.000
241.497222 241.507639  1307.2    37.2   26.5 0.000
241.997222 242.007639   798.6    22.8   16.3 0.000
242.497222 242.507639   927.4    26.5   18.9 0.000
242.997222 243.007639  1053.4    30.0   21.4 0.000
243.495139 243.505556  1127.2    32.1   22.9 0.000
243.995139 244.005556  1202.9    34.3   24.4 0.000
244.492361 244.502778  1104.2    31.5   22.4 0.000
244.991667 245.002083  1111.3    31.7   22.6 0.000
245.492361 245.502778  1167.4    33.3   23.7 0.000
245.991667 246.002083  1462.9    41.7   29.7 0.000
246.453472 246.463889  1340.5    38.2   27.2 0.000
246.952778 246.963194  1768.9    50.4   35.8 0.000
247.497917 247.508333  1169.0    33.3   23.7 0.000
247.997917 248.008333  1111.7    31.7   22.6 0.000
248.497917 248.508333  1199.8    34.2   24.4 0.000
248.997917 249.008333  1120.7    31.9   22.8 0.000
249.497917 249.508333  1111.5    31.7   22.6 0.000
249.997917 250.008333  1035.5    29.5   21.1 0.000
250.497222 250.507639   948.2    27.1   19.3 0.000
251.495139 251.505556   808.6    23.1   16.5 0.000
251.994444 252.004861  1037.1    29.6   21.1 0.000
252.496528 252.506944  1186.8    33.8   24.1 0.000
252.995833 253.006250  1166.3    33.2   23.7 0.000
253.496528 253.506944  1078.7    30.7   21.9 0.000
253.995833 254.006250  1043.8    29.8   21.2 0.000
254.496528 254.506944  1089.1    31.0   22.1 0.000
254.996528 255.006944  1081.4    30.8   22.0 0.000
255.495833 255.506250  1176.5    33.5   23.9 0.000
255.995139 256.005556  1308.5    37.3   26.5 0.000
256.494444 256.504861  1469.9    41.9   29.8 0.000
256.993750 257.004167  1625.6    46.3   32.9 0.000
257.494444 257.504861  1275.2    36.3   25.9 0.000
257.993750 258.004167  1331.1    37.9   27.0 0.000
258.497222 258.507639  1307.3    37.2   26.5 0.000
258.997222 259.007639  1233.1    35.1   25.0 0.000
259.206250 259.216667  1191.7    34.0   24.2 0.000
259.254861 259.265278  1181.1    33.7   24.0 0.000
259.304861 259.315278  1203.4    34.3   24.4 0.000
259.354167 259.364583  1174.2    33.5   23.8 0.000
259.402778 259.413194  1302.4    37.1   26.4 0.000
259.452778 259.463194  1361.6    38.8   27.6 0.000
259.501389 259.511806  1267.8    36.1   25.7 0.000
259.550694 259.561111  1267.6    36.1   25.7 0.000
259.600000 259.610417  1571.6    44.8   31.9 0.000
259.649306 259.659722  1494.7    42.6   30.3 0.000
259.699306 259.709722  1353.5    38.6   27.5 0.000
259.747917 259.758333  1323.3    37.7   26.8 0.000
260.497917 260.508333  1243.4    35.4   25.2 0.000
260.997917 261.008333  1170.6    33.4   23.8 0.000
261.495833 261.506250  1104.9    31.5   22.4 0.000
261.995139 262.005556   999.1    28.5   20.3 0.000
262.494444 262.504861   929.6    26.5   18.9 0.000
262.994444 263.004861   955.5    27.3   19.4 0.000
263.493750 263.504167   801.3    22.9   16.3 0.000
263.993056 264.003472  1130.9    32.2   23.0 0.000
264.497222 264.507639  1044.2    29.8   21.2 0.000
264.996528 265.006944  1201.6    34.2   24.4 0.000
265.495833 265.506250  1071.5    30.5   21.8 0.000
265.995139 266.005556  1094.4    31.2   22.2 0.000
266.497222 266.507639  1113.8    31.7   22.6 0.000
266.996528 267.006944  1125.1    32.1   22.8 0.000
267.496528 267.506944  1196.0    34.1   24.3 0.000
267.996528 268.006944  1240.1    35.3   25.2 0.000
268.497222 268.507639  1282.7    36.5   26.0 0.000
268.997222 269.007639  1286.8    36.7   26.1 0.000
269.496528 269.506944  1221.3    34.8   24.8 0.000
269.996528 270.006944  1134.4    32.3   23.0 0.000
270.496528 270.506944  1160.3    33.1   23.6 0.000
270.996528 271.006944  1185.1    33.8   24.1 0.000
271.497222 271.507639  1003.1    28.6   20.4 0.000
271.997222 272.007639  1185.3    33.8   24.1 0.000
272.498611 272.509028  1096.1    31.2   22.3 0.000
272.997917 273.008333  1128.6    32.2   22.9 0.000
273.496528 273.506944  1111.2    33.0   24.4 0.000
273.995833 274.006250  1075.6    31.9   23.6 0.000
274.497917 274.508333  1022.7    30.4   22.5 0.000
274.997917 275.008333  1034.0    30.7   22.7 0.000
275.497917 275.508333  1039.6    30.9   22.8 0.000
275.997222 276.007639  1024.0    30.4   22.5 0.000
276.497917 276.508333  1148.8    34.1   25.2 0.000
276.997917 277.008333  1114.2    33.1   24.5 0.000
277.497222 277.507639  1008.4    30.0   22.2 0.000
277.997917 278.008333  1298.9    38.6   28.5 0.000
278.497917 278.508333  1117.0    33.2   24.5 0.000
278.998611 279.009028  1207.3    35.9   26.5 0.000
279.496528 279.506944  1155.1    34.3   25.4 0.000
279.997917 280.008333  1215.7    36.1   26.7 0.000
280.497917 280.508333  1229.4    36.5   27.0 0.000
280.999306 281.009722   964.5    28.7   21.2 0.000
281.499306 281.509722   937.8    27.9   20.6 0.000
282.000000 282.010417  1141.1    33.9   25.1 0.000
282.503472 282.513889  1016.6    30.2   22.3 0.000
283.014583 283.025000   880.5    26.2   19.4 0.000
283.543750 283.554167   800.8    23.8   17.6 0.000
285.496528 285.506944   920.9    27.4   20.3 0.559
285.996528 286.006944  1069.3    31.8   23.5 0.559
286.494444 286.504861  1138.4    33.8   25.0 0.559
286.993750 287.004167  1179.6    35.0   25.9 0.000
287.495139 287.505556  1134.4    33.7   24.9 0.000
287.995139 288.005556  1100.2    32.7   24.2 0.000
288.495833 288.506250  1048.0    31.1   23.0 0.000
288.995833 289.006250   921.7    27.4   20.3 0.000
289.492361 289.502778  1144.9    34.0   25.1 0.000
289.991667 290.002083  1013.3    30.1   22.3 0.000
290.490278 290.500694  1052.6    31.3   23.1 0.000
290.989583 291.000000   967.7    28.8   21.3 0.000
291.488194 291.498611   971.1    28.9   21.3 0.000
291.987500 291.997917   836.1    24.9   18.4 0.000
292.496528 292.506944   949.8    28.2   20.9 0.000
292.995833 293.006250   837.7    24.9   18.4 0.000
293.492361 293.502778   975.3    29.0   21.4 0.000
294.496528 294.506944  1356.4    40.3   29.8 0.000
294.996528 295.006944  1414.0    42.0   31.0 0.000
295.495833 295.506250  1361.4    40.4   29.9 0.000
295.995833 296.006250  1362.9    40.5   29.9 0.000
296.496528 296.506944  1480.9    44.0   32.5 0.000
296.995139 297.005556  1400.1    41.6   30.7 0.000
297.494444 297.504861  1537.3    45.6   33.7 0.000
297.993750 298.004167  1213.8    36.0   26.6 0.000
298.493056 298.503472  1361.0    40.4   29.9 0.000
298.992361 299.002778  1304.1    38.7   28.6 0.000
299.496528 299.506944  1198.4    35.6   26.3 0.000
299.995833 300.006250  1457.9    43.3   32.0 0.000
300.498611 300.509028  1229.0    36.5   27.0 0.000
300.997917 301.008333  1241.3    36.9   27.3 0.000
301.495833 301.506250  1503.4    44.6   33.0 0.000
301.995139 302.005556  1450.9    43.1   31.8 0.000
302.525000 302.535417  1042.4    31.0   22.9 0.000
303.024306 303.034722   889.6    26.5   19.6 0.000
303.492361 303.502778  1265.1    37.6   27.8 0.000
303.992361 304.002778   887.5    26.4   19.5 0.000
304.491667 304.502083  1152.5    34.2   25.3 0.000
304.991667 305.002083   881.7    26.2   19.4 0.000
305.491667 305.502083   878.7    26.1   19.3 0.000
305.991667 306.002083   826.2    24.6   18.2 0.000
306.494444 306.504861   925.0    27.5   20.3 0.000
306.994444 307.004861  1226.0    36.4   26.9 0.000
307.496528 307.506944  1288.3    38.2   28.2 0.000
307.995833 308.006250  1504.0    44.6   32.9 0.000
308.496528 308.506944  1652.9    49.0   36.2 0.000
308.996528 309.006944  1755.7    52.1   38.4 0.000
309.492361 309.502778  1898.1    56.3   41.5 0.000
309.991667 310.002083  1617.8    48.0   35.4 0.000
310.497222 310.507639  1792.1    53.1   39.2 0.000
310.997222 311.007639  1416.0    42.0   31.0 0.000
311.496528 311.506944  1425.5    42.3   31.2 0.000
311.995833 312.006250  1529.7    45.4   33.5 0.000
312.495139 312.505556  1447.9    42.9   31.7 0.000
312.995139 313.005556  1526.0    45.3   33.4 0.000
313.498611 313.509028  1597.4    47.4   35.0 0.000
313.997917 314.008333  1607.9    47.7   35.2 0.000
314.518750 314.529167  1087.7    32.3   23.8 0.000
315.018750 315.029167  1174.1    34.8   25.7 0.000
