data/obs/c2h6/WDCGG/event/DE0043G.20120101000000.20170621000000.online_gc.ethane.air.1y.12h.DE09L_Varian_GC-3800-FID_HPB_C2-C8-hydrocarb.DE09L_Measurements_of_Hydrocarbons_GC-3800.lev2.nas
74 1001
Claude, Anja; Plass-Duelmer, Christian
DE09L, Deutscher Wetterdienst, DWD, Met. Obs., Hohenspeissenberg, , 82283, Hohenspeissenberg, Germany
Claude, Anja
ACTRIS EMEP GAW-WDCRG
1 1
2012 01 01 2017 06 21
0
days from file reference point
5
1 1 1 1 1
999.999999 99999.9 9999.9 9999.9 9.999
end_time of measurement, days from the file reference point
ethane, pmol/mol, Statistics=arithmetic mean
ethane, pmol/mol, Statistics=expanded uncertainty 2sigma
ethane, pmol/mol, Statistics=precision
numflag, no unit
0
55
Data definition:              EBAS_1.1
Set type code:                TI
Timezone:                     UTC
File name:                    DE0043G.20120101000000.20170621000000.online_gc.ethane.air.1y.12h.DE09L_Varian_GC-3800-FID_HPB_C2-C8-hydrocarb.DE09L_Measurements_of_Hydrocarbons_GC-3800.lev2.nas
File creation:                20190306184600
Startdate:                    20120101000000
Revision date:                20170621000000
Version:                      3
Version description:          2nd revision 2017, manually inspected, 2017 header
Data level:                   2
Period code:                  1y
Resolution code:              12h
Sample duration:              15mn
Orig. time res.:              15mn
Station code:                 DE0043G
Platform code:                DE0043S
Station name:                 Hohenpeissenberg
Station WDCA-ID:              GAWADE__HPB
Station GAW-ID:               HPB
Station GAW-Name:             Hohenpeissenberg
Station land use:             Grassland
Station setting:              Mountain
Station GAW type:             G
Station WMO region:           6
Station latitude:             47.8014984131
Station longitude:            11.0096197128
Station altitude:             985.0m
Measurement altitude:         1000.0m
Measurement height:           15.0m
Regime:                       IMG
Component:                    ethane
Unit:                         pmol/mol
Matrix:                       air
Instrument type:              online_gc
Laboratory code:              DE09L
Instrument name:              Varian_GC-3800-FID_HPB_C2-C8-hydrocarb
Instrument manufacturer:      Varian
Instrument model:             GC-3800
Instrument serial number:     104633
Method ref:                   DE09L_Measurements_of_Hydrocarbons_GC-3800
Standard method:              SOP=ACTRIS_VOC_2014
Calibration scale:            NPL
Calibration standard ID:      Manufacturer NPL (quantum passivated cylinder form Air products); Batch D641624
Inlet type:                   Hat or hood
Inlet description:            Downward facing with hood
Detection limit expl.:        Determined by multiple peak integration of zero gas measurements, detection limit flag 147 is used for values under detection  limit defined as 3-sigma precision
Measurement uncertainty expl.: "Includes reproducibility (precision) + systematic errors (accuracy). Ref:http://www.atmos-meas-tech.net/8/2715/2015/"
Zero/negative values code:    Zero/negative possible
Zero/negative values:         Zero and neg. values may appear due to statistical variations at very low concentrations
Originator:                   Claude, Anja, anja.claude@dwd.de, Deutscher Wetterdienst, DWD, Hohenpeissenberg Meteorological Observatory, Albin-Schwaiger-Weg 10, , D-82383, Hohenpeissenberg, Germany
Originator:                   Plass-Duelmer, Christian, , , , , , , , , 
Submitter:                    Claude, Anja, anja.claude@dwd.de, Deutscher Wetterdienst, DWD, Hohenpeissenberg Meteorological Observatory, Albin-Schwaiger-Weg 10, , D-82383, Hohenpeissenberg, Germany
Acknowledgement:              Request acknowledgement details from data originator
Comment:                      preconcentration on glass beeds (-197\B0C), o3 removed, cryo-dryer at -40\B0C, 2 week calibration interval.
starttime endtime C2H6 C2H6 C2H6 flag
[from data line 641]
214.663194 214.673611   780.7   22.3   15.9 0.000
214.745833 214.756250   780.9   22.3   15.9 0.000
214.829167 214.839583   790.0   22.6   16.1 0.000
214.912500 214.922917   787.2   22.5   16.1 0.000
214.995833 215.006250   784.4   22.4   16.0 0.000
215.079167 215.089583   793.9   22.7   16.2 0.000
215.161806 215.172222   795.4   22.7   16.2 0.000
215.495139 215.505556   777.3   22.2   15.9 0.000
215.578472 215.588889   775.5   22.1   15.8 0.000
215.661806 215.672222   770.9   22.0   15.7 0.000
215.745139 215.755556   788.2   22.5   16.1 0.000
215.827778 215.838194   790.0   22.6   16.1 0.000
215.911111 215.921528   822.9   23.5   16.8 0.000
215.994444 216.004861   783.5   22.4   16.0 0.000
216.077083 216.087500   793.4   22.7   16.2 0.000
216.160417 216.170833   790.3   22.6   16.1 0.000
216.243750 216.254167   806.4   23.0   16.4 0.000
216.326389 216.336806   826.0   23.6   16.8 0.000
216.409722 216.420139   822.7   23.5   16.8 0.000
216.493056 216.503472   809.6   23.1   16.5 0.000
216.576389 216.586806   806.7   23.0   16.4 0.000
216.659722 216.670139   808.8   23.1   16.5 0.000
216.743056 216.753472   798.0   22.8   16.3 0.000
216.825694 216.836111   824.9   23.6   16.8 0.000
216.909028 216.919444   806.6   23.0   16.4 0.000
216.992361 217.002778   796.0   22.7   16.2 0.000
217.075694 217.086111   828.1   23.6   16.9 0.000
217.159028 217.169444   803.9   23.0   16.4 0.000
217.242361 217.252778   840.9   24.0   17.1 0.000
217.325694 217.336111   809.7   23.1   16.5 0.000
217.409028 217.419444   854.5   24.4   17.4 0.000
217.492361 217.502778   788.6   22.5   16.1 0.000
217.575694 217.586111   766.7   21.9   15.6 0.000
217.659028 217.669444   754.1   21.5   15.4 0.000
217.742361 217.752778   743.6   21.2   15.2 0.000
217.825694 217.836111   765.8   21.9   15.6 0.000
217.909028 217.919444   754.1   21.5   15.4 0.000
217.992361 218.002778   789.0   22.5   16.1 0.000
218.075694 218.086111   804.5   23.0   16.4 0.000
218.159028 218.169444   789.4   22.5   16.1 0.000
218.311111 218.321528   751.5   21.5   15.3 0.000
218.394444 218.404861   741.6   21.2   15.1 0.000
218.578472 218.588889   770.3   22.0   15.7 0.000
218.661806 218.672222   768.9   22.0   15.7 0.000
218.745833 218.756250   800.6   22.9   16.3 0.000
218.829167 218.839583   759.1   21.7   15.5 0.000
218.912500 218.922917   745.2   21.3   15.2 0.000
218.995833 219.006250   732.3   20.9   14.9 0.000
219.079167 219.089583   754.3   21.5   15.4 0.000
219.162500 219.172917   741.7   21.2   15.1 0.000
219.245833 219.256250   759.6   21.7   15.5 0.000
219.328472 219.338889   738.7   21.1   15.1 0.000
219.411111 219.421528   726.7   20.8   14.8 0.000
219.499306 219.509722   721.5   20.6   14.7 0.000
219.582639 219.593056   728.9   20.8   14.9 0.000
219.665972 219.676389   729.2   20.8   14.9 0.000
219.748611 219.759028   759.9   21.7   15.5 0.000
219.831250 219.841667   758.1   21.7   15.5 0.000
219.914583 219.925000   771.3   22.0   15.7 0.000
219.997222 220.007639   774.7   22.1   15.8 0.000
220.079861 220.090278   764.2   21.8   15.6 0.000
220.163194 220.173611   740.4   21.2   15.1 0.000
220.245833 220.256250   750.9   21.5   15.3 0.000
220.329167 220.339583   743.5   21.2   15.2 0.000
220.411806 220.422222   739.8   21.1   15.1 0.000
220.495833 220.506250   734.3   21.0   15.0 0.000
220.579167 220.589583   746.2   21.3   15.2 0.000
220.662500 220.672917   758.6   21.7   15.5 0.000
220.745139 220.755556   766.7   21.9   15.6 0.000
220.828472 220.838889   790.0   22.6   16.1 0.000
220.911806 220.922222   809.4   23.1   16.5 0.000
220.994444 221.004861   784.2   22.4   16.0 0.000
221.077778 221.088194   779.1   22.3   15.9 0.000
221.161111 221.171528   783.5   22.4   16.0 0.000
221.244444 221.254861   783.6   22.4   16.0 0.000
221.327778 221.338194   778.4   22.2   15.9 0.000
221.411111 221.421528   810.7   23.1   16.5 0.000
221.496528 221.506944   755.2   21.6   15.4 0.000
221.579861 221.590278   781.8   22.3   15.9 0.000
221.662500 221.672917   766.2   21.9   15.6 0.000
221.745139 221.755556   796.8   22.8   16.2 0.000
221.828472 221.838889   774.1   22.1   15.8 0.000
221.911111 221.921528   817.8   23.4   16.7 0.000
221.994444 222.004861   814.2   23.2   16.6 0.000
222.077083 222.087500   809.8   23.1   16.5 0.000
222.160417 222.170833   823.6   23.5   16.8 0.000
222.494444 222.504861   814.7   23.3   16.6 0.000
222.577778 222.588194   830.1   23.7   16.9 0.000
222.661111 222.671528   807.1   23.0   16.4 0.000
222.743750 222.754167   832.8   23.8   17.0 0.000
222.827083 222.837500   908.2   25.9   18.5 0.000
222.909722 222.920139   919.1   26.2   18.7 0.000
222.993056 223.003472   950.0   27.1   19.3 0.000
223.076389 223.086806  1055.6   30.1   21.5 0.000
223.159028 223.169444  1252.5   35.7   25.4 0.000
223.242361 223.252778  1163.7   33.2   23.6 0.000
223.325000 223.335417   896.5   25.6   18.2 0.000
223.408333 223.418750   928.4   26.5   18.9 0.000
223.491667 223.502083   859.0   24.5   17.5 0.000
223.574306 223.584722   832.0   23.8   17.0 0.000
223.657639 223.668056   814.0   23.2   16.6 0.000
223.740972 223.751389   812.5   23.2   16.6 0.000
223.823611 223.834028   818.5   23.4   16.7 0.000
223.906944 223.917361   852.7   24.3   17.4 0.000
223.990278 224.000694   854.5   24.4   17.4 0.000
224.072917 224.083333   852.6   24.3   17.4 0.000
224.156250 224.166667   830.7   23.7   16.9 0.000
224.239583 224.250000   863.3   24.6   17.6 0.000
224.322917 224.333333   871.6   24.9   17.7 0.000
224.405556 224.415972   870.1   24.8   17.7 0.000
224.488889 224.499306   834.1   23.8   17.0 0.000
224.572222 224.582639   815.3   23.3   16.6 0.000
224.655556 224.665972   797.2   22.8   16.3 0.000
224.738889 224.749306   791.5   22.6   16.1 0.000
224.822222 224.832639   779.3   22.3   15.9 0.000
224.905556 224.915972   775.9   22.2   15.8 0.000
224.988889 224.999306   782.8   22.4   16.0 0.000
225.072222 225.082639   783.8   22.4   16.0 0.000
225.155556 225.165972   794.8   22.7   16.2 0.000
225.243750 225.254167   778.1   22.2   15.9 0.000
225.411111 225.421528   810.4   23.1   16.5 0.000
225.493750 225.504167   771.3   22.0   15.7 0.000
225.577083 225.587500   769.2   22.0   15.7 0.000
225.659722 225.670139   769.9   22.0   15.7 0.000
225.743056 225.753472   815.9   23.3   16.6 0.000
225.826389 225.836806   813.0   23.2   16.6 0.000
225.909028 225.919444   824.3   23.5   16.8 0.000
225.992361 226.002778   811.1   23.2   16.5 0.000
226.075000 226.085417   798.8   22.8   16.3 0.000
226.158333 226.168750   801.8   22.9   16.3 0.000
226.243750 226.254167   812.6   23.2   16.6 0.000
226.327083 226.337500   810.2   23.1   16.5 0.000
226.410417 226.420833   820.6   23.4   16.7 0.000
226.493750 226.504167   806.3   23.0   16.4 0.000
226.576389 226.586806   802.9   22.9   16.4 0.000
226.659722 226.670139   805.9   23.0   16.4 0.000
226.743056 226.753472   807.7   23.1   16.5 0.000
226.826389 226.836806   821.1   23.4   16.7 0.000
226.909722 226.920139   867.9   24.8   17.7 0.000
226.993056 227.003472   805.0   23.0   16.4 0.000
227.075694 227.086111   798.8   22.8   16.3 0.000
227.159028 227.169444   804.3   23.0   16.4 0.000
227.242361 227.252778   804.9   23.0   16.4 0.000
227.325694 227.336111   978.7   27.9   19.9 0.000
227.409028 227.419444   813.6   23.2   16.6 0.000
227.492361 227.502778   782.9   22.4   16.0 0.000
227.575694 227.586111   774.5   22.1   15.8 0.000
227.659028 227.669444   796.3   22.7   16.2 0.000
227.742361 227.752778   793.7   22.7   16.2 0.000
227.825694 227.836111   761.7   21.8   15.5 0.000
227.909028 227.919444   759.8   21.7   15.5 0.000
227.992361 228.002778   730.0   20.9   14.9 0.000
228.075694 228.086111   740.5   21.2   15.1 0.000
228.159028 228.169444   728.9   20.8   14.9 0.000
228.242361 228.252778   711.7   20.3   14.5 0.000
228.493056 228.503472   832.5   23.8   17.0 0.000
229.493750 229.504167   778.6   22.2   15.9 0.000
229.993750 230.004167   792.5   22.6   16.2 0.000
230.493056 230.503472   772.1   22.1   15.7 0.000
230.993056 231.003472   703.7   20.1   14.4 0.000
231.493056 231.503472   620.6   17.8   12.7 0.000
231.993750 232.004167   583.8   16.7   12.0 0.000
232.494444 232.504861   787.6   22.5   16.1 0.000
232.994444 233.004861   738.7   21.1   15.1 0.000
233.496528 233.506944   623.2   17.8   12.8 0.000
233.997222 234.007639   604.2   17.3   12.4 0.000
234.493750 234.504167   742.9   21.2   15.2 0.000
234.994444 235.004861   863.2   24.6   17.6 0.000
235.554167 235.564583   765.3   21.9   15.6 0.000
236.495139 236.505556   725.2   20.7   14.8 0.000
236.996528 237.006944   775.4   22.2   15.8 0.000
237.498611 237.509028   836.8   23.9   17.0 0.000
238.000694 238.011111   894.0   25.5   18.2 0.000
238.502778 238.513194   785.2   22.4   16.0 0.000
239.004861 239.015278   791.3   22.6   16.1 0.000
239.499306 239.509722   817.1   23.3   16.7 0.000
240.001389 240.011806   842.8   24.1   17.2 0.000
240.493750 240.504167   943.5   26.9   19.2 0.000
240.995139 241.005556   888.0   25.3   18.1 0.000
241.493056 241.503472   901.6   25.7   18.4 0.000
241.994444 242.004861   871.5   24.9   17.7 0.000
242.498611 242.509028   863.9   24.7   17.6 0.000
243.000000 243.010417   937.8   26.8   19.1 0.000
243.497917 243.508333   982.3   28.0   20.0 0.000
243.999306 244.009722   995.0   28.4   20.2 0.000
244.500694 244.511111  1018.2   29.0   20.7 0.000
245.002083 245.012500  1090.5   31.1   22.2 0.000
245.503472 245.513889  1111.7   31.7   22.6 0.000
246.004861 246.015278  1271.7   36.2   25.8 0.000
246.497222 246.507639  1175.9   33.5   23.9 0.000
246.998611 247.009028  1428.7   40.7   29.0 0.000
247.497917 247.508333  1385.4   39.5   28.1 0.000
247.999306 248.009722  1422.4   40.5   28.9 0.000
248.497917 248.508333  1532.0   43.6   31.1 0.000
248.999306 249.009722  1134.9   32.4   23.1 0.000
249.492361 249.502778   991.0   28.3   20.2 0.000
249.993750 250.004167   890.6   25.4   18.1 0.000
250.495139 250.505556   990.5   28.3   20.1 0.000
250.995139 251.005556   936.0   26.7   19.0 0.000
251.495833 251.506250   930.2   26.5   18.9 0.000
251.996528 252.006944   879.0   25.1   17.9 0.000
252.496528 252.506944   903.5   25.8   18.4 0.000
252.997222 253.007639   950.9   27.1   19.3 0.000
253.500000 253.510417  1030.2   29.4   20.9 0.000
254.000694 254.011111   766.4   21.9   15.6 0.000
254.495139 254.505556  1078.3   30.7   21.9 0.000
254.995833 255.006250   869.7   24.8   17.7 0.000
255.495833 255.506250   989.6   28.2   20.1 0.000
255.996528 256.006944  1021.6   29.1   20.8 0.000
256.495139 256.505556  1087.9   31.0   22.1 0.000
256.995833 257.006250  1096.0   31.2   22.3 0.000
257.498611 257.509028  1055.5   30.1   21.5 0.000
257.999306 258.009722  1108.0   31.6   22.5 0.000
258.500000 258.510417   982.4   28.0   20.0 0.000
259.001389 259.011806  1049.1   29.9   21.3 0.000
259.503472 259.513889  1029.3   29.4   20.9 0.000
260.004861 260.015278  1066.4   30.4   21.7 0.000
260.496528 260.506944  1135.8   32.4   23.1 0.000
260.997917 261.008333  1137.4   32.4   23.1 0.000
261.499306 261.509722  1085.9   31.0   22.1 0.000
262.000694 262.011111   849.0   24.2   17.3 0.000
262.495833 262.506250  1073.9   30.6   21.8 0.000
262.997222 263.007639  1125.0   32.1   22.9 0.000
263.496528 263.506944  1066.0   30.4   21.7 0.000
263.998611 264.009028  1069.2   30.5   21.7 0.000
264.495139 264.505556  1110.5   31.7   22.6 0.000
264.995139 265.005556  1006.8   28.7   20.5 0.000
265.495139 265.505556   946.5   27.0   19.3 0.000
265.995139 266.005556  1122.6   32.0   22.8 0.000
266.495833 266.506250  1043.7   29.8   21.2 0.000
266.995833 267.006250   817.5   23.3   16.7 0.000
267.995833 268.006250  1113.5   31.7   22.6 0.000
268.495139 268.505556  1183.8   33.7   24.0 0.000
268.995833 269.006250  1312.6   37.4   26.6 0.000
269.496528 269.506944   926.9   26.4   18.9 0.000
269.997222 270.007639  1167.0   33.3   23.7 0.000
270.495833 270.506250  1053.8   30.1   21.4 0.000
270.996528 271.006944  1130.2   32.2   23.0 0.000
271.495833 271.506250  1121.8   32.0   22.8 0.000
271.996528 272.006944  1126.6   32.1   22.9 0.000
272.497222 272.507639  1184.1   33.7   24.0 0.000
272.997917 273.008333  1179.0   33.6   23.9 0.000
273.499306 273.509722  1242.7   35.4   25.2 0.000
274.000000 274.010417  1374.3   39.2   27.9 0.000
274.495833 274.506250  1302.6   37.1   26.4 0.000
274.996528 275.006944  1186.5   33.8   24.1 0.000
275.494444 275.504861  1120.8   32.0   22.8 0.000
275.994444 276.004861  1094.3   31.2   22.2 0.000
276.494444 276.504861   932.3   26.6   19.0 0.000
276.995139 277.005556  1000.0   28.5   20.3 0.000
277.495139 277.505556   978.8   27.9   19.9 0.000
277.995833 278.006250  1206.9   34.4   24.5 0.000
278.495139 278.505556  1010.6   28.8   20.6 0.000
278.999306 279.009722  1352.1   38.7   27.7 0.000
281.496528 281.506944  1133.8   32.3   23.0 0.000
281.996528 282.006944   986.6   28.1   20.1 0.000
282.495833 282.506250   798.1   22.8   16.3 0.000
282.996528 283.006944  1368.4   39.0   27.8 0.000
283.498611 283.509028  1260.9   35.9   25.6 0.000
284.000000 284.010417  1468.9   41.8   29.8 0.000
284.497222 284.507639  1451.9   41.4   29.5 0.000
284.998611 285.009028  1094.6   31.2   22.2 0.000
285.497222 285.507639  1006.9   28.7   20.5 0.000
285.997917 286.008333  1173.0   33.4   23.8 0.000
286.499306 286.509722  1213.4   34.6   24.6 0.000
287.000694 287.011111  1459.2   41.6   29.6 0.000
287.502083 287.512500  1418.3   40.4   28.8 0.000
288.003472 288.013889  1443.8   41.1   29.3 0.000
288.496528 288.506944  1359.1   38.7   27.6 0.000
288.997917 289.008333  1395.2   39.7   28.3 0.000
289.491667 289.502083  1348.5   38.4   27.4 0.000
289.991667 290.002083  1310.7   37.3   26.6 0.000
290.518056 290.528472  1031.4   29.4   21.0 0.000
291.018056 291.028472   880.9   25.1   17.9 0.000
291.493056 291.503472   954.2   27.2   19.4 0.000
291.993750 292.004167   842.5   24.1   17.2 0.000
292.494444 292.504861   972.8   27.8   19.8 0.000
292.995139 293.005556  1219.5   34.8   24.8 0.000
293.495833 293.506250  1130.3   32.2   23.0 0.000
293.997222 294.007639  1191.4   34.0   24.2 0.000
294.497917 294.508333  1228.0   35.0   24.9 0.000
294.998611 295.009028  1060.9   30.3   21.6 0.000
295.493750 295.504167  2034.8   57.9   41.2 0.000
295.995139 296.005556  1747.8   49.8   35.4 0.000
296.497222 296.507639  1832.8   52.2   37.2 0.000
296.997917 297.008333  1971.1   56.1   40.0 0.000
297.495833 297.506250  2081.5   59.3   42.2 0.000
297.996528 298.006944  1867.0   53.2   37.8 0.000
298.495833 298.506250  1308.2   37.3   26.6 0.000
298.997917 299.008333   872.1   24.9   17.8 0.000
299.495833 299.506250  1990.9   56.7   40.3 0.000
299.997222 300.007639  1781.2   50.7   36.1 0.000
300.498611 300.509028  1743.9   49.7   35.3 0.000
301.000000 301.010417  1567.5   44.6   31.8 0.000
301.501389 301.511806  1608.5   45.8   32.6 0.000
302.002778 302.013194  1773.7   50.5   36.0 0.000
302.496528 302.506944  1661.4   47.3   33.7 0.000
302.997917 303.008333  1422.4   40.5   28.9 0.000
303.514583 303.525000  1180.0   33.6   24.0 0.000
304.014583 304.025000  1184.2   33.8   24.1 0.000
304.497917 304.508333  1330.9   37.9   27.0 0.000
304.998611 305.009028  1394.1   39.7   28.3 0.000
305.499306 305.509722  1325.1   37.8   26.9 0.000
305.999306 306.009722  1330.6   37.9   27.0 0.000
306.493056 306.503472  1314.1   37.4   26.7 0.000
306.993056 307.003472  1319.8   37.6   26.8 0.000
307.493750 307.504167  1359.7   38.7   27.6 0.000
307.994444 308.004861  1257.5   35.8   25.5 0.000
308.495139 308.505556  1520.5   43.3   30.8 0.000
308.995833 309.006250  1188.2   33.9   24.1 0.000
309.493056 309.503472  1343.1   38.3   27.3 0.000
309.993750 310.004167  1470.5   41.9   29.8 0.000
310.496528 310.506944  1573.0   44.8   31.9 0.000
310.997222 311.007639  1666.2   47.5   33.8 0.000
311.495139 311.505556  1529.1   43.6   31.0 0.000
311.996528 312.006944  1374.9   39.2   27.9 0.000
312.497917 312.508333  1234.2   35.2   25.1 0.000
312.999306 313.009722  1490.8   42.5   30.2 0.000
313.500694 313.511111  1614.0   46.0   32.7 0.000
