data/obs/c2h6/WDCGG/event/DE0043G.20170101115100.20180207000000.online_gc.ethane.air.1y.12h.DE09L_Varian_GC-3800-FID_HPB_C2-C8-hydrocarb.DE09L_Measurements_of_Hydrocarbons_GC-3800.lev2.nas
74 1001
Claude, Anja; Kubistin, Dagmar
DE09L, Deutscher Wetterdienst, DWD, Met. Obs., Hohenspeissenberg, , 82283, Hohenspeissenberg, Germany
Claude, Anja
ACTRIS EMEP GAW-WDCRG
1 1
2017 01 01 2018 02 07
0
days from file reference point
5
1 1 1 1 1
999.999999 99999.9 9999.9 9999.9 9.999
end_time of measurement, days from the file reference point
ethane, pmol/mol, Statistics=arithmetic mean
ethane, pmol/mol, Statistics=expanded uncertainty 2sigma
ethane, pmol/mol, Statistics=precision
numflag, no unit
0
55
Data definition:              EBAS_1.1
Set type code:                TI
Timezone:                     UTC
File name:                    DE0043G.20170101115100.20180207000000.online_gc.ethane.air.1y.12h.DE09L_Varian_GC-3800-FID_HPB_C2-C8-hydrocarb.DE09L_Measurements_of_Hydrocarbons_GC-3800.lev2.nas
File creation:                20190306184600
Startdate:                    20170101115100
Revision date:                20180207000000
Version:                      1
Version description:          initial revision, manually inspected
Data level:                   2
Period code:                  1y
Resolution code:              12h
Sample duration:              15mn
Orig. time res.:              15mn
Station code:                 DE0043G
Platform code:                DE0043S
Station name:                 Hohenpeissenberg
Station WDCA-ID:              GAWADE__HPB
Station GAW-ID:               HPB
Station GAW-Name:             Hohenpeissenberg
Station land use:             Grassland
Station setting:              Mountain
Station GAW type:             G
Station WMO region:           6
Station latitude:             47.8014984131
Station longitude:            11.0096197128
Station altitude:             985.0m
Measurement altitude:         1000.0m
Measurement height:           15.0m
Regime:                       IMG
Component:                    ethane
Unit:                         pmol/mol
Matrix:                       air
Instrument type:              online_gc
Laboratory code:              DE09L
Instrument name:              Varian_GC-3800-FID_HPB_C2-C8-hydrocarb
Instrument manufacturer:      Varian
Instrument model:             GC-3800
Instrument serial number:     104633
Method ref:                   DE09L_Measurements_of_Hydrocarbons_GC-3800
Standard method:              SOP=ACTRIS_VOC_2014
Calibration scale:            NPL
Calibration standard ID:      Manufacturer NPL (quantum passivated cylinder form Air products); Batch D910379
Inlet type:                   Hat or hood
Inlet description:            Downward facing with hood
Detection limit expl.:        Determined by multiple peak integration of zero gas measurements, detection limit flag 147 is used for values under detection  limit defined as 3-sigma precision
Measurement uncertainty expl.: "Includes reproducibility (precision) + systematic errors (accuracy). Ref:http://www.atmos-meas-tech.net/8/2715/2015/"
Zero/negative values code:    Zero/negative possible
Zero/negative values:         Zero and neg. values may appear due to statistical variations at very low concentrations
Originator:                   Claude, Anja, anja.claude@dwd.de, Deutscher Wetterdienst, DWD, Hohenpeissenberg Meteorological Observatory, Albin-Schwaiger-Weg 10, , D-82383, Hohenpeissenberg, Germany
Originator:                   Kubistin, Dagmar, dagmar.kubistin@dwd.de, Deutscher Wetterdienst, DWD, Hohenpeissenberg Meteorological Observatory, Albin-Schwaiger-Weg 10, , D-82383, Hohenpeissenberg, Germany
Submitter:                    Claude, Anja, anja.claude@dwd.de, Deutscher Wetterdienst, DWD, Hohenpeissenberg Meteorological Observatory, Albin-Schwaiger-Weg 10, , D-82383, Hohenpeissenberg, Germany
Acknowledgement:              Request acknowledgement details from data originator
Comment:                      "preconcentration on glass beeds (-197\B0C), o3 removed, cryo-dryer at -40\B0C, 2 week calibration interval, two targets used (second target: Aluminium cylinder (Luxfer) filled with compressed ambient air (RIX compressor); Batch Referenzluft_15RIX )"
starttime endtime C2H6 C2H6 C2H6 flag
[from data line 321]
137.494444 137.504861  1172.4   33.4   23.8 0.000
137.994444 138.004861  1184.1   33.7   24.0 0.000
138.077778 138.088194  1264.3   36.0   25.6 0.000
138.161111 138.171528  1205.2   34.3   24.4 0.000
138.209722 138.220139  1130.8   32.2   22.9 0.000
138.259028 138.269444  1277.9   36.4   25.9 0.000
138.309028 138.319444  1277.7   36.4   25.9 0.000
138.357639 138.368056  1274.9   36.3   25.9 0.000
138.406944 138.417361  1254.4   35.7   25.4 0.000
138.493750 138.504167  1243.5   35.4   25.2 0.000
138.577083 138.587500  1297.7   37.0   26.3 0.000
138.660417 138.670833  1347.1   38.4   27.3 0.000
138.709722 138.720139  1352.3   38.5   27.4 0.000
138.759028 138.769444  1337.3   38.1   27.1 0.000
138.808333 138.818750  1343.3   38.3   27.2 0.000
138.880556 138.890972  1322.2   37.7   26.8 0.000
138.994444 139.004861  1308.6   37.3   26.5 0.000
139.494444 139.504861  1305.7   37.2   26.5 0.000
139.994444 140.004861  1393.6   39.7   28.2 0.000
140.493750 140.504167  1328.6   37.8   26.9 0.000
140.993750 141.004167  1424.0   40.5   28.9 0.000
141.495139 141.505556  1282.6   36.5   26.0 0.000
141.995139 142.005556  1266.8   36.1   25.7 0.000
142.495139 142.505556  1191.3   33.9   24.2 0.000
142.995139 143.005556  1148.4   32.7   23.3 0.000
143.495139 143.505556  1226.2   34.9   24.9 0.000
143.995139 144.005556  1375.4   39.2   27.9 0.000
144.495139 144.505556  1333.6   38.0   27.0 0.000
144.995139 145.005556  1290.9   36.8   26.2 0.000
145.494444 145.504861  1154.8   32.9   23.4 0.000
145.994444 146.004861  1177.5   33.5   23.9 0.000
146.494444 146.504861  1048.0   29.9   21.3 0.000
146.994444 147.004861  1059.6   30.2   21.5 0.000
147.493750 147.504167   979.5   27.9   19.9 0.000
147.994444 148.004861   980.9   28.0   19.9 0.000
148.445833 148.456250   909.2   25.9   18.5 0.000
148.995139 149.005556  1012.3   28.9   20.6 0.000
149.495139 149.505556   989.9   28.2   20.1 0.000
149.994444 150.004861  1055.2   30.1   21.4 0.000
150.494444 150.504861  1030.0   29.4   20.9 0.000
150.994444 151.004861  1117.2   31.8   22.7 0.000
151.495139 151.505556   987.5   28.2   20.1 0.000
151.995139 152.005556   997.8   28.4   20.3 0.000
152.494444 152.504861   980.1   27.9   19.9 0.000
152.994444 153.004861  1010.0   28.8   20.5 0.000
153.494444 153.504861   961.4   27.4   19.5 0.000
153.994444 154.004861  1007.1   28.7   20.5 0.000
154.494444 154.504861   921.4   26.3   18.7 0.000
154.994444 155.004861   938.9   26.8   19.1 0.000
155.494444 155.504861   921.9   26.3   18.7 0.000
155.994444 156.004861  1099.4   31.3   22.3 0.000
156.493056 156.503472  1092.9   31.1   22.2 0.000
156.993056 157.003472  1091.4   31.1   22.2 0.000
157.495139 157.505556  1068.3   30.4   21.7 0.000
157.995139 158.005556  1071.5   30.5   21.8 0.000
158.495139 158.505556  1056.5   30.1   21.5 0.559
158.995139 159.005556  1058.0   30.2   21.5 0.000
159.494444 159.504861   890.2   25.4   18.1 0.000
159.994444 160.004861   825.4   23.6   16.8 0.000
160.494444 160.504861   913.2   26.0   18.6 0.000
160.994444 161.004861  1004.8   28.6   20.4 0.000
161.494444 161.504861   989.2   28.2   20.1 0.000
161.993750 162.004167   885.2   25.3   18.0 0.000
162.495139 162.505556   869.9   24.8   17.7 0.000
162.995139 163.005556   997.3   28.4   20.3 0.000
163.495139 163.505556   966.0   27.5   19.6 0.000
163.995139 164.005556  1129.0   32.2   22.9 0.000
164.495139 164.505556  1034.8   29.5   21.0 0.000
164.995139 165.005556  1062.6   30.3   21.6 0.559
165.495139 165.505556   830.9   23.7   16.9 0.559
165.995139 166.005556   609.1   17.4   12.5 0.559
166.495139 166.505556   891.0   25.4   18.1 0.559
166.995139 167.005556  1023.2   29.2   20.8 0.559
167.495139 167.505556  1078.4   30.7   21.9 0.559
167.995139 168.005556  1109.2   31.6   22.5 0.559
168.494444 168.504861  1036.4   29.5   21.0 0.559
168.994444 169.004861  1083.1   30.9   22.0 0.559
169.493056 169.503472  1014.4   28.9   20.6 0.559
169.993056 170.003472   973.8   27.8   19.8 0.559
170.493056 170.503472   936.7   26.7   19.0 0.559
170.993056 171.003472   885.6   25.3   18.0 0.000
171.493056 171.503472   862.3   24.6   17.5 0.000
171.993056 172.003472   901.5   25.7   18.3 0.000
172.494444 172.504861   817.2   23.3   16.6 0.000
172.994444 173.004861   825.3   23.6   16.8 0.000
173.501389 173.511806   670.8   19.2   13.7 0.000
174.001389 174.011806   762.2   21.8   15.5 0.000
174.084722 174.095139   785.5   22.4   16.0 0.000
174.168056 174.178472   787.2   22.5   16.0 0.000
174.217361 174.227778   797.6   22.8   16.2 0.000
174.265972 174.276389   795.8   22.7   16.2 0.000
174.315278 174.325694   792.9   22.6   16.1 0.000
174.364583 174.375000   811.9   23.2   16.5 0.000
174.413889 174.424306   816.1   23.3   16.6 0.000
174.500694 174.511111   776.5   22.2   15.8 0.000
174.584028 174.594444   762.8   21.8   15.5 0.000
174.667361 174.677778   704.9   20.1   14.4 0.000
174.716667 174.727083   701.3   20.0   14.3 0.000
174.765972 174.776389   715.3   20.4   14.6 0.000
174.815278 174.825694   716.2   20.5   14.6 0.000
174.888194 174.898611   737.7   21.1   15.0 0.000
175.000694 175.011111   711.3   20.3   14.5 0.000
175.500694 175.511111   737.7   21.1   15.0 0.000
176.000694 176.011111   719.5   20.6   14.7 0.000
176.494444 176.504861   641.7   18.3   13.1 0.000
176.994444 177.004861   569.9   16.3   11.7 0.000
177.494444 177.504861   624.1   17.9   12.8 0.559
177.994444 178.004861   665.9   19.0   13.6 0.000
178.496528 178.506944   693.5   19.8   14.2 0.000
178.995833 179.006250   657.5   18.8   13.4 0.000
179.499306 179.509722   799.8   22.8   16.3 0.000
179.998611 180.009028   819.5   23.4   16.7 0.000
180.493750 180.504167   800.7   22.9   16.3 0.000
180.993750 181.004167   842.8   24.0   17.2 0.000
181.493056 181.503472   787.4  159.9  159.1 0.000
181.993056 182.003472   905.1  183.8  182.9 0.000
182.493056 182.503472   959.2  194.7  193.8 0.000
182.992361 183.002778   883.7  179.4  178.5 0.000
183.493750 183.504167   782.4  158.8  158.1 0.000
183.993750 184.004167   775.3   82.1   80.6 0.000
184.493750 184.504167   746.5  225.5  225.0 0.000
184.993750 185.004167   730.1  220.5  220.0 0.000
185.493750 185.504167   685.3  139.1  138.5 0.000
185.993750 186.004167   710.3   75.2   73.9 0.000
186.494444 186.504861   598.6  180.8  180.4 0.000
186.994444 187.004861   577.7   61.2   60.1 0.000
187.494444 187.504861   683.0  138.7  138.0 0.000
187.994444 188.004861   643.7   68.2   67.0 0.000
188.494444 188.504861   641.1  130.2  129.5 0.000
188.994444 189.004861   822.5  248.4  247.9 0.000
189.494444 189.504861   831.1   88.0   86.4 0.000
189.993750 190.004167   846.1   89.6   88.0 0.000
190.494444 190.504861   699.2  142.0  141.3 0.000
190.993750 191.004167   846.1   29.5   24.2 0.000
191.494444 191.504861   586.2  119.0  118.4 0.000
191.994444 192.004861   632.2  190.9  190.5 0.000
192.494444 192.504861   628.8  189.9  189.5 0.000
192.994444 193.004861   867.9   91.9   90.3 0.000
193.494444 193.504861   859.8   30.0   24.6 0.000
193.994444 194.004861   772.7  233.4  232.9 0.000
194.495833 194.506250   785.2   27.4   22.5 0.000
194.995139 195.005556   849.5  172.5  171.6 0.000
195.495139 195.505556   865.3  261.3  260.8 0.000
195.994444 196.004861   818.6  166.2  165.4 0.000
196.494444 196.504861   775.5  234.2  233.7 0.000
196.993750 197.004167   765.4  155.4  154.6 0.000
197.495833 197.506250   732.2  221.2  220.7 0.000
197.995833 198.006250   737.9  222.9  222.4 0.000
198.495139 198.505556   659.2  199.1  198.7 0.000
198.995139 199.005556   669.8  202.3  201.9 0.000
199.495139 199.505556   740.4   78.4   77.0 0.000
199.995139 200.005556   625.4  188.9  188.5 0.000
200.494444 200.504861   695.7   73.7   72.4 0.000
200.994444 201.004861   687.1  207.5  207.1 0.000
201.494444 201.504861   678.2  137.7  137.0 0.000
201.994444 202.004861   765.4   81.1   79.6 0.000
202.494444 202.504861   717.9  145.8  145.0 0.000
202.994444 203.004861   773.1  233.5  233.0 0.000
203.494444 203.504861   764.2   26.7   21.9 0.000
203.994444 204.004861   749.6   79.4   78.0 0.000
204.494444 204.504861   669.8  136.0  135.3 0.000
204.994444 205.004861   716.3  145.4  144.7 0.000
205.494444 205.504861   782.0  236.2  235.7 0.000
205.994444 206.004861   747.4  225.7  225.2 0.000
206.495139 206.505556   812.0   86.0   84.5 0.000
206.994444 207.004861   786.0  159.6  158.8 0.000
207.494444 207.504861   695.0  141.1  140.4 0.000
207.994444 208.004861   616.4   65.3   64.1 0.000
208.494444 208.504861   793.5  161.1  160.3 0.000
208.994444 209.004861   707.2  213.6  213.1 0.000
209.493750 209.504167   770.8  156.5  155.7 0.000
209.993750 210.004167   646.0   22.6   18.5 0.000
210.077083 210.087500   646.9  195.4  195.0 0.000
210.159722 210.170139   649.3  131.8  131.2 0.000
210.209722 210.220139   633.8  191.4  191.0 0.000
210.258333 210.268750   626.3  189.2  188.8 0.000
210.307639 210.318056   618.3  186.7  186.3 0.000
210.357639 210.368056   618.3   21.6   17.7 0.000
210.406250 210.416667   615.1  124.9  124.3 0.000
210.493056 210.503472   608.4  183.7  183.3 0.000
210.576389 210.586806   598.2  121.5  120.9 0.000
210.659722 210.670139   592.9  120.4  119.8 0.000
210.709028 210.719444   590.0  178.2  177.8 0.000
210.757639 210.768056   621.5  187.7  187.3 0.000
210.807639 210.818056   569.4  115.6  115.0 0.000
210.880556 210.890972   546.1  165.0  164.6 0.000
210.993056 211.003472   617.1  125.3  124.7 0.000
211.494444 211.504861   541.9   19.0   15.6 0.000
211.994444 212.004861   579.7   20.3   16.6 0.000
212.494444 212.504861   663.0   24.4   20.5 0.000
212.994444 213.004861   655.6   24.1   20.2 0.000
213.495139 213.505556   774.5   28.5   23.9 0.000
213.995139 214.005556   707.5   26.0   21.8 0.000
214.495833 214.506250   775.9   28.5   23.9 0.000
214.995833 215.006250   872.1   32.0   26.9 0.000
215.495139 215.505556   599.8   22.1   18.5 0.000
215.995139 216.005556   574.7   21.2   17.8 0.000
216.495139 216.505556   468.2   17.3   14.5 0.000
216.995833 217.006250   669.6   24.6   20.7 0.000
217.495139 217.505556   740.0   27.2   22.8 0.559
217.995139 218.005556   692.3   25.5   21.4 0.000
218.495139 218.505556   705.9   26.0   21.8 0.000
218.995139 219.005556   685.8   25.2   21.2 0.000
219.562500 219.572917   754.7   27.7   23.3 0.000
219.995833 220.006250   717.7   26.4   22.1 0.000
220.493750 220.504167   689.1   25.3   21.3 0.000
220.993750 221.004167   861.7   31.7   26.6 0.000
221.493750 221.504167   710.9   26.1   21.9 0.000
221.993750 222.004167   712.4   26.2   22.0 0.000
222.493750 222.504167   714.3   26.3   22.0 0.000
222.993750 223.004167   738.3   27.1   22.8 0.000
223.493750 223.504167   761.8   28.0   23.5 0.000
223.993750 224.004167   800.2   29.4   24.7 0.000
224.493750 224.504167   663.6   24.4   20.5 0.000
224.993750 225.004167   644.4   23.7   19.9 0.000
225.495139 225.505556   630.7   23.2   19.5 0.000
226.000694 226.011111   677.0   24.9   20.9 0.000
226.500000 226.510417   623.7   23.0   19.3 0.000
227.000000 227.010417   648.4   23.9   20.0 0.000
227.495139 227.505556   667.6   24.6   20.6 0.000
227.995139 228.005556   699.9   25.7   21.6 0.000
228.494444 228.504861   635.0   23.4   19.6 0.000
228.994444 229.004861   671.5   24.7   20.7 0.000
229.495139 229.505556   678.4   25.0   20.9 0.000
229.995139 230.005556   569.8   21.0   17.6 0.000
230.495139 230.505556   725.4   26.7   22.4 0.000
230.994444 231.004861   768.3   28.2   23.7 0.000
231.494444 231.504861   683.1   25.1   21.1 0.000
231.993750 232.004167   759.2   27.9   23.4 0.000
232.495833 232.506250   722.5   26.6   22.3 0.000
232.995833 233.006250   735.5   27.0   22.7 0.000
233.493056 233.503472   697.3   25.6   21.5 0.000
233.993056 234.003472   770.7   28.3   23.8 0.000
234.495833 234.506250   734.2   27.0   22.7 0.000
234.995833 235.006250   570.6   21.0   17.6 0.000
235.502083 235.512500   575.7   21.2   17.8 0.000
236.002083 236.012500   563.3   20.7   17.4 0.000
236.495139 236.505556   597.4   22.0   18.5 0.000
236.995139 237.005556   622.4   22.9   19.2 0.000
237.495139 237.505556   614.2   22.6   19.0 0.000
237.995833 238.006250   631.9   23.3   19.5 0.000
238.495833 238.506250   652.8   24.0   20.2 0.000
238.996528 239.006944   691.1   25.4   21.3 0.000
239.495833 239.506250   698.4   25.7   21.6 0.000
239.995833 240.006250   875.0   32.1   27.0 0.000
240.495139 240.505556   848.6   31.2   26.2 0.000
240.996528 241.006944   841.7   30.9   25.9 0.000
241.496528 241.506944   644.1   23.7   19.9 0.000
241.997222 242.007639   906.2   33.3   27.9 0.000
242.495139 242.505556   853.3   31.4   26.3 0.000
242.994444 243.004861  1135.5   41.7   35.0 0.000
243.495139 243.505556   932.6   26.6   19.0 0.000
243.995139 244.005556  1049.0   29.9   21.3 0.000
244.494444 244.504861   937.9   26.7   19.1 0.000
244.994444 245.004861  1036.4   29.5   21.0 0.000
245.494444 245.504861   932.5   26.6   19.0 0.000
245.994444 246.004861   916.4   26.1   18.6 0.000
246.495139 246.505556   920.3   26.2   18.7 0.000
246.994444 247.004861   988.8   28.2   20.1 0.000
247.495833 247.506250   977.8   27.9   19.9 0.000
247.995833 248.006250   727.6   20.8   14.8 0.000
248.494444 248.504861   829.6   23.7   16.9 0.000
248.993750 249.004167   914.1   26.1   18.6 0.000
249.495139 249.505556   904.2   25.8   18.4 0.000
249.994444 250.004861   890.8   25.4   18.1 0.000
250.495139 250.505556   878.4   25.1   17.9 0.000
250.995139 251.005556   927.7   26.5   18.9 0.000
251.494444 251.504861   911.6   26.0   18.5 0.000
251.994444 252.004861  1101.8   31.4   22.4 0.000
252.494444 252.504861  1034.9   29.5   21.0 0.000
252.994444 253.004861  1034.2   29.5   21.0 0.000
253.493056 253.503472   965.3   27.5   19.6 0.000
253.993056 254.003472   931.3   26.6   18.9 0.000
254.495139 254.505556   899.7   25.7   18.3 0.000
254.995139 255.005556   909.6   25.9   18.5 0.000
255.495139 255.505556   739.2   21.1   15.1 0.000
255.994444 256.004861   617.3   17.7   12.6 0.000
256.495139 256.505556   907.4   25.9   18.5 0.000
256.994444 257.004861   845.1   24.1   17.2 0.000
257.494444 257.504861   834.3   23.8   17.0 0.000
257.994444 258.004861   895.9   25.6   18.2 0.000
258.493750 258.504167   913.1   26.0   18.6 0.000
258.993750 259.004167   989.2   28.2   20.1 0.000
259.493750 259.504167   918.5   26.2   18.7 0.000
259.993056 260.003472   992.0   28.3   20.2 0.000
260.494444 260.504861   985.4   28.1   20.0 0.000
260.994444 261.004861  1103.1   31.4   22.4 0.000
261.494444 261.504861  1061.0   30.2   21.5 0.000
261.993750 262.004167  1122.6   32.0   22.8 0.000
262.497917 262.508333  1209.6   34.5   24.5 0.000
262.997917 263.008333  1172.5   33.4   23.8 0.000
263.494444 263.504861  1196.3   34.1   24.3 0.000
263.994444 264.004861  1202.9   34.3   24.4 0.000
264.494444 264.504861  1174.4   33.5   23.8 0.000
264.994444 265.004861  1166.8   33.2   23.7 0.000
265.494444 265.504861  1216.6   34.7   24.7 0.000
265.994444 266.004861  1294.9   36.9   26.3 0.000
266.493750 266.504167  1256.8   35.8   25.5 0.000
266.993750 267.004167  1172.7   33.4   23.8 0.000
267.494444 267.504861  1131.8   32.2   23.0 0.000
267.994444 268.004861  1168.3   33.3   23.7 0.000
268.494444 268.504861  1159.3   33.0   23.5 0.000
268.993750 269.004167  1207.6   34.4   24.5 0.000
269.493750 269.504167  1216.2   34.6   24.7 0.000
269.993750 270.004167  1177.2   33.5   23.9 0.000
270.494444 270.504861  1134.1   32.3   23.0 0.000
270.994444 271.004861  1091.0   31.1   22.1 0.000
271.491667 271.502083  1146.6   32.7   23.3 0.000
271.990972 272.001389  1092.5   31.1   22.2 0.000
272.490972 272.501389   954.5   27.2   19.4 0.000
272.990972 273.001389  1123.3   32.0   22.8 0.000
273.073611 273.084028  1098.0   31.3   22.3 0.000
273.156944 273.167361  1022.5   29.1   20.8 0.000
273.206250 273.216667  1013.5   28.9   20.6 0.000
273.256250 273.266667  1024.4   29.2   20.8 0.000
273.304861 273.315278  1036.1   29.5   21.0 0.000
273.354167 273.364583  1041.9   29.7   21.2 0.000
273.403472 273.413889  1054.8   30.1   21.4 0.000
273.490278 273.500694  1101.4   31.4   22.4 0.000
