data/obs/c2h6/WDCGG/event/DE0043G.20120101000000.20170621000000.online_gc.ethane.air.1y.12h.DE09L_Varian_GC-3800-FID_HPB_C2-C8-hydrocarb.DE09L_Measurements_of_Hydrocarbons_GC-3800.lev2.nas
74 1001
Claude, Anja; Plass-Duelmer, Christian
DE09L, Deutscher Wetterdienst, DWD, Met. Obs., Hohenspeissenberg, , 82283, Hohenspeissenberg, Germany
Claude, Anja
ACTRIS EMEP GAW-WDCRG
1 1
2012 01 01 2017 06 21
0
days from file reference point
5
1 1 1 1 1
999.999999 99999.9 9999.9 9999.9 9.999
end_time of measurement, days from the file reference point
ethane, pmol/mol, Statistics=arithmetic mean
ethane, pmol/mol, Statistics=expanded uncertainty 2sigma
ethane, pmol/mol, Statistics=precision
numflag, no unit
0
55
Data definition:              EBAS_1.1
Set type code:                TI
Timezone:                     UTC
File name:                    DE0043G.20120101000000.20170621000000.online_gc.ethane.air.1y.12h.DE09L_Varian_GC-3800-FID_HPB_C2-C8-hydrocarb.DE09L_Measurements_of_Hydrocarbons_GC-3800.lev2.nas
File creation:                20190306184600
Startdate:                    20120101000000
Revision date:                20170621000000
Version:                      3
Version description:          2nd revision 2017, manually inspected, 2017 header
Data level:                   2
Period code:                  1y
Resolution code:              12h
Sample duration:              15mn
Orig. time res.:              15mn
Station code:                 DE0043G
Platform code:                DE0043S
Station name:                 Hohenpeissenberg
Station WDCA-ID:              GAWADE__HPB
Station GAW-ID:               HPB
Station GAW-Name:             Hohenpeissenberg
Station land use:             Grassland
Station setting:              Mountain
Station GAW type:             G
Station WMO region:           6
Station latitude:             47.8014984131
Station longitude:            11.0096197128
Station altitude:             985.0m
Measurement altitude:         1000.0m
Measurement height:           15.0m
Regime:                       IMG
Component:                    ethane
Unit:                         pmol/mol
Matrix:                       air
Instrument type:              online_gc
Laboratory code:              DE09L
Instrument name:              Varian_GC-3800-FID_HPB_C2-C8-hydrocarb
Instrument manufacturer:      Varian
Instrument model:             GC-3800
Instrument serial number:     104633
Method ref:                   DE09L_Measurements_of_Hydrocarbons_GC-3800
Standard method:              SOP=ACTRIS_VOC_2014
Calibration scale:            NPL
Calibration standard ID:      Manufacturer NPL (quantum passivated cylinder form Air products); Batch D641624
Inlet type:                   Hat or hood
Inlet description:            Downward facing with hood
Detection limit expl.:        Determined by multiple peak integration of zero gas measurements, detection limit flag 147 is used for values under detection  limit defined as 3-sigma precision
Measurement uncertainty expl.: "Includes reproducibility (precision) + systematic errors (accuracy). Ref:http://www.atmos-meas-tech.net/8/2715/2015/"
Zero/negative values code:    Zero/negative possible
Zero/negative values:         Zero and neg. values may appear due to statistical variations at very low concentrations
Originator:                   Claude, Anja, anja.claude@dwd.de, Deutscher Wetterdienst, DWD, Hohenpeissenberg Meteorological Observatory, Albin-Schwaiger-Weg 10, , D-82383, Hohenpeissenberg, Germany
Originator:                   Plass-Duelmer, Christian, , , , , , , , , 
Submitter:                    Claude, Anja, anja.claude@dwd.de, Deutscher Wetterdienst, DWD, Hohenpeissenberg Meteorological Observatory, Albin-Schwaiger-Weg 10, , D-82383, Hohenpeissenberg, Germany
Acknowledgement:              Request acknowledgement details from data originator
Comment:                      preconcentration on glass beeds (-197\B0C), o3 removed, cryo-dryer at -40\B0C, 2 week calibration interval.
starttime endtime C2H6 C2H6 C2H6 flag
  0.000000   0.010417  1452.6   86.7   81.7 0.000
  0.500694   0.511111  1440.0   86.9   81.9 0.000
  1.001389   1.011806  1252.9   84.4   80.6 0.000
  1.493750   1.504167  1370.0   85.5   80.9 0.000
  1.993750   2.004167  1782.6   92.2   85.1 0.000
  2.497222   2.507639  1749.8   91.5   84.6 0.000
  2.997222   3.007639  1528.9   88.1   82.6 0.000
  3.495833   3.506250  1763.0   90.7   83.6 0.000
  3.996528   4.006944  1781.0   92.5   85.3 0.000
  4.495833   4.506250  1644.9   90.8   84.6 0.000
  4.996528   5.006944  2404.5  103.4   91.6 0.000
  5.497222   5.507639  2074.7   96.1   86.7 0.000
  5.998611   6.009028  2177.0   98.6   88.5 0.000
  6.499306   6.509722  1901.1   94.6   86.6 0.000
  7.000000   7.010417  2154.5   97.0   86.9 0.000
  7.501389   7.511806  2317.0  100.6   89.3 0.000
  8.002778   8.013194  2476.4  103.0   90.3 0.000
  8.496528   8.506944  2430.9  102.1   89.8 0.000
  8.997917   9.008333  2123.7   98.2   88.5 0.000
  9.495833   9.506250  1837.3   93.3   85.7 0.000
  9.997222  10.007639  1722.8   90.0   83.2 0.000
 10.995139  11.005556  1603.9   89.4   83.5 0.000
 11.495139  11.505556  1444.4   85.9   80.9 0.000
 11.995139  12.005556  1425.9   86.0   81.2 0.000
 12.495139  12.505556  1996.8   95.4   86.6 0.000
 12.995139  13.005556  2256.4  100.3   89.6 0.000
 13.495139  13.505556  2155.5   99.0   89.2 0.000
 13.995139  14.005556  2149.3   96.9   86.8 0.000
 14.495139  14.505556  2096.2   97.4   87.9 0.000
 14.995833  15.006250  2155.2   99.0   89.1 0.000
 15.495139  15.505556  2163.1   98.0   87.9 0.000
 15.995833  16.006250  1847.8   92.8   85.1 0.000
 16.520139  16.530556  1809.4   92.1   84.7 0.000
 17.020833  17.031250  1418.5   86.0   81.2 0.000
 17.495833  17.506250  1510.9   87.1   81.7 0.000
 17.995833  18.006250  1030.8   81.1   78.5 0.000
 18.491667  18.502083  1265.0   84.2   80.3 0.000
 18.992361  19.002778  1381.6   85.2   80.6 0.000
 19.579861  19.590278  2066.1   96.2   86.8 0.000
 19.986806  19.997222  2275.3   99.5   88.5 0.000
 20.487500  20.497917  1951.4   94.9   86.5 0.000
 20.988194  20.998611  1559.4   89.8   84.2 0.000
 21.488889  21.499306  1962.5   94.2   85.6 0.000
 21.989583  22.000000  1980.9   94.7   86.0 0.000
 22.497917  22.508333  1968.2   95.5   87.0 0.000
 22.998611  23.009028  2015.2   95.6   86.6 0.000
 23.493750  23.504167  2076.3   96.1   86.7 0.000
 23.995139  24.005556  2133.0   97.2   87.3 0.000
 24.492361  24.502778  2116.8   96.7   86.9 0.000
 24.992361  25.002778  1913.7   93.1   84.9 0.000
 25.494444  25.504861  2080.0   96.0   86.6 0.000
 25.994444  26.004861  1960.5   95.2   86.8 0.000
 26.503472  26.513889  1710.7   91.1   84.4 0.000
 26.986111  26.996528  3353.9  122.4  102.4 0.000
 27.486111  27.496528  2296.3  100.8   89.7 0.000
 27.986806  27.997222  3188.7  119.7  101.3 0.000
 28.486806  28.497222  4407.6  147.7  118.5 0.000
 28.986806  28.997222  4195.4  142.5  115.2 0.000
 29.496528  29.506944  3581.7  127.1  105.0 0.000
 29.996528  30.006944  3072.2  117.1   99.7 0.000
 30.572917  30.583333  3525.5  125.9  104.3 0.652
 31.031944  31.042361  4400.4  140.7  109.8 0.000
 31.543750  31.554167  4621.3  145.8  112.8 0.000
 32.002083  32.012500  4468.2  142.7  111.2 0.000
 32.510417  32.520833  4024.2  130.7  102.9 0.000
 33.011111  33.021528  2847.7  103.2   86.1 0.000
 33.496528  33.506944  2851.4  102.9   85.7 0.000
 33.997222  34.007639  3060.9  107.0   87.8 0.000
 34.497917  34.508333  3017.2  106.1   87.3 0.000
 34.999306  35.009722  2909.8  104.2   86.5 0.000
 35.500000  35.510417  2853.7  103.3   86.2 0.000
 36.000694  36.011111  3395.7  115.7   93.6 0.000
 36.496528  36.506944  3436.7  116.1   93.6 0.000
 36.997917  37.008333  3784.2  124.5   98.9 0.000
 37.502778  37.513194  4082.3  132.2  104.0 0.000
 38.002778  38.013194  4893.7  152.5  116.9 0.000
 38.496528  38.506944  5607.1  171.3  129.5 0.000
 38.996528  39.006944  5663.8  172.8  130.4 0.000
 39.489583  39.500000  5438.9  167.6  127.5 0.000
 39.989583  40.000000  4618.5  145.6  112.5 0.000
 40.495139  40.505556  4590.3  145.1  112.4 0.000
 40.995139  41.005556  4777.5  150.3  116.0 0.000
 41.495139  41.505556  3706.3  123.0   98.1 0.000
 41.995139  42.005556  3739.5  123.3   98.0 0.000
 42.495833  42.506250  3903.1  128.3  101.8 0.000
 42.995833  43.006250  3693.9  122.6   97.8 0.000
 43.492361  43.502778  3050.2  108.1   89.2 0.000
 43.993056  44.003472  2456.7   95.0   81.3 0.000
 44.495139  44.505556  3170.6  110.9   90.9 0.000
 44.995833  45.006250  2676.5   99.7   84.2 0.000
 45.512500  45.522917  2587.3   97.6   82.7 0.000
 46.012500  46.022917  2069.3   87.1   76.7 0.000
 46.496528  46.506944  2140.3   87.5   76.4 0.000
 46.997222  47.007639  2083.0   86.2   75.5 0.000
 47.497222  47.507639  1945.9   84.6   75.1 0.000
 47.997222  48.007639  1954.5   84.8   75.3 0.000
 48.498611  48.509028  1767.5   80.6   72.4 0.000
 49.000000  49.010417  1516.0   76.8   70.5 0.000
 49.501389  49.511806  1959.5   84.2   74.5 0.000
 50.002083  50.012500  2281.2   89.7   77.3 0.000
 50.492361  50.502778  2168.7   88.4   77.1 0.000
 50.993056  51.003472  2250.3   89.1   76.9 0.000
 52.262500  52.272917  2065.9   85.8   75.2 0.000
 52.311806  52.322222  1899.5   82.7   73.5 0.000
 52.360417  52.370833  1828.3   82.0   73.4 0.000
 52.409722  52.420139  1893.9   82.9   73.7 0.000
 52.494444  52.504861  2375.5   92.1   78.9 0.000
 52.577083  52.587500  1950.0   83.6   73.9 0.000
 52.660417  52.670833  2052.9   85.5   75.0 0.000
 52.743750  52.754167  2110.8   86.9   76.0 0.000
 52.793056  52.803472  2308.0   90.5   77.9 0.000
 52.842361  52.852778  2119.3   87.0   75.9 0.000
 52.891667  52.902083  2222.3   89.1   77.2 0.000
 52.975000  52.985417  1860.7   82.1   73.2 0.000
 53.058333  53.068750  1574.1   77.3   70.6 0.000
 53.141667  53.152083  1624.4   77.6   70.5 0.000
 53.225000  53.235417  1582.1   76.7   69.8 0.000
 53.493750  53.504167  1471.2   75.0   69.0 0.000
 53.993750  54.004167  1405.3   74.1   68.6 0.000
 54.495833  54.506250  1306.3   72.3   67.4 0.000
 54.995833  55.006250  1787.0   80.8   72.5 0.000
 55.496528  55.506944  1752.0   79.4   71.2 0.000
 55.996528  56.006944  1976.1   83.6   73.6 0.000
 56.496528  56.506944  2681.5   98.6   82.8 0.000
 56.996528  57.006944  2934.2  104.6   86.6 0.000
 57.495139  57.505556  2668.0   98.3   82.5 0.000
 57.995139  58.005556  2424.9   93.3   79.7 0.000
 58.488889  58.499306  2299.5   90.4   77.8 0.000
 58.989583  59.000000  1709.7   79.5   71.7 0.000
 59.496528  59.506944  1686.8   78.5   70.9 0.000
 59.997222  60.007639  1462.5  134.8  131.6 0.000
 60.495833  60.506250  1254.0  132.1  129.7 0.000
 60.997222  61.007639  1376.6  133.5  130.6 0.000
 61.494444  61.504861  1815.3  137.5  132.6 0.000
 61.995833  62.006250  1793.2  136.2  131.4 0.000
 62.497222  62.507639  1917.2  138.9  133.6 0.000
 62.997917  63.008333  2143.8  141.2  134.6 0.000
 63.498611  63.509028  2392.8  143.9  135.7 0.000
 64.000000  64.010417  2390.3  144.0  135.8 0.000
 64.495833  64.506250  2196.1  141.2  134.2 0.000
 64.996528  65.006944  2136.2  141.3  134.7 0.000
 65.519444  65.529861  2254.8  141.8  134.4 0.000
 65.997222  66.007639  2259.3  143.0  135.6 0.000
 66.518056  66.528472  2037.4  140.1  134.0 0.000
 66.996528  67.006944  2307.6  143.4  135.7 0.000
 67.495139  67.505556  2589.1  148.9  139.6 0.000
 67.995139  68.005556  2443.0  147.6  139.3 0.000
 68.500000  68.510417  2276.3  145.1  137.8 0.000
 69.000000  69.010417  2267.7  143.9  136.5 0.000
 69.500000  69.510417  2221.9  142.5  135.4 0.000
 70.000000  70.010417  2236.9  142.9  135.7 0.000
 70.500000  70.510417  2395.8  145.4  137.2 0.000
 71.000000  71.010417  2799.8  151.0  140.3 0.000
 71.493056  71.503472  2123.8  140.1  133.5 0.000
 71.993056  72.003472  2116.3  140.7  134.2 0.000
 72.493750  72.504167  1891.1  137.3  132.0 0.000
 72.993750  73.004167  1670.2  135.0  130.9 0.000
 73.513194  73.523611  1834.9  138.3  133.4 0.000
 74.013889  74.024306  1806.7  136.5  131.6 0.000
 74.496528  74.506944  1558.9  133.9  130.2 0.000
 74.997222  75.007639  1482.9  135.9  132.7 0.000
 75.495833  75.506250  1440.5  135.5  132.4 0.000
 75.996528  76.006944  1437.1  133.7  130.6 0.000
 76.497222  76.507639  1408.8  133.1  130.1 0.000
 76.998611  77.009028  1711.4  137.2  132.9 0.000
 77.499306  77.509722  1606.5  136.5  132.7 0.000
 78.000000  78.010417  1859.1  138.3  133.3 0.000
 78.495833  78.506250  2073.8  140.7  134.4 0.000
 78.996528  79.006944  2257.2  142.3  134.9 0.000
 79.496528  79.506944  2135.8  141.4  134.8 0.000
 79.997222  80.007639  2091.2  140.5  134.1 0.000
 80.495833  80.506250  1974.0  140.2  134.5 0.000
 80.997917  81.008333  1951.2  139.2  133.6 0.000
 81.500694  81.511111  1965.3  138.5  132.8 0.000
 82.000000  82.010417  2137.1  141.3  134.7 0.000
 82.495139  82.505556  1796.7  136.9  132.1 0.000
 82.995139  83.005556  2068.5  141.4  135.2 0.000
 83.495139  83.505556  1941.2  138.7  133.1 0.000
 83.995139  84.005556  1758.2  137.9  133.3 0.000
 84.495139  84.505556  1745.2  137.8  133.3 0.000
 84.995139  85.005556  1751.1  137.5  132.9 0.000
 85.491667  85.502083  1757.9  135.7  131.1 0.000
 85.992361  86.002778  1825.0  136.6  131.6 0.000
 86.493750  86.504167  1887.9  139.2  134.0 0.000
 86.994444  87.004861  1884.0  138.0  132.8 0.000
 87.494444  87.504861  1527.0  135.4  131.9 0.000
 87.994444  88.004861  1650.1  136.5  132.5 0.000
 88.259722  88.270139  1805.4  137.3  132.4 0.000
 88.309028  88.319444  1696.4  137.5  133.3 0.000
 88.358333  88.368750  1812.1  137.2  132.3 0.000
 88.406944  88.417361  1727.8  136.6  132.2 0.000
 88.490972  88.501389  1681.6  135.8  131.6 0.000
 88.575000  88.585417  1663.9  135.2  131.1 0.000
 88.658333  88.668750  1635.1  136.6  132.6 0.000
 88.742361  88.752778  1737.3  138.0  133.5 0.000
 88.791667  88.802083  1796.2  137.5  132.7 0.000
 88.840972  88.851389  1946.1  138.5  132.9 0.000
 88.890278  88.900694  1839.7  138.2  133.2 0.000
 88.974306  88.984722  2184.9  141.9  135.0 0.000
 89.058333  89.068750  2187.6  142.2  135.3 0.000
 89.142361  89.152778  2292.4  144.0  136.5 0.000
 89.227083  89.237500  2120.0  140.8  134.3 0.000
 89.495833  89.506250  1977.9  138.4  132.6 0.000
 89.996528  90.006944  1718.6  137.3  132.9 0.000
 90.497222  90.507639  1392.3  134.3  131.4 0.000
 90.997917  91.008333  2167.3   61.7   43.9 0.000
 91.498611  91.509028  2026.8   57.7   41.1 0.000
 91.999306  92.009722  1998.2   56.9   40.5 0.000
 92.497917  92.508333  1876.1   53.4   38.0 0.000
 92.998611  93.009028  1632.9   46.5   33.1 0.000
 93.495139  93.505556  1599.1   45.5   32.4 0.000
 93.996528  94.006944  1648.4   46.9   33.4 0.000
 94.491667  94.502083  1421.6   40.5   28.8 0.000
 94.993056  95.003472  1703.8   48.5   34.5 0.000
 95.494444  95.504861  1733.8   49.4   35.1 0.000
 95.994444  96.004861  2434.6   69.3   49.3 0.000
 96.494444  96.504861  2120.8   60.4   43.0 0.000
 96.994444  97.004861  2112.2   60.1   42.8 0.000
 97.494444  97.504861  2284.6   65.0   46.3 0.000
 97.995139  98.005556  2314.9   65.9   46.9 0.000
 98.495139  98.505556  2449.7   69.7   49.6 0.000
 98.995139  99.005556  2291.0   65.2   46.4 0.000
 99.495833  99.506250  1845.8   52.6   37.4 0.000
 99.995833 100.006250  1539.2   43.8   31.2 0.000
100.495139 100.505556  1596.4   45.5   32.4 0.000
100.995833 101.006250  1822.8   51.9   36.9 0.000
101.492361 101.502778  1875.2   53.4   38.0 0.000
101.993056 102.003472  1890.7   53.8   38.3 0.000
102.495833 102.506250  1885.6   53.7   38.2 0.000
102.996528 103.006944  1876.5   53.4   38.0 0.000
103.496528 103.506944  2052.7   58.4   41.6 0.000
103.997222 104.007639  2072.6   59.0   42.0 0.000
104.497917 104.508333  2088.9   59.5   42.3 0.000
104.998611 105.009028  2293.0   65.3   46.5 0.000
105.500000 105.510417  2314.7   65.9   46.9 0.000
106.000694 106.011111  2180.2   62.1   44.2 0.000
106.496528 106.506944  2050.4   58.4   41.5 0.000
106.997222 107.007639  2324.1   66.2   47.1 0.000
107.520833 107.531250  2052.4   58.4   41.6 0.000
108.021528 108.031944  1991.2   56.7   40.4 0.000
108.502778 108.513194  1909.7   54.4   38.7 0.000
109.002778 109.013194  1854.6   52.8   37.6 0.000
109.492361 109.502778  1808.4   51.5   36.7 0.000
109.993056 110.003472  1909.4   54.4   38.7 0.000
110.493056 110.503472  1928.3   54.9   39.1 0.000
110.993056 111.003472  1883.8   53.6   38.2 0.000
111.493056 111.503472  1830.2   52.1   37.1 0.000
111.993750 112.004167  1827.7   52.0   37.0 0.000
112.493750 112.504167  1910.1   54.4   38.7 0.000
112.993750 113.004167  1845.5   52.5   37.4 0.000
113.490972 113.501389  1823.0   51.9   36.9 0.000
113.990972 114.001389  1879.8   53.5   38.1 0.000
114.496528 114.506944  1791.4   51.0   36.3 0.000
114.996528 115.006944  2007.0   57.1   40.7 0.000
115.487500 115.497917  1807.3   51.5   36.6 0.000
115.988194 115.998611  1610.9   45.9   32.7 0.000
116.490278 116.500694  1514.9   43.2   30.7 0.000
116.990972 117.001389  1543.0   43.9   31.3 0.000
117.496528 117.506944  1413.5   40.3   28.7 0.000
117.997222 118.007639  1537.0   43.8   31.2 0.000
118.497917 118.508333  1523.3   43.4   30.9 0.000
118.998611 119.009028  1210.1   34.5   24.6 0.000
119.498611 119.509028  1499.5   42.7   30.4 0.000
119.999306 120.009722  1481.3   42.2   30.0 0.000
120.498611 120.509028  1377.7   39.2   27.9 0.000
120.999306 121.009722  1216.5   34.7   24.7 0.000
121.500000 121.510417  1568.7   44.7   31.8 0.000
122.000694 122.011111  1438.7   41.0   29.2 0.000
122.499306 122.509722  1506.6   42.9   30.6 0.000
123.000000 123.010417  1614.3   46.0   32.7 0.000
123.495833 123.506250  1571.0   44.7   31.9 0.000
123.997222 124.007639  1522.9   43.4   30.9 0.000
124.495833 124.506250  1485.5   42.3   30.1 0.000
124.995833 125.006250  1466.5   41.8   29.7 0.000
125.495833 125.506250  1320.1   37.6   26.8 0.000
125.995833 126.006250  1505.7   42.9   30.5 0.000
126.495833 126.506250  1480.6   42.2   30.0 0.000
126.995833 127.006250  1631.9   46.5   33.1 0.000
127.495833 127.506250  1564.9   44.6   31.7 0.000
127.995833 128.006250  1591.5   45.3   32.3 0.000
128.954167 128.964583  1528.0   43.5   31.0 0.000
129.492361 129.502778  1149.1   32.8   23.3 0.000
129.992361 130.002778  1134.4   32.3   23.0 0.000
130.492361 130.502778  1001.1   28.5   20.3 0.000
130.993056 131.003472  1020.9   29.1   20.7 0.000
131.495833 131.506250   908.5   25.9   18.5 0.000
131.996528 132.006944   990.4   28.2   20.1 0.000
132.497222 132.507639  1906.6   54.3   38.6 0.000
132.997222 133.007639  1885.0   53.7   38.2 0.000
133.497917 133.508333  1716.7   48.9   34.8 0.000
133.998611 134.009028  1693.4   48.2   34.3 0.000
134.493750 134.504167  1623.6   46.2   32.9 0.000
134.994444 135.004861  1643.2   46.8   33.3 0.000
135.520139 135.530556  1470.3   41.9   29.8 0.000
136.036111 136.046528  1542.7   43.9   31.3 0.000
136.218750 136.229167  1537.0   43.8   31.2 0.000
136.490972 136.501389  1648.8   47.0   33.4 0.000
136.988889 136.999306  1662.5   47.3   33.7 0.000
137.486806 137.497222  1580.5   45.0   32.0 0.000
137.984722 137.995139  1501.3   42.8   30.4 0.000
141.509028 141.519444  1002.9   28.6   20.4 0.000
142.009028 142.019444  1251.9   35.7   25.4 0.000
142.506250 142.516667  1224.2   34.9   24.9 0.000
143.006944 143.017361  1247.3   35.5   25.3 0.000
143.511111 143.521528  1394.9   39.7   28.3 0.000
144.011806 144.022222  1450.3   41.3   29.4 0.000
144.514583 144.525000  1415.2   40.3   28.7 0.000
145.015278 145.025694  1249.4   35.6   25.4 0.000
145.504167 145.514583  1297.2   37.0   26.3 0.000
146.004861 146.015278  1308.0   37.3   26.5 0.000
146.505556 146.515972  1356.5   38.7   27.5 0.000
147.006250 147.016667  1415.1   40.3   28.7 0.000
147.506944 147.517361  1321.9   37.7   26.8 0.000
148.007639 148.018056  1466.9   41.8   29.8 0.000
148.508333 148.518750  1218.3   34.7   24.7 0.000
149.011111 149.021528  1228.8   35.0   24.9 0.000
150.531250 150.541667  1121.9   32.0   22.8 0.000
151.031944 151.042361  1231.5   35.1   25.0 0.000
151.468750 151.479167  1314.9   37.5   26.7 0.000
151.968750 151.979167  1223.5   34.9   24.8 0.000
