data/obs/c2h6/WDCGG/event/DE0009R.20140102113000.20170816085517.steel_canister.ethane.air.1y.84h.DE03L_UBA_Zg_AuC_0001.DE28L_UBA_Sm_GCF_0001.lev2.nas
67 1001
Wallasch, Markus
DE03L, Umweltbundesamt, UBA-LA, Langen, Paul-Ehrlich-Str. 29, , 63225, Langen, Germany
Penzlin, Anke
ACTRIS EMEP GAW-WDCRG
1 1
2014 01 01 2017 08 16
0
days from file reference point
3
1 1 1
999.9 99999 9.999
end_time of measurement, days from the file reference point
ethane, pmol/mol
numflag ethane, no unit
0
50
Data definition:              EBAS_1.1
Set type code:                TI
Timezone:                     UTC
File name:                    DE0009R.20140102113000.20170816085517.steel_canister.ethane.air.1y.84h.DE03L_UBA_Zg_AuC_0001.DE28L_UBA_Sm_GCF_0001.lev2.nas
File creation:                20190306184558
Startdate:                    20140102113000
Revision date:                20170816085517
Version:                      1
Version description:          initial revision, automatically generated, manually inspected
Statistics:                   arithmetic mean
Data level:                   2
Period code:                  1y
Resolution code:              84h
Sample duration:              30mn
Orig. time res.:              30mn
Station code:                 DE0009R
Platform code:                DE0009S
Station name:                 Zingst
Station GAW-ID:               ZGT
Station GAW-Name:             Zingst
Station other IDs:            DEUB028 (UBA)
Station land use:             Grassland
Station setting:              Coastal
Station GAW type:             C
Station WMO region:           6
Station latitude:             54.4368
Station longitude:            12.7249
Station altitude:             1.0m
Measurement height:           8.0m
Regime:                       IMG
Component:                    ethane
Unit:                         pmol/mol
Matrix:                       air
Instrument type:              steel_canister
Laboratory code:              DE03L
Instrument name:              UBA_Zg_AuC_0001
Instrument manufacturer:      Riemer
Instrument model:             AUTOCAN 2_4
Method ref:                   DE28L_UBA_Sm_GCF_0001
Standard method:              None
Inlet type:                   Hat or hood
Detection limit:              5.0 pmol/mol
Detection limit expl.:        Estimated, values below detection limit are flagged with 780.
Measurement uncertainty expl.: Not determined
Zero/negative values code:    Zero/negative impossible
Zero/negative values:         Values below 1 pmol/mol are not reported by the instrument.
Originator:                   Wallasch, Markus, , , , , , , , , 
Submitter:                    Penzlin, Anke, anke.penzlin@uba.de, Umweltbundesamt Langen, UBA, Air Monitoring Network, Paul-Ehrlich-Str. 29, , 63225, Langen, Germany
Acknowledgement:              Request acknowledgement details from data originator
starttime endtime C2H6 flag_C2H6
  1.479167   1.5  3278 0.000
  5.479167   5.5  2563 0.000
  8.479167   8.5  2291 0.000
 12.479167  12.5  2990 0.000
 15.479167  15.5  3818 0.000
 19.479167  19.5  4512 0.000
 22.479167  22.5  2877 0.000
 26.479167  26.5  5541 0.000
 29.479167  29.5  4588 0.000
 33.479167  33.5  5105 0.000
 36.479167  36.5  3007 0.000
 40.479167  40.5  2653 0.000
 43.479167  43.5  2801 0.000
 47.479167  47.5  3453 0.000
 50.479167  50.5  2907 0.000
 54.479167  54.5  2554 0.000
 57.479167  57.5  2988 0.000
 61.479167  61.5  3969 0.000
 64.479167  64.5  3939 0.000
 68.479167  68.5  2898 0.000
 71.479167  71.5  2689 0.000
 75.479167  75.5  2114 0.000
 78.479167  78.5  2913 0.000
 82.479167  82.5 99999 0.999
 85.479167  85.5  2537 0.000
 89.479167  89.5  3519 0.000
 92.479167  92.5  2461 0.000
 96.479167  96.5  1807 0.000
 99.479167  99.5  2301 0.000
103.479167 103.5  2159 0.000
106.479167 106.5  2168 0.000
110.479167 110.5  2673 0.000
113.479167 113.5  2216 0.000
117.479167 117.5  1925 0.000
120.479167 120.5  2035 0.000
124.479167 124.5  1688 0.000
127.479167 127.5  2036 0.000
131.479167 131.5  1677 0.000
134.479167 134.5  1711 0.000
138.479167 138.5  1907 0.000
141.479167 141.5  1737 0.000
145.479167 145.5  1428 0.000
148.479167 148.5  1279 0.000
152.479167 152.5  1056 0.000
155.479167 155.5  1435 0.000
159.479167 159.5  1360 0.000
162.479167 162.5  1189 0.000
166.479167 166.5  1075 0.000
169.479167 169.5   888 0.000
173.479167 173.5  1020 0.000
176.479167 176.5  1080 0.000
180.479167 180.5   895 0.000
183.479167 183.5   971 0.000
187.479167 187.5 99999 0.999
190.479167 190.5   779 0.000
194.479167 194.5  1012 0.000
197.479167 197.5   821 0.000
201.479167 201.5   779 0.000
204.479167 204.5   729 0.000
208.479167 208.5  1056 0.000
211.479167 211.5  1066 0.000
215.479167 215.5   990 0.000
218.479167 218.5   921 0.000
222.479167 222.5   991 0.000
225.479167 225.5 99999 0.999
229.479167 229.5  1077 0.000
232.479167 232.5  1057 0.000
236.479167 236.5  1140 0.000
239.479167 239.5  1008 0.000
243.479167 243.5  1225 0.000
246.479167 246.5  1377 0.000
250.479167 250.5  1402 0.000
253.479167 253.5  1138 0.000
257.479167 257.5  1596 0.000
260.479167 260.5  2346 0.000
264.479167 264.5  1273 0.000
267.479167 267.5  1176 0.000
271.479167 271.5  1533 0.000
274.479167 274.5  1351 0.000
278.479167 278.5  1980 0.000
281.479167 281.5  1135 0.000
285.479167 285.5  1294 0.000
288.479167 288.5  1752 0.000
292.479167 292.5  1553 0.000
295.479167 295.5  1707 0.000
299.479167 299.5  1552 0.000
302.479167 302.5  1426 0.000
306.479167 306.5  1614 0.000
309.479167 309.5  1561 0.000
313.479167 313.5  2538 0.000
316.479167 316.5  4624 0.000
320.479167 320.5  3125 0.000
323.479167 323.5  4442 0.000
327.479167 327.5  2048 0.000
330.479167 330.5  2659 0.000
334.479167 334.5  2824 0.000
337.479167 337.5  3212 0.000
341.479167 341.5  2323 0.000
344.479167 344.5  2198 0.000
348.479167 348.5  2359 0.000
351.479167 351.5  2210 0.000
355.479167 355.5  1522 0.000
358.479167 358.5  2478 0.000
362.479167 362.5  2203 0.000
