data/obs/c2h6/WDCGG/event/FR0015R.20130103120000.20150618000000.steel_canister.ethane.air.1y.84h.FR07L_MD-GC_NMHC_offline_FR15.FR07L_NMHC_analysis.lev2.nas
67 1001
Sauvage, Stephane
FR07L, Ecole Nationale Supérieure des Mines de Douai, ENSMD, Département Sciences de l'Atmosphère et Génie de l'Environnement, 941 rue Charles Bourseul, CS 10838, 59508, Douai, France
Sauvage, Stephane
ACTRIS EMEP GAW-WDCRG
1 1
2013 01 01 2015 06 18
0
days from file reference point
5
1 1 1 1 1
999.999999 9999.9999999 99999 9999.9999999 9.999
end_time of measurement, days from the file reference point
ethane, pmol/mol, Statistics=accuracy
ethane, pmol/mol, Statistics=arithmetic mean
ethane, pmol/mol, Statistics=precision
numflag, no unit
0
48
Data definition:              EBAS_1.1
Set type code:                TI
Timezone:                     UTC
File name:                    FR0015R.20130103120000.20150618000000.steel_canister.ethane.air.1y.84h.FR07L_MD-GC_NMHC_offline_FR15.FR07L_NMHC_analysis.lev2.nas
File creation:                20190306184602
Startdate:                    20130103120000
Revision date:                20150618000000
Version:                      1
Version description:          initial revision, manually inspected
Data level:                   2
Period code:                  1y
Resolution code:              84h
Sample duration:              4h
Orig. time res.:              4h
Station code:                 FR0015R
Platform code:                FR0015S
Station name:                 La Tardière
Station latitude:             46.65
Station longitude:            -0.75
Station altitude:             133.0m
Measurement height:           4.0m
Regime:                       IMG
Component:                    ethane
Unit:                         pmol/mol
Matrix:                       air
Instrument type:              steel_canister
Laboratory code:              FR07L
Instrument name:              MD-GC_NMHC_offline_FR15
Instrument manufacturer:      Restek+Entech
Instrument model:             SilcoCan+Silonite
Instrument serial number:     580S13072901
Method ref:                   FR07L_NMHC_analysis
Standard method:              SOP=GAW_204(2012)
Calibration scale:            NPL
Calibration standard ID:      NPL D09_0451
Inlet type:                   Stainless steel
Inlet description:            Primary line + manifold
Volume std. temperature:      273.15 K
Volume std. pressure:         1013.25 hPa
Detection limit:              10.0 pmol/mol
Detection limit expl.:        Analytical detection limit based on instrument noise, 3 time signal to noise ratio
Measurement uncertainty expl.: Includes reproducibility (precision) + systematic errors (accuracy)
Zero/negative values code:    Zero/negative impossible
Originator:                   Sauvage, Stephane, , , , , , , , , 
Submitter:                    Sauvage, Stephane, , , , , , , , , 
Acknowledgement:              Request acknowledgement details from data originator
Comment:                      No SOP currently available
starttime endtime C2H6 C2H6 C2H6 flag
  2.5   2.666667  127.0000000  2718   63.0000000 0.000
  6.5   6.666667   86.0000000  1846   44.0000000 0.000
  9.5   9.666667   99.0000000  2114   50.0000000 0.000
 13.5  13.666667  144.0000000  3076   71.0000000 0.000
 16.5  16.666667  178.0000000  3816   87.0000000 0.000
 20.5  20.666667  120.0000000  2562   60.0000000 0.000
 23.5  23.666667  133.0000000  2838   66.0000000 0.000
 27.5  27.666667    8.0138893  2428   57.0000000 0.000
 30.5  30.666667  109.0000000  2343   55.0000000 0.000
 34.5  34.666667  124.0000000  2648   62.0000000 0.000
 37.5  37.666667  144.0000000  3075   71.0000000 0.000
 41.5  41.666667  121.0000000  2590   60.0000000 0.000
 44.5  44.666667  105.0000000  2246   53.0000000 0.000
 48.5  48.666667  127.0000000  2724   63.0000000 0.000
 51.5  51.666667  149.0000000  3187   73.0000000 0.000
 55.5  55.666667  206.0000000  4422  101.0000000 0.000
 58.5  58.666667  214.0000000  4575  104.0000000 0.000
 62.5  62.513890  126.0000000  2695   63.0000000 0.000
 65.5  65.666667  105.0000000  2255   53.0000000 0.000
 69.5  69.666667  104.0000000  2220   52.0000000 0.000
 72.5  72.666667  113.0000000  2412   56.0000000 0.000
 76.5  76.666667  110.0000000  2361   55.0000000 0.000
 79.5  79.666667  106.0000000  2271   53.0000000 0.000
 83.5  83.666667    9.0138892  2829    2.0138896 0.000
 86.5  86.666667 9999.9999999 99999 9999.9999999 0.999
 90.5  90.666667 9999.9999999 99999 9999.9999999 0.999
 93.5  93.666667  148.0000000  3162   73.0000000 0.000
 97.5  97.666667   95.0000000  2027   48.0000000 0.000
100.5 100.666667   78.0000000  1677   40.0000000 0.000
104.5 104.666667   75.0000000  1608   39.0000000 0.000
107.5 107.666667   86.0000000  1849   44.0000000 0.000
111.5 111.666667   81.0000000  1726    1.0138891 0.000
114.5 114.666667   78.0000000  1669   40.0000000 0.000
118.5 118.666667   84.0000000  1793   43.0000000 0.000
121.5 121.666667   88.0000000  1877   45.0000000 0.000
125.5 125.666667   63.0000000  1356   33.0000000 0.000
128.5 128.666667   73.0000000  1553   37.0000000 0.000
132.5 132.666667   66.0000000  1423   35.0000000 0.000
135.5 135.666667   79.0000000  1688   40.0000000 0.000
139.5 139.666667   75.0000000  1600   39.0000000 0.000
142.5 142.666667 9999.9999999 99999 9999.9999999 0.999
146.5 146.666667 9999.9999999 99999 9999.9999999 0.999
149.5 149.666667   57.0000000  1219   30.0000000 0.000
153.5 153.666667   65.0000000  1383   34.0000000 0.000
156.5 156.666667   50.0000000  1064   27.0000000 0.000
160.5 160.666667  105.0000000  2243   53.0000000 0.000
163.5 163.666667   45.0000000   960   24.0000000 0.000
167.5 167.666667   40.0000000   857   22.0000000 0.000
170.5 170.666667   52.0000000  1116   28.0000000 0.000
174.5 174.666667   43.0000000   923   24.0000000 0.000
177.5 177.666667   46.0000000   979   25.0000000 0.000
181.5 181.666667   39.0000000   832   22.0000000 0.000
184.5 184.666667   32.0000000   686   18.0000000 0.000
188.5 188.666667   45.0000000   958   24.0000000 0.000
191.5 191.666667   54.0000000  1155   29.0000000 0.000
195.5 195.666667   38.0000000   820   21.0000000 0.000
198.5 198.666667   50.0000000  1076   27.0000000 0.000
202.5 202.666667   31.0000000   671   18.0000000 0.000
205.5 205.666667   33.0000000   706   19.0000000 0.000
209.5 209.666667   25.0000000   523   15.0000000 0.000
212.5 212.666667   34.0000000   733   19.0000000 0.000
216.5 216.666667   30.0000000   650   18.0000000 0.000
219.5 219.666667   40.0000000   854   22.0000000 0.000
223.5 223.666667   28.0000000   603   17.0000000 0.000
226.5 226.666667   33.0000000   696   19.0000000 0.000
230.5 230.666667   33.0000000   714   19.0000000 0.000
233.5 233.666667   39.0000000   824   21.0000000 0.000
237.5 237.666667   36.0000000   775   20.0000000 0.000
240.5 240.666667   41.0000000   873   23.0000000 0.000
244.5 244.666667 9999.9999999 99999 9999.9999999 0.999
247.5 247.666667   40.0000000   854   22.0000000 0.000
251.5 251.666667   37.0000000   784   21.0000000 0.000
254.5 254.666667   32.0000000   689   18.0000000 0.000
258.5 258.666667 9999.9999999 99999 9999.9999999 0.999
261.5 261.666667   41.0000000   867   22.0000000 0.000
265.5 265.666667   35.0000000   746   20.0000000 0.000
268.5 268.666667   42.0000000   909   23.0000000 0.000
272.5 272.666667   35.0000000   742   20.0000000 0.000
275.5 275.666667   40.0000000   859   22.0000000 0.000
279.5 279.666667   55.0000000  1173   29.0000000 0.000
282.5 282.666667   44.0000000   932   24.0000000 0.000
286.5 286.666667   55.0000000  1177   29.0000000 0.000
289.5 289.666667   51.0000000  1085   27.0000000 0.000
293.5 293.666667    2.0138898  1232   30.0000000 0.000
296.5 296.666667   73.0000000  1569   38.0000000 0.000
300.5 300.666667   68.0000000  1456   35.0000000 0.000
303.5 303.666667   68.0000000  1448   35.0000000 0.000
307.5 307.666667    4.0138894  1794   43.0000000 0.000
310.5 310.666667   60.0000000  1287   32.0000000 0.000
314.5 314.666667 9999.9999999 99999 9999.9999999 0.999
317.5 317.666667 9999.9999999 99999 9999.9999999 0.999
321.5 321.666667 9999.9999999 99999 9999.9999999 0.999
324.5 324.666667 9999.9999999 99999 9999.9999999 0.999
328.5 328.666667 9999.9999999 99999 9999.9999999 0.999
331.5 331.666667 9999.9999999 99999 9999.9999999 0.999
335.5 335.666667 9999.9999999 99999 9999.9999999 0.999
338.5 338.666667 9999.9999999 99999 9999.9999999 0.999
342.5 342.666667 9999.9999999 99999 9999.9999999 0.999
345.5 345.666667 9999.9999999 99999 9999.9999999 0.999
349.5 349.666667 9999.9999999 99999 9999.9999999 0.999
352.5 352.666667 9999.9999999 99999 9999.9999999 0.999
356.5 356.666667 9999.9999999 99999 9999.9999999 0.999
359.5 359.666667 9999.9999999 99999 9999.9999999 0.999
363.5 363.666667 9999.9999999 99999 9999.9999999 0.999
