data/obs/c2h6/WDCGG/event/FR0015R.20140102120000.20160728000000.steel_canister.ethane.air.1y.84h.FR07L_MD-GC_NMHC_offline_FR15.FR07L_NMHC_analysis.lev2.nas
65 1001
Sauvage, Stephane
FR07L, Ecole Nationale Supérieure des Mines de Douai, ENSMD, Département Sciences de l'Atmosphère et Génie de l'Environnement, 941 rue Charles Bourseul, CS 10838, 59508, Douai, France
Sauvage, Stephane
ACTRIS EMEP GAW-WDCRG
1 1
2014 01 01 2016 07 28
0
days from file reference point
5
1 1 1 1 1
999.999999 99999 9999 999 9.999
end_time of measurement, days from the file reference point
ethane, pmol/mol, Statistics=arithmetic mean, Detection limit=10.0 pmol/mol
ethane, pmol/mol, Statistics=expanded uncertainty 2sigma
ethane, pmol/mol, Statistics=precision
numflag, no unit
0
46
Data definition:              EBAS_1.1
Set type code:                TI
Timezone:                     UTC
File name:                    FR0015R.20140102120000.20160728000000.steel_canister.ethane.air.1y.84h.FR07L_MD-GC_NMHC_offline_FR15.FR07L_NMHC_analysis.lev2.nas
File creation:                20190306184602
Startdate:                    20140102120000
Revision date:                20160728000000
Version:                      1
Version description:          initial revision, manually inspected
Data level:                   2
Period code:                  1y
Resolution code:              84h
Sample duration:              4h
Orig. time res.:              4h
Station code:                 FR0015R
Platform code:                FR0015S
Station name:                 La Tardière
Station latitude:             46.65
Station longitude:            -0.75
Station altitude:             133.0m
Measurement height:           4.0m
Regime:                       IMG
Component:                    ethane
Unit:                         pmol/mol
Matrix:                       air
Instrument type:              steel_canister
Laboratory code:              FR07L
Instrument name:              MD-GC_NMHC_offline_FR15
Instrument manufacturer:      Restek+Entech
Instrument model:             SilcoCan+Silonite
Method ref:                   FR07L_NMHC_analysis
Standard method:              SOP=GAW_204(2012)
Calibration scale:            NPL
Calibration standard ID:      NPL D09_0451
Inlet type:                   Stainless steel
Inlet description:            Primary line + manifold
Volume std. temperature:      273.15 K
Volume std. pressure:         1013.25 hPa
Detection limit expl.:        Analytical detection limit based on instrument noise, 3 time signal to noise ratio
Measurement uncertainty expl.: Includes reproducibility (precision) + systematic errors (accuracy)
Zero/negative values code:    Zero possible
Originator:                   Sauvage, Stephane, , , , , , , , , 
Submitter:                    Sauvage, Stephane, , , , , , , , , 
Acknowledgement:              Request acknowledgement details from data originator
Comment:                      Silcosteel canisters, no dryer, no_ozone scrubber, calibration for each canister batch
starttime endtime C2H6 C2H6 C2H6 flag
  1.5   1.666667 99999 9999 999 0.999
  5.5   5.666667 99999 9999 999 0.999
  8.5   8.666667 99999 9999 999 0.999
 12.5  12.666667 99999 9999 999 0.999
 15.5  15.666667 99999 9999 999 0.999
 19.5  19.666667 99999 9999 999 0.999
 22.5  22.666667 99999 9999 999 0.999
 26.5  26.666667 99999 9999 999 0.999
 29.5  29.666667 99999 9999 999 0.999
 33.5  33.666667 99999 9999 999 0.999
 36.5  36.666667 99999 9999 999 0.999
 40.5  40.666667 99999 9999 999 0.999
 43.5  43.666667 99999 9999 999 0.999
 47.5  47.666667 99999 9999 999 0.999
 50.5  50.666667 99999 9999 999 0.999
 54.5  54.666667 99999 9999 999 0.999
 57.5  57.666667 99999 9999 999 0.999
 61.5  61.666667 99999 9999 999 0.999
 64.5  64.666667 99999 9999 999 0.999
 68.5  68.666667 99999 9999 999 0.999
 71.5  71.666667 99999 9999 999 0.999
 75.5  75.666667 99999 9999 999 0.999
 78.5  78.666667 99999 9999 999 0.999
 82.5  82.666667 99999 9999 999 0.999
 85.5  85.666667 99999 9999 999 0.999
 89.5  89.666667 99999 9999 999 0.999
 92.5  92.666667 99999 9999 999 0.999
 96.5  96.666667 99999 9999 999 0.999
 99.5  99.666667 99999 9999 999 0.999
103.5 103.666667 99999 9999 999 0.999
106.5 106.666667 99999 9999 999 0.999
110.5 110.666667  1983  104  47 0.000
113.5 113.666667  1990  104  47 0.000
117.5 117.666667  1838   96  44 0.000
120.5 120.666667  1690   89  41 0.000
124.5 124.666667  1690   89  41 0.000
127.5 127.666667  1479   78  36 0.000
131.5 131.666667  1578   83  38 0.000
134.5 134.666667 99999 9999 999 0.999
138.5 138.666667 99999 9999 999 0.999
141.5 141.666667  1446   76  35 0.000
145.5 145.666667  1277   67  31 0.000
148.5 148.666667  1282   68  32 0.000
152.5 152.666667  1170   62  29 0.000
155.5 155.666667   960   51  24 0.000
159.5 159.666667   906   48  23 0.000
162.5 162.666667   944   50  24 0.000
166.5 166.666667   940   50  24 0.000
169.5 169.666667   803   43  21 0.000
173.5 173.666667   910   48  23 0.000
176.5 176.666667   642   35  17 0.000
180.5 180.666667   658   36  18 0.000
183.5 183.666667   685   37  18 0.000
187.5 187.666667   671   36  18 0.000
190.5 190.666667 99999 9999 999 0.999
194.5 194.666667   756   41  20 0.000
197.5 197.666667 99999 9999 999 0.999
201.5 201.666667 99999 9999 999 0.999
204.5 204.666667 99999 9999 999 0.999
208.5 208.666667   698   38  19 0.000
211.5 211.666667   704   38  19 0.000
215.5 215.666667   720   39  19 0.000
218.5 218.666667 99999 9999 999 0.999
222.5 222.666667   736   40  20 0.000
225.5 225.666667 99999 9999 999 0.999
229.5 229.666667   875   47  23 0.000
232.5 232.666667 99999 9999 999 0.999
236.5 236.666667 99999 9999 999 0.999
239.5 239.666667   762   41  20 0.000
243.5 243.666667   929   49  24 0.000
246.5 246.666667 99999 9999 999 0.999
250.5 250.666667  1175   62  29 0.000
253.5 253.666667  1077   57  27 0.000
257.5 257.666667  1023   54  26 0.000
260.5 260.666667 99999 9999 999 0.999
264.5 264.666667   986   52  25 0.000
267.5 267.666667  1194   63  30 0.000
271.5 271.666667   943   50  24 0.000
274.5 274.666667 99999 9999 999 0.999
278.5 278.666667 99999 9999 999 0.999
281.5 281.666667   846   45  22 0.000
285.5 285.666667 99999 9999 999 0.999
288.5 288.666667  1002   53  25 0.000
292.5 292.666667  1084   57  27 0.000
295.5 295.666667  1156   61  29 0.000
299.5 299.666667 99999 9999 999 0.999
302.5 302.666667  1540   81  37 0.000
306.5 306.666667  1418   75  35 0.000
309.5 309.666667  1677   88  40 0.000
313.5 313.666667  1635   86  39 0.000
316.5 316.666667  1846   97  44 0.000
320.5 320.666667  2000  105  47 0.000
323.5 323.666667  2810  146  65 0.000
327.5 327.666667  3047  159  70 0.000
330.5 330.666667  1913  100  45 0.000
334.5 334.666667  3149  164  73 0.000
337.5 337.666667  4173  217  95 0.000
341.5 341.666667  1952  102  46 0.000
344.5 344.666667  1622   85  39 0.000
348.5 348.666667 99999 9999 999 0.999
351.5 351.666667  1394   73  34 0.000
355.5 355.666667  1684   88  40 0.000
358.5 358.666667  2314  121  54 0.000
362.5 362.666667  2285  119  54 0.000
