data/obs/c2h6/WDCGG/event/FR0013R.20150101120000.20160729000000.steel_canister.ethane.air.1y.84h.FR07L_MD-GC_NMHC_offline_FR13.FR07L_NMHC_analysis.lev2.nas
66 1001
Sauvage, Stephane
FR07L, Ecole Nationale Supérieure des Mines de Douai, ENSMD, Département Sciences de l'Atmosphère et Génie de l'Environnement, 941 rue Charles Bourseul, CS 10838, 59508, Douai, France
Sauvage, Stephane
ACTRIS EMEP GAW-WDCRG
1 1
2015 01 01 2016 07 29
0
days from file reference point
5
1 1 1 1 1
999.999999 99999 9999 999 9.999
end_time of measurement, days from the file reference point
ethane, pmol/mol, Statistics=arithmetic mean, Detection limit=10.0 pmol/mol
ethane, pmol/mol, Statistics=expanded uncertainty 2sigma
ethane, pmol/mol, Statistics=precision
numflag, no unit
0
47
Data definition:              EBAS_1.1
Set type code:                TI
Timezone:                     UTC
File name:                    FR0013R.20150101120000.20160729000000.steel_canister.ethane.air.1y.84h.FR07L_MD-GC_NMHC_offline_FR13.FR07L_NMHC_analysis.lev2.nas
File creation:                20190306184602
Startdate:                    20150101120000
Revision date:                20160729000000
Version:                      1
Version description:          initial revision, manually inspected
Data level:                   2
Period code:                  1y
Resolution code:              84h
Sample duration:              4h
Orig. time res.:              4h
Station code:                 FR0013R
Platform code:                FR0013S
Station name:                 Peyrusse Vieille
Station latitude:             43.616667
Station longitude:            0.183333
Station altitude:             200.0m
Measurement height:           4.0m
Regime:                       IMG
Component:                    ethane
Unit:                         pmol/mol
Matrix:                       air
Instrument type:              steel_canister
Laboratory code:              FR07L
Instrument name:              MD-GC_NMHC_offline_FR13
Instrument manufacturer:      Restek+Entech
Instrument model:             SilcoCan+Silonite
Instrument serial number:     580S13072901
Method ref:                   FR07L_NMHC_analysis
Standard method:              SOP=GAW_204(2012)
Calibration scale:            NPL
Calibration standard ID:      NPL D09_0451
Inlet type:                   Stainless steel
Inlet description:            Primary line + manifold
Volume std. temperature:      273.15 K
Volume std. pressure:         1013.25 hPa
Detection limit expl.:        Analytical detection limit based on instrument noise, 3 time signal to noise ratio
Measurement uncertainty expl.: Includes reproducibility (precision) + systematic errors (accuracy)
Zero/negative values code:    Zero possible
Originator:                   Sauvage, Stephane, , , , , , , , , 
Submitter:                    Sauvage, Stephane, , , , , , , , , 
Acknowledgement:              Request acknowledgement details from data originator
Comment:                      Silcosteel canisters, no dryer, no_ozone scrubber, calibration for each canister batch
starttime endtime C2H6 C2H6 C2H6 flag
  0.5   0.666667 99999 9999 999 0.999
  4.5   4.666667 99999 9999 999 0.999
  7.5   7.666667  1466   77  36 0.000
 11.5  11.666667  1710   90  41 0.000
 14.5  14.666667  1652   87  40 0.000
 18.5  18.666667  1979  104  47 0.000
 21.5  21.666667  2303  120  54 0.000
 25.5  25.666667  1968  103  47 0.000
 28.5  28.666667  2051  107  48 0.000
 32.5  32.666667 99999 9999 999 0.999
 35.5  35.666667  2743  143  64 0.000
 39.5  39.666667  2315  121  54 0.000
 42.5  42.666667  2328  122  55 0.000
 46.5  46.666667  2174  114  51 0.000
 49.5  49.666667  2194  115  52 0.000
 53.5  53.666667  1876   98  45 0.000
 56.5  56.666667  1671   88  40 0.000
 60.5  60.666667  1995  104  47 0.000
 63.5  63.666667  2162  113  51 0.000
 67.5  67.666667  2098  110  49 0.000
 70.5  70.666667  2355  123  55 0.000
 74.5  74.666667  2049  107  48 0.000
 77.5  77.666667  2689  140  62 0.000
 81.5  81.666667  2566  134  60 0.000
 84.5  84.666667  2198  115  52 0.000
 88.5  88.666667  1767   93  42 0.000
 91.5  91.666667  2050  107  48 0.000
 95.5  95.666667  1851   97  44 0.000
 98.5  98.666667  2120  111  50 0.000
102.5 102.666667  1718   90  41 0.000
105.5 105.666667  1520   80  37 0.000
109.5 109.666667  1561   82  38 0.000
112.5 112.666667  1601   84  39 0.000
116.5 116.666667  1625   85  39 0.000
119.5 119.666667  1513   80  37 0.000
123.5 123.666667  1136   60  28 0.000
126.5 126.666667  1511   79  37 0.000
130.5 130.666667  1710   90  41 0.000
133.5 133.666667  1374   72  34 0.000
137.5 137.666667  1108   59  28 0.000
140.5 140.666667  1305   69  32 0.000
144.5 144.666667   900   48  23 0.000
147.5 147.666667  1152   61  29 0.000
151.5 151.666667   847   45  22 0.000
154.5 154.666667   893   48  23 0.000
158.5 158.666667   972   52  25 0.000
161.5 161.666667 99999 9999 999 0.999
165.5 165.666667 99999 9999 999 0.999
168.5 168.666667  1053   56  26 0.000
172.5 172.666667   651   35  18 0.000
176.5 176.666667   873   47  23 0.000
179.5 179.666667   553   30  15 0.000
182.5 182.666667   559   30  16 0.000
186.5 186.666667 99999 9999 999 0.999
189.5 189.666667   675   36  18 0.000
193.5 193.666667   677   36  18 0.000
196.5 196.666667   682   37  18 0.000
200.5 200.666667   636   34  17 0.000
203.5 203.666667   695   37  19 0.000
207.5 207.666667   695   37  19 0.000
210.5 210.666667   684   37  18 0.000
214.5 214.666667   688   37  18 0.000
217.5 217.666667   530   29  15 0.000
221.5 221.666667   723   39  19 0.000
224.5 224.666667   663   36  18 0.000
228.5 228.666667 99999 9999 999 0.999
231.5 231.666667   705   38  19 0.000
235.5 235.666667   650   35  18 0.000
238.5 238.666667   590   32  16 0.000
242.5 242.666667   583   32  16 0.000
245.5 245.666667   950   51  24 0.000
249.5 249.666667   718   39  19 0.000
252.5 252.666667   942   50  24 0.000
256.5 256.666667   766   41  20 0.000
259.5 259.666667   875   47  23 0.000
263.5 263.666667  1084   57  27 0.000
266.5 266.666667 99999 9999 999 0.999
270.5 270.666667 99999 9999 999 0.999
273.5 273.666667 99999 9999 999 0.999
277.5 277.666667   858   46  22 0.000
280.5 280.666667 99999 9999 999 0.999
284.5 284.666667 99999 9999 999 0.999
287.5 287.666667  1419   75  35 0.000
291.5 291.666667  1654   87  40 0.000
294.5 294.666667  1655   87  40 0.000
298.5 298.666667  1291   68  32 0.000
301.5 301.666667  1091   58  27 0.000
305.5 305.666667  1663   87  40 0.000
308.5 308.666667  1204   64  30 0.000
312.5 312.666667  1226   65  30 0.000
315.5 315.666667  1311   69  32 0.000
319.5 319.666667  1271   67  31 0.000
322.5 322.666667  1178   62  29 0.000
326.5 326.666667  1866   98  44 0.000
329.5 329.666667  1312   69  32 0.000
333.5 333.666667  1740   91  42 0.000
336.5 336.666667 99999 9999 999 0.999
340.5 340.666667 99999 9999 999 0.999
343.5 343.666667  1823   96  43 0.000
347.5 347.666667  1431   75  35 0.000
350.5 350.666667  1853   97  44 0.000
354.5 354.666667  1802   94  43 0.000
357.5 357.666667 99999 9999 999 0.999
361.5 361.666667  1980  104  47 0.000
364.5 364.666667  1901  100  45 0.000
