data/obs/c2h6/WDCGG/event/FR0013R.20110103120000.20150618115611.steel_canister.ethane.air.1y.1d.FR07L_VOC_FR13.FR07L_NMHC_analysis.lev2.nas
61 1001
Sauvage, Stephane
FR07L, Ecole Nationale Supérieure des Mines de Douai, ENSMD, Département Sciences de l'Atmosphère et Génie de l'Environnement, 941 rue Charles Bourseul, CS 10838, 59508, Douai, France
Sauvage, Stephane
ACTRIS EMEP GAW-WDCRG
1 1
2011 01 01 2015 06 18
0
days from file reference point
5
1 1 1 1 1
999.999999 9999.9999999 99999 999.9999999 9.999
end_time of measurement, days from the file reference point
ethane, pmol/mol, Statistics=accuracy
ethane, pmol/mol, Revision date=20150618115611, Statistics=arithmetic mean
ethane, pmol/mol, Statistics=precision
numflag, no unit
0
42
Data definition:              EBAS_1.1
Set type code:                TI
Timezone:                     UTC
File name:                    FR0013R.20110103120000.20150618115611.steel_canister.ethane.air.1y.1d.FR07L_VOC_FR13.FR07L_NMHC_analysis.lev2.nas
File creation:                20190306184602
Startdate:                    20110103120000
Revision date:                20150618115611
Version:                      1
Version description:          initial revision, manually inspected
Data level:                   2
Period code:                  1y
Resolution code:              1d
Orig. time res.:              4h
Station code:                 FR0013R
Platform code:                FR0013S
Station name:                 Peyrusse Vieille
Station latitude:             43.616667
Station longitude:            0.183333
Station altitude:             200.0m
Measurement height:           4.0m
Regime:                       IMG
Component:                    ethane
Unit:                         pmol/mol
Matrix:                       air
Instrument type:              steel_canister
Laboratory code:              FR07L
Instrument name:              VOC_FR13
Method ref:                   FR07L_NMHC_analysis
Standard method:              None
Inlet type:                   Canister valve opening
Inlet description:            Primary line + manifold
Volume std. temperature:      273.15 K
Volume std. pressure:         1013.25 hPa
Detection limit:              10.0 pmol/mol
Detection limit expl.:        Analytical detection limit based on instrument noise, 3 times the Signal to noise ratio
Measurement uncertainty expl.: Includes reproducibility (precision) + systematic errors (accuracy)
Zero/negative values code:    Zero/negative impossible
Originator:                   Sauvage, Stephane, , , , , , , , , 
Submitter:                    Sauvage, Stephane, , , , , , , , , 
Acknowledgement:              Request acknowledgement details from data originator
Comment:                      No SOP currently available
starttime endtime C2H6 C2H6 C2H6 flag
  2.5   2.513889  103.0000000  2206  52.0000000 0.000
  5.5   5.513889  108.0000000  2320  54.0000000 0.000
  9.5   9.513889    4.0138895  1814  43.0000000 0.000
 12.5  12.513889   55.0000000  1171  29.0000000 0.000
 16.5  16.513889 9999.9999999 99999 999.9999999 0.999
 19.5  19.513889   91.0000000  1953   1.0138896 0.000
 23.5  23.513889 9999.9999999 99999 999.9999999 0.999
 26.5  26.513889  125.0000000  2670  62.0000000 0.000
 30.5  30.513889 9999.9999999 99999 999.9999999 0.999
 33.5  33.513889   80.0000000  1715  41.0000000 0.000
 37.5  37.513889 9999.9999999 99999 999.9999999 0.999
 40.5  40.513889   90.0000000  1937  46.0000000 0.000
 44.5  44.513889   94.0000000  2003  47.0000000 0.000
 47.5  47.513889  103.0000000  2216  52.0000000 0.000
 51.5  51.513889  125.0000000  2672  62.0000000 0.000
 54.5  54.513889   85.0000000  1810  43.0000000 0.000
 58.5  58.513889  105.0000000  2240  53.0000000 0.000
 61.5  61.513889  194.0000000  4164  95.0000000 0.000
 65.5  65.513889  153.0000000  3280  75.0000000 0.000
 68.5  68.513889  120.0000000  2580  60.0000000 0.000
 72.5  72.513889   93.0000000  1981  47.0000000 0.000
 75.5  75.513889 9999.9999999 99999 999.9999999 0.999
 79.5  79.513889  115.0000000  2456  57.0000000 0.000
 82.5  82.513889  103.0000000  2207  52.0000000 0.000
 86.5  86.513889   79.0000000  1697  41.0000000 0.000
 89.5  89.513889   52.0000000  1119  28.0000000 0.000
 93.5  93.513889   80.0000000  1710  41.0000000 0.000
 96.5  96.513889    4.0138891  1744   1.0138892 0.000
100.5 100.513889   70.0000000  1493  36.0000000 0.000
103.5 103.513889   92.0000000  1977  47.0000000 0.000
107.5 107.513889   75.0000000  1614  39.0000000 0.000
110.5 110.513889   74.0000000  1587  38.0000000 0.000
114.5 114.513889   70.0000000  1502  36.0000000 0.000
117.5 117.513889   70.0000000  1505  36.0000000 0.000
121.5 121.513889   70.0000000  1505  36.0000000 0.000
124.5 124.513889   66.0000000  1420  35.0000000 0.000
128.5 128.513889   59.0000000  1266  31.0000000 0.000
131.5 131.513889   59.0000000  1267  31.0000000 0.000
135.5 135.513889   56.0000000  1203  30.0000000 0.000
138.5 138.513889    1.0138899  1041  26.0000000 0.000
142.5 142.513889   48.0000000  1034  26.0000000 0.000
145.5 145.513889   69.0000000  1467  36.0000000 0.000
149.5 149.513889 9999.9999999 99999 999.9999999 0.999
152.5 152.513889 9999.9999999 99999 999.9999999 0.999
156.5 156.513889 9999.9999999 99999 999.9999999 0.999
159.5 159.513889   42.0000000   896  23.0000000 0.000
163.5 163.513889   26.0000000   554  16.0000000 0.000
166.5 166.513889   36.0000000   772  20.0000000 0.000
170.5 170.513889   32.0000000   687  18.0000000 0.000
173.5 173.513889   32.0000000   692  19.0000000 0.000
177.5 177.513889   31.0000000   672  18.0000000 0.000
180.5 180.513889   32.0000000   680  18.0000000 0.000
184.5 184.513889   30.0138890   730  19.0000000 0.000
187.5 187.513889   33.0000000   696  19.0000000 0.000
191.5 191.513889   34.0000000   735  20.0000000 0.000
194.5 194.513889   37.0000000   797  21.0000000 0.000
198.5 198.513889 9999.9999999 99999 999.9999999 0.999
201.5 201.513889   28.0000000   600  17.0000000 0.000
205.5 205.513889   16.0000000   341  11.0000000 0.000
208.5 208.513889 9999.9999999 99999 999.9999999 0.999
212.5 212.513889   30.0000000   640  17.0000000 0.000
215.5 215.513889 9999.9999999 99999 999.9999999 0.999
219.5 219.513889 9999.9999999 99999 999.9999999 0.999
222.5 222.513889 9999.9999999 99999 999.9999999 0.999
226.5 226.513889 9999.9999999 99999 999.9999999 0.999
229.5 229.513889 9999.9999999 99999 999.9999999 0.999
233.5 233.513889 9999.9999999 99999 999.9999999 0.999
236.5 236.513889 9999.9999999 99999 999.9999999 0.999
240.5 240.513889 9999.9999999 99999 999.9999999 0.999
243.5 243.513889 9999.9999999 99999 999.9999999 0.999
247.5 247.513889 9999.9999999 99999 999.9999999 0.999
250.5 250.513889 9999.9999999 99999 999.9999999 0.999
254.5 254.513889 9999.9999999 99999 999.9999999 0.999
257.5 257.513889 9999.9999999 99999 999.9999999 0.999
261.5 261.513889 9999.9999999 99999 999.9999999 0.999
264.5 264.513889 9999.9999999 99999 999.9999999 0.999
268.5 268.513889 9999.9999999 99999 999.9999999 0.999
271.5 271.513889 9999.9999999 99999 999.9999999 0.999
275.5 275.513889 9999.9999999 99999 999.9999999 0.999
278.5 278.513889 9999.9999999 99999 999.9999999 0.999
282.5 282.513889 9999.9999999 99999 999.9999999 0.999
285.5 285.513889 9999.9999999 99999 999.9999999 0.999
289.5 289.513889 9999.9999999 99999 999.9999999 0.999
292.5 292.513889 9999.9999999 99999 999.9999999 0.999
296.5 296.513889 9999.9999999 99999 999.9999999 0.999
299.5 299.513889 9999.9999999 99999 999.9999999 0.999
303.5 303.513889 9999.9999999 99999 999.9999999 0.999
306.5 306.513889 9999.9999999 99999 999.9999999 0.999
310.5 310.513889 9999.9999999 99999 999.9999999 0.999
313.5 313.513889 9999.9999999 99999 999.9999999 0.999
317.5 317.513889 9999.9999999 99999 999.9999999 0.999
320.5 320.513889 9999.9999999 99999 999.9999999 0.999
324.5 324.513889 9999.9999999 99999 999.9999999 0.999
327.5 327.513889  120.0000000  2577  60.0000000 0.000
331.5 331.513889   93.0000000  2002  47.0000000 0.000
334.5 334.513889   75.0000000  1615  39.0000000 0.000
338.5 338.513889    2.0138899  1482  36.0000000 0.000
341.5 341.513889   72.0000000  1540  37.0000000 0.000
345.5 345.513889   67.0000000  1444  35.0000000 0.000
348.5 348.513889   67.0000000  1430  35.0000000 0.000
352.5 352.513889   69.0000000  1480  36.0000000 0.000
355.5 355.513889    5.0138895  2025  48.0000000 0.000
359.5 359.513889   97.0000000  2082  49.0000000 0.000
362.5 362.513889   79.0000000  1701  41.0000000 0.000
