data/obs/c2h6/WDCGG/event/FR0013R.20140102120000.20160728000000.steel_canister.ethane.air.1y.84h.FR07L_MD-GC_NMHC_offline_FR13.FR07L_NMHC_analysis.lev2.nas
65 1001
Sauvage, Stephane
FR07L, Ecole Nationale Supérieure des Mines de Douai, ENSMD, Département Sciences de l'Atmosphère et Génie de l'Environnement, 941 rue Charles Bourseul, CS 10838, 59508, Douai, France
Sauvage, Stephane
ACTRIS EMEP GAW-WDCRG
1 1
2014 01 01 2016 07 28
0
days from file reference point
5
1 1 1 1 1
999.999999 99999 9999 999 9.999
end_time of measurement, days from the file reference point
ethane, pmol/mol, Statistics=arithmetic mean, Detection limit=10.0 pmol/mol
ethane, pmol/mol, Statistics=expanded uncertainty 2sigma
ethane, pmol/mol, Statistics=precision
numflag, no unit
0
46
Data definition:              EBAS_1.1
Set type code:                TI
Timezone:                     UTC
File name:                    FR0013R.20140102120000.20160728000000.steel_canister.ethane.air.1y.84h.FR07L_MD-GC_NMHC_offline_FR13.FR07L_NMHC_analysis.lev2.nas
File creation:                20190306184602
Startdate:                    20140102120000
Revision date:                20160728000000
Version:                      1
Version description:          initial revision, manually inspected
Data level:                   2
Period code:                  1y
Resolution code:              84h
Sample duration:              4h
Orig. time res.:              4h
Station code:                 FR0013R
Platform code:                FR0013S
Station name:                 Peyrusse Vieille
Station latitude:             43.616667
Station longitude:            0.183333
Station altitude:             200.0m
Measurement height:           4.0m
Regime:                       IMG
Component:                    ethane
Unit:                         pmol/mol
Matrix:                       air
Instrument type:              steel_canister
Laboratory code:              FR07L
Instrument name:              MD-GC_NMHC_offline_FR13
Instrument manufacturer:      Restek+Entech
Instrument model:             SilcoCan+Silonite
Method ref:                   FR07L_NMHC_analysis
Standard method:              SOP=GAW_204(2012)
Calibration scale:            NPL
Calibration standard ID:      NPL D09_0451
Inlet type:                   Stainless steel
Inlet description:            Primary line + manifold
Volume std. temperature:      273.15 K
Volume std. pressure:         1013.25 hPa
Detection limit expl.:        Analytical detection limit based on instrument noise, 3 time signal to noise ratio
Measurement uncertainty expl.: Includes reproducibility (precision) + systematic errors (accuracy)
Zero/negative values code:    Zero possible
Originator:                   Sauvage, Stephane, , , , , , , , , 
Submitter:                    Sauvage, Stephane, , , , , , , , , 
Acknowledgement:              Request acknowledgement details from data originator
Comment:                      Silcosteel canisters, no dryer, no_ozone scrubber, calibration for each canister batch
starttime endtime C2H6 C2H6 C2H6 flag
  1.5   1.666667 99999 9999 999 0.999
  5.5   5.666667 99999 9999 999 0.999
  8.5   8.666667 99999 9999 999 0.999
 12.5  12.666667 99999 9999 999 0.999
 15.5  15.666667 99999 9999 999 0.999
 19.5  19.666667 99999 9999 999 0.999
 22.5  22.666667  2113  110  50 0.000
 26.5  26.666667 99999 9999 999 0.999
 29.5  29.666667  2114  111  50 0.000
 33.5  33.666667  2150  112  51 0.000
 36.5  36.666667  2286  119  54 0.000
 40.5  40.666667  2240  117  53 0.000
 43.5  43.666667  2215  116  52 0.000
 47.5  47.666667  2267  118  53 0.000
 50.5  50.666667  2258  118  53 0.000
 54.5  54.666667  2145  112  51 0.000
 57.5  57.666667  2413  126  56 0.000
 61.5  61.666667  2557  133  60 0.000
 64.5  64.666667  2482  130  58 0.000
 68.5  68.666667  2865  149  66 0.000
 71.5  71.666667  2814  147  65 0.000
 75.5  75.666667  2329  122  55 0.000
 78.5  78.666667  2170  113  51 0.000
 82.5  82.666667  2213  116  52 0.000
 85.5  85.666667  2404  126  56 0.000
 89.5  89.666667  1987  104  47 0.000
 92.5  92.666667  1815   95  43 0.000
 96.5  96.666667  1298   68  32 0.000
 99.5  99.666667 99999 9999 999 0.999
103.5 103.666667 99999 9999 999 0.999
106.5 106.666667 99999 9999 999 0.999
110.5 110.666667 99999 9999 999 0.999
113.5 113.666667 99999 9999 999 0.999
117.5 117.666667 99999 9999 999 0.999
120.5 120.666667 99999 9999 999 0.999
124.5 124.666667 99999 9999 999 0.999
127.5 127.666667 99999 9999 999 0.999
131.5 131.666667 99999 9999 999 0.999
134.5 134.666667 99999 9999 999 0.999
138.5 138.666667 99999 9999 999 0.999
141.5 141.666667  1338   71  33 0.000
145.5 145.666667 99999 9999 999 0.999
148.5 148.666667  1078   57  27 0.000
152.5 152.666667  1188   63  29 0.000
155.5 155.666667  1017   54  26 0.000
159.5 159.666667   848   45  22 0.000
162.5 162.666667  1414   74  34 0.000
166.5 166.666667   901   48  23 0.000
169.5 169.666667   950   51  24 0.000
173.5 173.666667   664   36  18 0.000
176.5 176.666667   519   28  15 0.000
180.5 180.666667   720   39  19 0.000
183.5 183.666667   705   38  19 0.000
187.5 187.666667   722   39  19 0.000
190.5 190.666667   606   33  17 0.000
194.5 194.666667   779   42  20 0.000
197.5 197.666667   752   40  20 0.000
201.5 201.666667 99999 9999 999 0.999
204.5 204.666667   847   45  22 0.000
208.5 208.666667 99999 9999 999 0.999
211.5 211.666667   745   40  20 0.000
215.5 215.666667   784   42  21 0.000
218.5 218.666667   613   33  17 0.000
222.5 222.666667   874   47  23 0.000
225.5 225.666667   724   39  19 0.000
229.5 229.666667   761   41  20 0.000
232.5 232.666667 99999 9999 999 0.999
236.5 236.666667 99999 9999 999 0.999
239.5 239.666667   667   36  18 0.000
243.5 243.666667   931   50  24 0.000
246.5 246.666667  1085   58  27 0.000
250.5 250.666667 99999 9999 999 0.999
253.5 253.666667   921   49  24 0.000
257.5 257.666667   688   37  18 0.000
260.5 260.666667   762   41  20 0.000
264.5 264.666667   792   42  21 0.000
267.5 267.666667  1075   57  27 0.000
271.5 271.666667  1143   60  28 0.000
274.5 274.666667   870   46  22 0.000
278.5 278.666667   875   47  23 0.000
281.5 281.666667   746   40  20 0.000
285.5 285.666667  1138   60  28 0.000
288.5 288.666667   882   47  23 0.000
292.5 292.666667   947   50  24 0.000
295.5 295.666667  1065   56  27 0.000
299.5 299.666667  1067   57  27 0.000
302.5 302.666667  1066   57  27 0.000
306.5 306.666667  1469   77  36 0.000
309.5 309.666667  1274   67  31 0.000
313.5 313.666667  1357   72  33 0.000
316.5 316.666667  1512   79  37 0.000
320.5 320.666667  1491   78  36 0.000
323.5 323.666667  1929  101  46 0.000
327.5 327.666667  2145  112  51 0.000
330.5 330.666667  1887   99  45 0.000
334.5 334.666667  2376  124  56 0.000
337.5 337.666667 99999 9999 999 0.999
341.5 341.666667  1615   85  39 0.000
344.5 344.666667  1727   91  41 0.000
348.5 348.666667  2182  114  51 0.000
351.5 351.666667  1453   76  35 0.000
355.5 355.666667  1759   92  42 0.000
358.5 358.666667  1545   81  37 0.000
362.5 362.666667  2537  132  59 0.000
