data/obs/c2h6/WDCGG/event/FR0013R.20130103120000.20150618000000.steel_canister.ethane.air.1y.84h.FR07L_MD-GC_NMHC_offline_FR13.FR07L_NMHC_analysis.lev2.nas
67 1001
Sauvage, Stephane
FR07L, Ecole Nationale Supérieure des Mines de Douai, ENSMD, Département Sciences de l'Atmosphère et Génie de l'Environnement, 941 rue Charles Bourseul, CS 10838, 59508, Douai, France
Sauvage, Stephane
ACTRIS EMEP GAW-WDCRG
1 1
2013 01 01 2015 06 18
0
days from file reference point
5
1 1 1 1 1
999.999999 9999.9999999 99999 999.9999999 9.999
end_time of measurement, days from the file reference point
ethane, pmol/mol, Statistics=accuracy
ethane, pmol/mol, Statistics=arithmetic mean
ethane, pmol/mol, Statistics=precision
numflag, no unit
0
48
Data definition:              EBAS_1.1
Set type code:                TI
Timezone:                     UTC
File name:                    FR0013R.20130103120000.20150618000000.steel_canister.ethane.air.1y.84h.FR07L_MD-GC_NMHC_offline_FR13.FR07L_NMHC_analysis.lev2.nas
File creation:                20190306184602
Startdate:                    20130103120000
Revision date:                20150618000000
Version:                      1
Version description:          initial revision, manually inspected
Data level:                   2
Period code:                  1y
Resolution code:              84h
Sample duration:              4h
Orig. time res.:              4h
Station code:                 FR0013R
Platform code:                FR0013S
Station name:                 Peyrusse Vieille
Station latitude:             43.616667
Station longitude:            0.183333
Station altitude:             200.0m
Measurement height:           4.0m
Regime:                       IMG
Component:                    ethane
Unit:                         pmol/mol
Matrix:                       air
Instrument type:              steel_canister
Laboratory code:              FR07L
Instrument name:              MD-GC_NMHC_offline_FR13
Instrument manufacturer:      Restek+Entech
Instrument model:             SilcoCan+Silonite
Instrument serial number:     580S13072901
Method ref:                   FR07L_NMHC_analysis
Standard method:              SOP=GAW_204(2012)
Calibration scale:            NPL
Calibration standard ID:      NPL D09_0451
Inlet type:                   Stainless steel
Inlet description:            Primary line + manifold
Volume std. temperature:      273.15 K
Volume std. pressure:         1013.25 hPa
Detection limit:              10.0 pmol/mol
Detection limit expl.:        Analytical detection limit based on instrument noise, 3 time signal to noise ratio
Measurement uncertainty expl.: Includes reproducibility (precision) + systematic errors (accuracy)
Zero/negative values code:    Zero/negative impossible
Originator:                   Sauvage, Stephane, , , , , , , , , 
Submitter:                    Sauvage, Stephane, , , , , , , , , 
Acknowledgement:              Request acknowledgement details from data originator
Comment:                      No SOP currently available
starttime endtime C2H6 C2H6 C2H6 flag
  2.5   2.666667  116.0000000  2492  58.0000000 0.000
  6.5   6.666667  109.0000000  2341  55.0000000 0.000
  9.5   9.666667    6.0138894  2016  48.0000000 0.000
 13.5  13.666667  130.0000000  2777  64.0000000 0.000
 16.5  16.666667  162.0000000  3479  80.0000000 0.000
 20.5  20.666667  103.0000000  2196  52.0000000 0.000
 23.5  23.666667  114.0000000  2436  57.0000000 0.000
 27.5  27.666667  112.0000000  2407   2.0138896 0.000
 30.5  30.666667   69.0000000  1484  36.0000000 0.000
 34.5  34.666667  125.0000000  2684  62.0000000 0.000
 37.5  37.666667  138.0000000  2953  68.0000000 0.000
 41.5  41.666667  128.0000000  2744  64.0000000 0.000
 44.5  44.666667   75.0000000  1600  39.0000000 0.000
 48.5  48.666667  133.0000000  2843  66.0000000 0.000
 51.5  51.666667  121.0000000  2586  60.0000000 0.000
 55.5  55.666667  117.0000000  2501  58.0000000 0.000
 58.5  58.666667  181.0000000  3887  89.0000000 0.000
 62.5  62.513890  105.0000000  2249  53.0000000 0.000
 65.5  65.666667   97.0000000  2068  49.0000000 0.000
 69.5  69.666667  101.0000000  2162  51.0000000 0.000
 72.5  72.666667    8.0138890  2348  55.0000000 0.000
 76.5  76.666667   87.0000000  1870  44.0000000 0.000
 79.5  79.666667   87.0000000  1869  44.0000000 0.000
 83.5  83.666667   81.0000000  1727   1.0138891 0.000
 86.5  86.666667 9999.9999999 99999 999.9999999 0.999
 90.5  90.666667 9999.9999999 99999 999.9999999 0.999
 93.5  93.666667  109.0000000  2345  55.0000000 0.000
 97.5  97.666667   92.0000000  1963  47.0000000 0.000
100.5 100.666667   66.0000000  1407  34.0000000 0.000
104.5 104.666667   74.0000000  1577  38.0000000 0.000
107.5 107.666667   68.0000000  1466  36.0000000 0.000
111.5 111.666667    4.0138897  1864  44.0000000 0.000
114.5 114.666667 9999.9999999 99999 999.9999999 0.999
118.5 118.666667    5.0138891  1955   1.0138896 0.000
121.5 121.666667    5.0138896  2055  49.0000000 0.000
125.5 125.666667   50.0000000  1080  27.0000000 0.000
128.5 128.666667   53.0000000  1143  28.0000000 0.000
132.5 132.666667   64.0000000  1373  34.0000000 0.000
135.5 135.666667 9999.9999999 99999 999.9999999 0.999
139.5 139.666667   74.0000000  1577  38.0000000 0.000
142.5 142.666667 9999.9999999 99999 999.9999999 0.999
146.5 146.666667 9999.9999999 99999 999.9999999 0.999
149.5 149.666667   40.0000000   858  22.0000000 0.000
153.5 153.666667   69.0000000  1474  36.0000000 0.000
156.5 156.666667   83.0000000  1770  42.0000000 0.000
160.5 160.666667   48.0000000  1037  26.0000000 0.000
163.5 163.666667   31.0000000   670  18.0000000 0.000
167.5 167.666667   43.0000000   915  23.0000000 0.000
170.5 170.666667   42.0000000   906  23.0000000 0.000
174.5 174.666667   50.0000000  1076  27.0000000 0.000
177.5 177.666667 9999.9999999 99999 999.9999999 0.999
181.5 181.666667   47.0000000  1009  26.0000000 0.000
184.5 184.666667   46.0000000   990  25.0000000 0.000
188.5 188.666667 9999.9999999 99999 999.9999999 0.999
191.5 191.666667   51.0000000  1099  28.0000000 0.000
195.5 195.666667   50.0000000  1060  27.0000000 0.000
198.5 198.666667   33.0000000   706  19.0000000 0.000
202.5 202.666667   39.0000000   838  22.0000000 0.000
205.5 205.666667   42.0000000   908  23.0000000 0.000
209.5 209.666667 9999.9999999 99999 999.9999999 0.999
212.5 212.666667   35.0000000   752  20.0000000 0.000
216.5 216.666667 9999.9999999 99999 999.9999999 0.999
219.5 219.666667   38.0000000   806  21.0000000 0.000
223.5 223.666667   28.0000000   608  17.0000000 0.000
226.5 226.666667   32.0000000   688  18.0000000 0.000
230.5 230.666667   30.0000000   648  18.0000000 0.000
233.5 233.666667   46.0000000   990  25.0000000 0.000
237.5 237.666667   35.0000000   741  20.0000000 0.000
240.5 240.666667   47.0000000  1009  26.0000000 0.000
244.5 244.666667   40.0000000   847  22.0000000 0.000
247.5 247.666667   39.0000000   825  21.0000000 0.000
251.5 251.666667   34.0000000   721  19.0000000 0.000
254.5 254.666667   35.0000000   749  20.0000000 0.000
258.5 258.666667 9999.9999999 99999 999.9999999 0.999
261.5 261.666667   30.0000000   640  17.0000000 0.000
265.5 265.666667   42.0000000   903  23.0000000 0.000
268.5 268.666667   42.0000000   904  23.0000000 0.000
272.5 272.666667 9999.9999999 99999 999.9999999 0.999
275.5 275.666667 9999.9999999 99999 999.9999999 0.999
279.5 279.666667 9999.9999999 99999 999.9999999 0.999
282.5 282.666667 9999.9999999 99999 999.9999999 0.999
286.5 286.666667 9999.9999999 99999 999.9999999 0.999
289.5 289.666667 9999.9999999 99999 999.9999999 0.999
293.5 293.666667 9999.9999999 99999 999.9999999 0.999
296.5 296.666667 9999.9999999 99999 999.9999999 0.999
300.5 300.666667 9999.9999999 99999 999.9999999 0.999
303.5 303.666667 9999.9999999 99999 999.9999999 0.999
307.5 307.666667 9999.9999999 99999 999.9999999 0.999
310.5 310.666667 9999.9999999 99999 999.9999999 0.999
314.5 314.666667 9999.9999999 99999 999.9999999 0.999
317.5 317.666667 9999.9999999 99999 999.9999999 0.999
321.5 321.666667 9999.9999999 99999 999.9999999 0.999
324.5 324.666667 9999.9999999 99999 999.9999999 0.999
328.5 328.666667 9999.9999999 99999 999.9999999 0.999
331.5 331.666667 9999.9999999 99999 999.9999999 0.999
335.5 335.666667 9999.9999999 99999 999.9999999 0.999
338.5 338.666667 9999.9999999 99999 999.9999999 0.999
342.5 342.666667 9999.9999999 99999 999.9999999 0.999
345.5 345.666667 9999.9999999 99999 999.9999999 0.999
349.5 349.666667 9999.9999999 99999 999.9999999 0.999
352.5 352.666667 9999.9999999 99999 999.9999999 0.999
356.5 356.666667 9999.9999999 99999 999.9999999 0.999
359.5 359.666667 9999.9999999 99999 999.9999999 0.999
363.5 363.666667 9999.9999999 99999 999.9999999 0.999
