data/obs/c2h6/WDCGG/event/FR0013R.20160104120000.20170331000000.steel_canister.ethane.air.1y.84h.FR07L_MD-GC_NMHC_offline_FR13.FR07L_NMHC_analysis.lev2.nas
66 1001
Sauvage, Stephane
FR07L, Ecole Nationale Supérieure des Mines de Douai, ENSMD, Département Sciences de l'Atmosphère et Génie de l'Environnement, 941 rue Charles Bourseul, CS 10838, 59508, Douai, France
Sauvage, Stephane
ACTRIS EMEP GAW-WDCRG
1 1
2016 01 01 2017 03 31
0
days from file reference point
5
1 1 1 1 1
999.999999 99999 9999 999 9.999
end_time of measurement, days from the file reference point
ethane, pmol/mol, Statistics=arithmetic mean, Detection limit=10.0 pmol/mol
ethane, pmol/mol, Statistics=expanded uncertainty 2sigma
ethane, pmol/mol, Statistics=precision
numflag, no unit
0
47
Data definition:              EBAS_1.1
Set type code:                TI
Timezone:                     UTC
File name:                    FR0013R.20160104120000.20170331000000.steel_canister.ethane.air.1y.84h.FR07L_MD-GC_NMHC_offline_FR13.FR07L_NMHC_analysis.lev2.nas
File creation:                20190306184602
Startdate:                    20160104120000
Revision date:                20170331000000
Version:                      1
Version description:          initial revision, manually inspected
Data level:                   2
Period code:                  1y
Resolution code:              84h
Sample duration:              4h
Orig. time res.:              4h
Station code:                 FR0013R
Platform code:                FR0013S
Station name:                 Peyrusse Vieille
Station latitude:             43.616667
Station longitude:            0.183333
Station altitude:             200.0m
Measurement height:           4.0m
Regime:                       IMG
Component:                    ethane
Unit:                         pmol/mol
Matrix:                       air
Instrument type:              steel_canister
Laboratory code:              FR07L
Instrument name:              MD-GC_NMHC_offline_FR13
Instrument manufacturer:      Restek+Entech
Instrument model:             SilcoCan+Silonite
Instrument serial number:     580S13072901
Method ref:                   FR07L_NMHC_analysis
Standard method:              SOP=GAW_204(2012)
Calibration scale:            NPL
Calibration standard ID:      NPL D09_0451
Inlet type:                   Stainless steel
Inlet description:            Primary line + manifold
Volume std. temperature:      273.15 K
Volume std. pressure:         1013.25 hPa
Detection limit expl.:        Analytical detection limit based on instrument noise, 3 time signal to noise ratio
Measurement uncertainty expl.: Includes reproducibility (precision) + systematic errors (accuracy)
Zero/negative values code:    Zero possible
Originator:                   Sauvage, Stephane, , , , , , , , , 
Submitter:                    Sauvage, Stephane, , , , , , , , , 
Acknowledgement:              Request acknowledgement details from data originator
Comment:                      Silcosteel canisters, no dryer, no_ozone scrubber, calibration for each canister batch
starttime endtime C2H6 C2H6 C2H6 flag
  3.5   3.666667  1920  101  46 0.000
  6.5   6.666667  1449   76  35 0.000
 10.5  10.666667  2160  113  51 0.000
 13.5  13.666667  2317  121  54 0.000
 17.5  17.666667  2150  112  51 0.000
 20.5  20.666667 99999 9999 999 0.999
 24.5  24.666667 99999 9999 999 0.999
 27.5  27.666667  2034  106  48 0.000
 31.5  31.666667  1388   73  34 0.000
 34.5  34.666667  2334  122  55 0.000
 38.5  38.666667  2073  108  49 0.000
 41.5  41.666667  2409  126  56 0.000
 45.5  45.666667  2635  137  61 0.000
 48.5  48.666667  2397  125  56 0.000
 52.5  52.666667  2200  115  52 0.000
 55.5  55.666667  2308  121  54 0.000
 59.5  59.666667  3004  156  69 0.000
 62.5  62.666667  2212  116  52 0.000
 66.5  66.666667  2193  115  52 0.000
 69.5  69.666667  2251  118  53 0.000
 73.5  73.666667  2718  142  63 0.000
 76.5  76.666667  2571  134  60 0.000
 80.5  80.666667  2126  111  50 0.000
 83.5  83.666667  2305  120  54 0.000
 87.5  87.666667  1914  100  45 0.000
 90.5  90.666667  2261  118  53 0.000
 94.5  94.666667  1899   99  45 0.000
 97.5  97.666667  2266  118  53 0.000
101.5 101.666667  1778   93  42 0.000
104.5 104.666667  1503   79  36 0.000
108.5 108.666667  1869   98  44 0.000
111.5 111.666667  1746   92  42 0.000
115.5 115.666667  1854   97  44 0.000
118.5 118.666667  1667   87  40 0.000
122.5 122.666667  1847   97  44 0.000
125.5 125.666667  1171   62  29 0.000
129.5 129.666667  1246   66  31 0.000
132.5 132.666667  1065   56  27 0.000
136.5 136.666667  1008   53  26 0.000
139.5 139.666667   998   53  25 0.000
143.5 143.666667   992   53  25 0.000
146.5 146.666667  1026   54  26 0.000
150.5 150.666667   829   44  22 0.000
153.5 153.666667 99999 9999 999 0.999
157.5 157.666667  1225   65  30 0.000
160.5 160.666667 99999 9999 999 0.999
164.5 164.666667 99999 9999 999 0.999
167.5 167.666667   940   50  24 0.000
171.5 171.666667   968   51  25 0.000
174.5 174.666667   746   40  20 0.000
178.5 178.666667   838   45  22 0.000
181.5 181.666667   724   39  19 0.000
185.5 185.666667  1115   59  28 0.000
188.5 188.666667   860   46  22 0.000
192.5 192.666667   537   29  15 0.000
195.5 195.666667   850   45  22 0.000
199.5 199.666667   897   48  23 0.000
202.5 202.666667   540   29  15 0.000
206.5 206.666667   811   43  21 0.000
209.5 209.666667   553   30  15 0.000
213.5 213.666667   499   27  14 0.000
216.5 216.666667   469   26  14 0.000
220.5 220.666667   640   35  17 0.000
223.5 223.666667   638   34  17 0.000
227.5 227.666667   665   36  18 0.000
230.5 230.666667   713   38  19 0.000
234.5 234.666667   569   31  16 0.000
237.5 237.666667   591   32  16 0.000
241.5 241.666667   581   32  16 0.000
244.5 244.666667   743   40  20 0.000
248.5 248.666667   674   36  18 0.000
251.5 251.666667   663   36  18 0.000
255.5 255.666667   931   50  24 0.000
258.5 258.666667   873   47  23 0.000
262.5 262.666667   823   44  21 0.000
265.5 265.666667   716   38  19 0.000
269.5 269.666667   683   37  18 0.000
272.5 272.666667 99999 9999 999 0.999
276.5 276.666667 99999 9999 999 0.999
279.5 279.666667  1194   63  30 0.000
283.5 283.666667  1349   71  33 0.000
286.5 286.666667  1290   68  32 0.000
290.5 290.666667  1568   82  38 0.000
293.5 293.666667  1127   60  28 0.000
297.5 297.666667  1333   70  33 0.000
300.5 300.666667  1186   63  29 0.000
304.5 304.666667  1239   65  31 0.000
307.5 307.666667  1111   59  28 0.000
311.5 311.666667   812   43  21 0.000
314.5 314.666667  1459   77  35 0.000
318.5 318.666667  1335   70  33 0.000
321.5 321.666667  1574   83  38 0.000
325.5 326.666667   978   52  25 0.000
328.5 328.666667  1309   69  32 0.000
332.5 332.666667  1326   70  33 0.000
335.5 335.666667  1652   87  40 0.000
339.5 339.666667  1350   71  33 0.000
342.5 342.666667  1748   92  42 0.000
346.5 346.666667 99999 9999 999 0.999
349.5 349.666667  1369   72  33 0.000
353.5 353.666667  2380  124  56 0.000
356.5 356.666667  1836   96  44 0.000
360.5 360.666667  1893   99  45 0.000
363.5 363.666667  1947  102  46 0.000
