data/obs/c2h6/WDCGG/event/FR0013R.20120102120000.20150618115850.steel_canister.ethane.air.1y.1d.FR07L_VOC_FR13.FR07L_NMHC_analysis.lev2.nas
61 1001
Sauvage, Stephane
FR07L, Ecole Nationale Supérieure des Mines de Douai, ENSMD, Département Sciences de l'Atmosphère et Génie de l'Environnement, 941 rue Charles Bourseul, CS 10838, 59508, Douai, France
Sauvage, Stephane
ACTRIS EMEP GAW-WDCRG
1 1
2012 01 01 2015 06 18
0
days from file reference point
5
1 1 1 1 1
999.999999 9999.999999 99999 9999.9999999 9.999
end_time of measurement, days from the file reference point
ethane, pmol/mol, Statistics=accuracy
ethane, pmol/mol, Revision date=20150618115850, Statistics=arithmetic mean
ethane, pmol/mol, Statistics=precision
numflag, no unit
0
42
Data definition:              EBAS_1.1
Set type code:                TI
Timezone:                     UTC
File name:                    FR0013R.20120102120000.20150618115850.steel_canister.ethane.air.1y.1d.FR07L_VOC_FR13.FR07L_NMHC_analysis.lev2.nas
File creation:                20190306184602
Startdate:                    20120102120000
Revision date:                20150618115850
Version:                      1
Version description:          initial revision, manually inspected
Data level:                   2
Period code:                  1y
Resolution code:              1d
Orig. time res.:              4h
Station code:                 FR0013R
Platform code:                FR0013S
Station name:                 Peyrusse Vieille
Station latitude:             43.616667
Station longitude:            0.183333
Station altitude:             200.0m
Measurement height:           4.0m
Regime:                       IMG
Component:                    ethane
Unit:                         pmol/mol
Matrix:                       air
Instrument type:              steel_canister
Laboratory code:              FR07L
Instrument name:              VOC_FR13
Method ref:                   FR07L_NMHC_analysis
Standard method:              None
Inlet type:                   Canister valve opening
Inlet description:            Primary line + manifold
Volume std. temperature:      273.15 K
Volume std. pressure:         1013.25 hPa
Detection limit:              10.0 pmol/mol
Detection limit expl.:        Analytical detection limit based on instrument noise, 3 times th signal to noise ratio
Measurement uncertainty expl.: Includes reproducibility (precision) + systematic errors (accuracy)
Zero/negative values code:    Zero/negative impossible
Originator:                   Sauvage, Stephane, , , , , , , , , 
Submitter:                    Sauvage, Stephane, , , , , , , , , 
Acknowledgement:              Request acknowledgement details from data originator
Comment:                      No SOP currently available
starttime endtime C2H6 C2H6 C2H6 flag
  1.5   1.513889   76.000000  1630   39.0000000 0.000
  4.5   4.513889   74.000000  1590   38.0000000 0.000
  8.5   8.513889 9999.999999 99999 9999.9999999 0.999
 11.5  11.513889  115.000000  2460   57.0000000 0.000
 15.5  15.513889   95.000000  2040   48.0000000 0.000
 18.5  18.513889   80.000000  1720   41.0000000 0.000
 22.5  22.513889   79.000000  1690   41.0000000 0.000
 25.5  25.513889   85.000000  1830   44.0000000 0.000
 29.5  29.513889  112.000000  2400    2.0138896 0.000
 32.5  32.513889  191.000000  4100   94.0000000 0.000
 36.5  36.513889  117.000000  2500   58.0000000 0.000
 39.5  39.513889  121.000000  2590   60.0000000 0.000
 43.5  43.513889  219.000000  4690  107.0000000 0.000
 46.5  46.513889  102.000000  2190    2.0138892 0.000
 50.5  50.513889  101.000000  2160   51.0000000 0.000
 53.5  53.513889   99.000000  2110   50.0000000 0.000
 57.5  57.513889  105.000000  2240   53.0000000 0.000
 60.5  60.513889  102.000000  2180    2.0138891 0.000
 64.5  64.513889  112.000000  2390    2.0138896 0.000
 67.5  67.513889  107.000000  2300   54.0000000 0.000
 71.5  71.513889  105.000000  2250   53.0000000 0.000
 74.5  74.513889   94.000000  2020   48.0000000 0.000
 78.5  78.513889  102.000000  2190    2.0138892 0.000
 81.5  81.513889  106.000000  2260   53.0000000 0.000
 85.5  85.513889   77.000000  1640   39.0000000 0.000
 88.5  88.513889   74.000000  1580   38.0000000 0.000
 92.5  92.513889   78.000000  1670   40.0000000 0.000
 95.5  95.513890   71.000000  1530   37.0000000 0.000
 99.5  99.513889   67.000000  1440   35.0000000 0.000
102.5 102.513889   86.000000  1850   44.0000000 0.000
106.5 106.513889   90.013889  1990   47.0000000 0.000
109.5 109.513889   86.000000  1850   44.0000000 0.000
113.5 113.513889   74.000000  1590   38.0000000 0.000
116.5 116.513889   75.000000  1610   39.0000000 0.000
120.5 120.513889   81.000000  1740    1.0138892 0.000
123.5 123.513889   68.000000  1460   35.0000000 0.000
127.5 127.513889   69.000000  1480   36.0000000 0.000
130.5 130.513889 9999.999999 99999 9999.9999999 0.999
134.5 134.513889 9999.999999 99999 9999.9999999 0.999
137.5 137.513889   65.000000  1390   34.0000000 0.000
141.5 141.513889 9999.999999 99999 9999.9999999 0.999
144.5 144.513889   62.000000  1320   32.0000000 0.000
148.5 148.513889 9999.999999 99999 9999.9999999 0.999
151.5 151.513889   50.000000  1070   27.0000000 0.000
155.5 155.513889   43.000000   930   24.0000000 0.000
158.5 158.513889   47.000000  1010   26.0000000 0.000
162.5 162.513889   43.000000   930   24.0000000 0.000
165.5 165.513889   47.000000  1010   26.0000000 0.000
169.5 169.513889   45.000000   960   24.0000000 0.000
172.5 172.513889   45.000000   970   25.0000000 0.000
176.5 176.513889   25.000000   530   15.0000000 0.000
179.5 179.513889   33.000000   710   19.0000000 0.000
183.5 183.513889 9999.999999 99999 9999.9999999 0.999
186.5 186.513889   37.000000   800   21.0000000 0.000
190.5 190.513889   33.000000   700   19.0000000 0.000
193.5 193.513889   30.013889   730   19.0000000 0.000
197.5 197.513889   34.000000   720   19.0000000 0.000
200.5 200.513889   28.000000   600   17.0000000 0.000
204.5 204.513889   39.000000   830   22.0000000 0.000
207.5 207.513889 9999.999999 99999 9999.9999999 0.999
211.5 211.513889   39.000000   830   22.0000000 0.000
214.5 214.513889 9999.999999 99999 9999.9999999 0.459
218.5 218.513889 9999.999999 99999 9999.9999999 0.999
221.5 221.513889   26.000000   560   16.0000000 0.000
225.5 225.513889   33.000000   700   19.0000000 0.000
228.5 228.513889   29.000000   620   17.0000000 0.000
232.5 232.513889 9999.999999 99999 9999.9999999 0.459
235.5 235.513889 9999.999999 99999 9999.9999999 0.459
239.5 239.513889   32.000000   690   19.0000000 0.000
242.5 242.513889 9999.999999 99999 9999.9999999 0.999
246.5 246.513889 9999.999999 99999 9999.9999999 0.999
249.5 249.513889   37.000000   790   21.0000000 0.000
253.5 253.513889   43.000000   930   24.0000000 0.000
256.5 256.513889   39.000000   830   22.0000000 0.000
260.5 260.513889   49.000000  1040   26.0000000 0.000
263.5 263.513889   41.000000   880   23.0000000 0.000
267.5 267.513889   43.000000   920   24.0000000 0.000
270.5 270.513889   49.000000  1050   26.0000000 0.000
274.5 274.513889   50.000000  1060   27.0000000 0.000
277.5 277.513889   47.000000  1010   26.0000000 0.000
281.5 281.513889   38.000000   810   21.0000000 0.000
284.5 284.513889   49.000000  1050   26.0000000 0.000
288.5 288.513889   56.000000  1190   30.0000000 0.000
291.5 291.513889   59.000000  1270   31.0000000 0.000
295.5 295.513889 9999.999999 99999 9999.9999999 0.999
298.5 298.513889 9999.999999 99999 9999.9999999 0.999
302.5 302.513889 9999.999999 99999 9999.9999999 0.999
305.5 305.513889 9999.999999 99999 9999.9999999 0.999
309.5 309.513889 9999.999999 99999 9999.9999999 0.999
312.5 312.513889  101.000000  2160   51.0000000 0.000
316.5 316.513889   75.000000  1600   39.0000000 0.000
319.5 319.513889   70.000000  1500   36.0000000 0.000
323.5 323.513889   80.000000  1710   41.0000000 0.000
326.5 326.513889   83.000000  1780   42.0000000 0.000
330.5 330.513889  118.000000  2520   59.0000000 0.000
333.5 333.513889  112.000000  2390    2.0138896 0.000
337.5 337.513889   87.000000  1860   44.0000000 0.000
340.5 340.513889  111.000000  2380   56.0000000 0.000
344.5 344.513889  125.000000  2670   62.0000000 0.000
347.5 347.513889  110.000000  2360   55.0000000 0.000
351.5 351.513889  114.000000  2450   57.0000000 0.000
354.5 354.513889   76.000000  1620   39.0000000 0.000
358.5 358.513889   92.000000  1980   47.0000000 0.000
361.5 361.513889   93.000000  2000   47.0000000 0.000
365.5 365.513889  105.000000  2250   53.0000000 0.000
