data/obs/c2h6/WDCGG/event/FR0015R.20150101120000.20160729000000.steel_canister.ethane.air.1y.84h.FR07L_MD-GC_NMHC_offline_FR15.FR07L_NMHC_analysis.lev2.nas
66 1001
Sauvage, Stephane
FR07L, Ecole Nationale Supérieure des Mines de Douai, ENSMD, Département Sciences de l'Atmosphère et Génie de l'Environnement, 941 rue Charles Bourseul, CS 10838, 59508, Douai, France
Sauvage, Stephane
ACTRIS EMEP GAW-WDCRG
1 1
2015 01 01 2016 07 29
0
days from file reference point
5
1 1 1 1 1
999.999999 99999 9999 999 9.999999999
end_time of measurement, days from the file reference point
ethane, pmol/mol, Statistics=arithmetic mean, Detection limit=10.0 pmol/mol
ethane, pmol/mol, Statistics=expanded uncertainty 2sigma
ethane, pmol/mol, Statistics=precision
numflag, no unit
0
47
Data definition:              EBAS_1.1
Set type code:                TI
Timezone:                     UTC
File name:                    FR0015R.20150101120000.20160729000000.steel_canister.ethane.air.1y.84h.FR07L_MD-GC_NMHC_offline_FR15.FR07L_NMHC_analysis.lev2.nas
File creation:                20190306184602
Startdate:                    20150101120000
Revision date:                20160729000000
Version:                      1
Version description:          initial revision, manually inspected
Data level:                   2
Period code:                  1y
Resolution code:              84h
Sample duration:              4h
Orig. time res.:              4h
Station code:                 FR0015R
Platform code:                FR0015S
Station name:                 La Tardière
Station latitude:             46.65
Station longitude:            -0.75
Station altitude:             133.0m
Measurement height:           4.0m
Regime:                       IMG
Component:                    ethane
Unit:                         pmol/mol
Matrix:                       air
Instrument type:              steel_canister
Laboratory code:              FR07L
Instrument name:              MD-GC_NMHC_offline_FR15
Instrument manufacturer:      Restek+Entech
Instrument model:             SilcoCan+Silonite
Instrument serial number:     580S13072901
Method ref:                   FR07L_NMHC_analysis
Standard method:              SOP=GAW_204(2012)
Calibration scale:            NPL
Calibration standard ID:      NPL D09_0451
Inlet type:                   Stainless steel
Inlet description:            Primary line + manifold
Volume std. temperature:      273.15 K
Volume std. pressure:         1013.25 hPa
Detection limit expl.:        Analytical detection limit based on instrument noise, 3 time signal to noise ratio
Measurement uncertainty expl.: Includes reproducibility (precision) + systematic errors (accuracy)
Zero/negative values code:    Zero possible
Originator:                   Sauvage, Stephane, , , , , , , , , 
Submitter:                    Sauvage, Stephane, , , , , , , , , 
Acknowledgement:              Request acknowledgement details from data originator
Comment:                      Silcosteel canisters, no dryer, no_ozone scrubber, calibration for each canister batch
starttime endtime C2H6 C2H6 C2H6 flag
  0.5   0.666667  2284  107  54 0.000000000
  4.5   4.666667  1915   89  45 0.000000000
  7.5   7.666667  1735   81  42 0.000000000
 11.5  11.666667  2056   96  49 0.000000000
 14.5  14.666667  1693   79  41 0.000000000
 18.5  18.666667  2399  112  56 0.000000000
 21.5  21.666667  2481  116  58 0.000000000
 25.5  25.666667  2016   94  48 0.000000000
 28.5  28.666667  2043   95  48 0.000000000
 32.5  32.666667  2223  104  52 0.000000000
 35.5  35.666667  2381  111  56 0.000000000
 39.5  39.666667  2332  109  55 0.000000000
 42.5  42.666667 99999 9999 999 0.999999999
 46.5  46.666667  2609  122  61 0.000000000
 49.5  49.666667  2596  121  60 0.000000000
 53.5  53.666667  2012   94  48 0.000000000
 56.5  56.666667  1692   79  41 0.000000000
 60.5  60.666667  1943   91  46 0.000000000
 63.5  63.666667  2163  101  51 0.000000000
 67.5  67.666667  2621  122  61 0.000000000
 70.5  70.666667  2015   94  48 0.000000000
 74.5  74.666667  2542  119  59 0.000000000
 77.5  77.666667  3358  157  77 0.000000000
 81.5  81.666667  2506  117  58 0.000000000
 84.5  84.666667  2162  101  51 0.000000000
 88.5  88.666667  1864   87  44 0.000000000
 91.5  91.666667  1686   79  40 0.000000000
 95.5  95.666667  2397  112  56 0.000000000
 98.5  98.666667  2007   94  47 0.000000000
102.5 102.666667  1615   75  39 0.000000000
105.5 105.666667  1771   83  42 0.000000000
109.5 109.666667  2015   94  48 0.000000000
112.5 112.666667  1507   70  36 0.000000000
116.5 116.666667  1793   84  43 0.000000000
119.5 119.666667  1540   72  37 0.000000000
123.5 123.666667 99999 9999 999 0.999999999
126.5 126.666667 99999 9999 999 0.999999999
130.5 130.666667 99999 9999 999 0.999999999
133.5 133.666667  1496   70  36 0.000000000
137.5 137.666667  1186   55  29 0.000000000
140.5 140.666667 99999 9999 999 0.999999999
144.5 144.666667 99999 9999 999 0.999999999
147.5 147.666667 99999 9999 999 0.999999999
151.5 151.666667 99999 9999 999 0.999999999
154.5 154.666667 99999 9999 999 0.999999999
158.5 158.666667 99999 9999 999 0.999999999
161.5 161.666667 99999 9999 999 0.999999999
165.5 165.666667 99999 9999 999 0.999999999
168.5 168.666667 99999 9999 999 0.999999999
172.5 172.666667 99999 9999 999 0.999999999
175.5 175.666667 99999 9999 999 0.999999999
179.5 179.666667 99999 9999 999 0.999999999
182.5 182.666667 99999 9999 999 0.999999999
186.5 186.666667 99999 9999 999 0.999999999
189.5 189.666667 99999 9999 999 0.999999999
193.5 193.666667 99999 9999 999 0.999999999
196.5 196.666667   525   25  15 0.000000000
200.5 200.666667   457   21  13 0.000000000
203.5 203.666667   695   32  19 0.000000000
207.5 207.666667   621   29  17 0.000000000
210.5 210.666667   658   31  18 0.000000000
214.5 214.666667   535   25  15 0.000000000
217.5 217.666667   616   29  17 0.000000000
221.5 221.666667   621   29  17 0.000000000
224.5 224.666667   522   24  15 0.000000000
228.5 228.666667   732   34  19 0.000000000
231.5 231.666667 99999 9999 999 0.999999999
235.5 235.666667   798   37  21 0.000000000
238.5 238.666667   765   36  20 0.000000000
242.5 242.666667   537   25  15 0.000000000
245.5 245.666667   711   33  19 0.000000000
249.5 249.666667   824   38  21 0.000000000
252.5 252.666667   851   40  22 0.000000000
256.5 256.666667   757   35  20 0.000000000
259.5 259.666667   792   37  21 0.000000000
263.5 263.666667  1121   52  28 0.000000000
266.5 266.666667  1493   70  36 0.000000000
270.5 270.666667  1106   52  28 0.000000000
273.5 273.666667  1217   57  30 0.000000000
277.5 277.666667   733   34  19 0.000000000
280.5 280.666667  1102   51  28 0.000000000
284.5 284.666667  2225  104  52 0.000000000
287.5 287.666667  1888   88  45 0.000000000
291.5 291.666667  2525  118  59 0.000000000
294.5 294.666667  1242   58  31 0.000000000
298.5 298.666667  1319   62  32 0.000000000
301.5 301.666667  1299   61  32 0.000000000
305.5 305.666667  1708   80  41 0.000000000
308.5 308.666667  1279   60  31 0.000000000
312.5 312.666667  1114   52  28 0.000000000
315.5 315.666667  1141   53  28 0.000000000
319.5 319.666667  1065   50  27 0.000000000
322.5 322.666667   974   45  25 0.000000000
326.5 326.666667  1965   92  47 0.000000000
329.5 329.666667  1869   87  44 0.000000000
333.5 333.666667  1681   78  40 0.000000000
336.5 336.666667 99999 9999 999 0.999999999
340.5 340.666667 99999 9999 999 0.999999999
343.5 343.666667  2204  103  52 0.000000000
347.5 347.666667  2025   95  48 0.000000000
350.5 350.666667  2073   97  49 0.000000000
354.5 354.666667  1846   86  44 0.000000000
357.5 357.666667  1852   86  44 0.000000000
361.5 361.666667  1743   81  42 0.000000000
364.5 364.666667  2048   96  48 0.000000000
