data/obs/c2h6/WDCGG/event/NO0042G.20100901142100.20160520000000.online_gc.ethane.air.5y.2h.NO01L_MEDUSA_ZEP.NO01L_ZEP_MEDUSA.lev2.nas
59 1001
Schmidbauer, Norbert; Lund-Myhre, Cathrine
NO01L, Norwegian Institute for Air Research, NILU, Atmosphere and Climate Department, Instituttveien 18, , 2007, Kjeller, Norway
Fjæraa, Ann Mari
ACTRIS EMEP GAW-WDCRG MOCA NILU
1 1
2010 01 01 2016 05 20
0
days from file reference point
3
1 1 1
9999.999999 99999.999 9.999
end_time of measurement, days from the file reference point
ethane, pmol/mol
numflag ethane, no unit
0
42
Data definition:              EBAS_1.1
Set type code:                TI
Timezone:                     UTC
File name:                    NO0042G.20100901142100.20160520000000.online_gc.ethane.air.5y.2h.NO01L_MEDUSA_ZEP.NO01L_ZEP_MEDUSA.lev2.nas
File creation:                20190306184604
Startdate:                    20100901142100
Revision date:                20160520000000
Version:                      2
Version description:          Manual revision by Chris Lunder
Statistics:                   arithmetic mean
Data level:                   2
Period code:                  5y
Resolution code:              2h
Station code:                 NO0042G
Platform code:                NO0042S
Station name:                 Zeppelin mountain (Ny-Ålesund)
Station WDCA-ID:              GAWANO__ZEP
Station GAW-ID:               ZEP
Station GAW-Name:             Zeppelin Mountain (Ny Ålesund)
Station land use:             Gravel and stone
Station setting:              Polar
Station GAW type:             G
Station WMO region:           6
Station latitude:             78.90715
Station longitude:            11.88668
Station altitude:             474.0m
Measurement height:           15.0m
Regime:                       IMG
Component:                    ethane
Unit:                         pmol/mol
Matrix:                       air
Instrument type:              online_gc
Laboratory code:              NO01L
Instrument name:              MEDUSA_ZEP
Method ref:                   NO01L_ZEP_MEDUSA
Inlet type:                   Hat or hood
Inlet description:            Insulated, heated, long line
Originator:                   Schmidbauer, Norbert, , Norwegian Institute for Air Research, NILU, Atmosphere and Climate Department, Instituttveien 18, , 2007, Kjeller, Norway
Originator:                   Lund-Myhre, Cathrine, clm@nilu.no, Norwegian Institute for Air Research, NILU, Atmosphere and Climate Department, Instituttveien 18, , 2007, Kjeller, Norway
Submitter:                    Fjæraa, Ann Mari, , Norwegian Institute for Air Research, NILU, Atmosphere and Climate Department, Instituttveien 18, , 2007, Kjeller, Norway
Acknowledgement:              Request acknowledgements from Chris Lunder, crl@nilu.no, Norbert Schmidbauer, ns@nilu.no and Ove Hermanssen, oh@nilu.no
starttime endtime C2H6 flag_C2H6
[from data line 10001]
1267.257639 1267.271528   940.753 0.000
1267.340973 1267.354862   949.403 0.000
1267.424306 1267.438194   946.647 0.000
1267.507639 1267.521528   944.368 0.000
1267.635417 1267.649306   928.911 0.000
1267.718750 1267.732639   934.093 0.000
1267.802084 1267.815973   966.133 0.000
1267.885417 1267.899306  1011.618 0.000
1267.968750 1267.982639  1014.138 0.000
1268.052084 1268.065973   978.947 0.000
1268.135417 1268.149306   974.840 0.000
1268.218750 1268.232639   973.119 0.000
1268.302084 1268.315973   973.269 0.000
1268.385417 1268.399306   961.276 0.000
1268.468750 1268.482639   958.634 0.000
1268.552084 1268.565973   961.222 0.000
1268.635417 1268.649306   953.913 0.000
1268.718750 1268.732639   946.155 0.000
1268.802084 1268.815973   967.576 0.000
1268.885417 1268.899306   952.608 0.000
1268.968750 1268.982639   954.610 0.000
1269.052084 1269.065973   955.871 0.000
1269.135417 1269.149306   954.910 0.000
1269.218750 1269.232639   952.340 0.000
1269.302084 1269.315973   955.163 0.000
1269.385417 1269.399306   949.550 0.000
1269.468750 1269.482639   943.065 0.000
1269.552084 1269.565973   934.675 0.000
1269.635417 1269.649306   935.933 0.000
1269.718750 1269.732639   928.432 0.000
1269.802084 1269.815973   924.630 0.000
1269.885417 1269.899306   922.874 0.000
1269.968750 1269.982639   920.777 0.000
1270.052084 1270.065973   904.448 0.000
1270.135417 1270.149306   894.259 0.000
1270.218750 1270.232639   895.545 0.000
1270.302084 1270.315973   897.926 0.000
1270.385417 1270.399306   896.594 0.000
1270.525000 1270.538889   858.124 0.000
1270.608334 1270.622223   864.008 0.000
1270.691667 1270.705556   863.892 0.000
1270.775000 1270.788889   870.582 0.000
1270.858334 1270.872223   859.510 0.000
1271.441667 1271.455556   907.818 0.000
1271.525000 1271.538889   897.369 0.000
1271.608334 1271.622223   887.874 0.000
1271.691667 1271.705556   877.732 0.000
1271.775000 1271.788889   874.452 0.000
1271.858334 1271.872223   864.399 0.000
1271.941667 1271.955556   855.309 0.000
1272.025000 1272.038889   862.241 0.000
1272.108334 1272.122223   872.965 0.000
1272.191667 1272.205556   878.321 0.000
1272.275000 1272.288889   868.949 0.000
1272.358334 1272.372223   888.183 0.000
1272.441667 1272.455556   882.534 0.000
1272.525000 1272.538889   895.710 0.000
1272.608334 1272.622223 99999.999 0.999
1272.691667 1272.705556   876.403 0.000
1272.775000 1272.788889 99999.999 0.999
1272.858334 1272.872223   910.273 0.000
1272.941667 1272.955556   918.051 0.000
1273.025000 1273.038889   924.081 0.000
1273.108334 1273.122223   904.679 0.000
1273.191667 1273.205556   901.126 0.000
1273.275000 1273.288889   870.089 0.000
1273.358334 1273.372223   870.207 0.000
1273.441667 1273.455556   857.726 0.000
1273.525000 1273.538889   856.529 0.000
1273.608334 1273.622223   913.887 0.000
1273.691667 1273.705556   907.712 0.000
1273.775000 1273.788889   900.580 0.000
1273.858334 1273.872223   864.008 0.000
1274.150000 1274.163889   846.266 0.000
1274.233334 1274.247223   874.119 0.000
1274.316667 1274.330556   879.330 0.000
1274.400000 1274.413889   874.159 0.000
1274.483334 1274.497223   878.468 0.000
1274.566667 1274.580556   871.129 0.000
1274.650000 1274.663889   865.911 0.000
1274.733334 1274.747223   848.174 0.000
1274.816667 1274.830556   864.592 0.000
1274.900000 1274.913889   862.320 0.000
1274.983334 1274.997223   882.958 0.000
1275.066667 1275.080556   890.029 0.000
1275.150000 1275.163889   883.876 0.000
1275.233334 1275.247223   881.684 0.000
1275.316667 1275.330556   888.561 0.000
1275.400000 1275.413889   891.427 0.000
1275.483334 1275.497223   894.019 0.000
1275.566667 1275.580556   890.211 0.000
1275.650000 1275.663889   852.548 0.000
1275.733334 1275.747223   874.424 0.000
1275.816667 1275.830556   895.812 0.000
1275.900000 1275.913889   891.997 0.000
1275.983334 1275.997223   858.843 0.000
1276.066667 1276.080556   810.098 0.000
1276.150000 1276.163889   795.042 0.000
1276.233334 1276.247223   778.123 0.000
1276.316667 1276.330556   769.681 0.000
1276.400000 1276.413889   784.056 0.000
1276.483334 1276.497223   816.779 0.000
1276.566667 1276.580556   837.108 0.000
1276.650000 1276.663889   874.519 0.000
1276.733334 1276.747223   941.745 0.000
1276.816667 1276.830556   865.761 0.000
1276.900000 1276.913889   873.001 0.000
1276.983334 1276.997223   876.406 0.000
1277.066667 1277.080556   865.556 0.000
1277.150000 1277.163889   855.612 0.000
1277.233334 1277.247223   865.936 0.000
1277.316667 1277.330556   853.451 0.000
1277.400000 1277.413889   876.113 0.000
1277.483334 1277.497223   869.364 0.000
1277.566667 1277.580556   876.852 0.000
1277.650000 1277.663889   873.832 0.000
1277.733334 1277.747223   872.115 0.000
1277.816667 1277.830556   880.696 0.000
1278.730556 1278.744444 99999.999 0.999
1278.813889 1278.827778 99999.999 0.999
1278.897223 1278.911112 99999.999 0.999
1278.980556 1278.994444 99999.999 0.999
1279.063889 1279.077778 99999.999 0.999
1279.147223 1279.161112   851.612 0.000
1279.230556 1279.244444   854.993 0.000
1279.313889 1279.327778   864.744 0.000
1279.397223 1279.411112   865.660 0.000
1279.480556 1279.494444   798.905 0.000
1279.911111 1279.925000 99999.999 0.999
1279.994444 1280.008334   845.406 0.000
1280.077778 1280.091667   816.160 0.000
1280.161111 1280.175000   748.224 0.000
1280.244444 1280.258334   745.408 0.000
1280.327778 1280.341667   754.629 0.000
1280.411111 1280.425000   763.017 0.000
1280.494444 1280.508334   762.857 0.000
1280.577778 1280.591667   770.865 0.000
1280.661111 1280.675000   795.204 0.000
1280.744444 1280.758334   806.018 0.000
1280.827778 1280.841667   806.239 0.000
1281.119444 1281.133334   826.438 0.000
1281.202778 1281.216667   829.400 0.000
1281.286111 1281.300000   822.985 0.000
1281.369444 1281.383334 99999.999 0.999
1282.313889 1282.327778 99999.999 0.999
1282.397223 1282.411112   810.069 0.000
1282.598611 1282.612500 99999.999 0.999
1282.708334 1282.722223   844.624 0.000
1282.791667 1282.805556   832.819 0.000
1282.875000 1282.888889   851.462 0.000
1282.958334 1282.972223   843.124 0.000
1283.041667 1283.055556   839.359 0.000
1283.125000 1283.138889   816.941 0.000
1283.208334 1283.222223   818.483 0.000
1283.363194 1283.377084   804.511 0.000
1283.446528 1283.460417   826.868 0.000
1283.529861 1283.543750   802.447 0.000
1283.613194 1283.627084   800.905 0.000
1283.696528 1283.710417   802.819 0.000
1283.779861 1283.793750   817.099 0.000
1283.863194 1283.877084   819.487 0.000
1283.946528 1283.960417   826.539 0.000
1284.029861 1284.043750   812.351 0.000
1284.113194 1284.127084   803.559 0.000
1284.196528 1284.210417   802.655 0.000
1284.279861 1284.293750   804.800 0.000
1284.363194 1284.377084   797.766 0.000
1284.446528 1284.460417   812.237 0.000
1284.529861 1284.543750   817.155 0.000
1284.613194 1284.627084   815.245 0.000
1284.696528 1284.710417   811.949 0.000
1284.779861 1284.793750   809.038 0.000
1284.863194 1284.877084   808.027 0.000
1285.446528 1285.460417   792.076 0.000
1285.529861 1285.543750   800.650 0.000
1285.613194 1285.627084   795.725 0.000
1285.696528 1285.710417   793.059 0.000
1285.779861 1285.793750   789.534 0.000
1285.863194 1285.877084   789.071 0.000
1285.946528 1285.960417   785.963 0.000
1286.029861 1286.043750   800.598 0.000
1286.113194 1286.127084   824.505 0.000
1286.196528 1286.210417   829.510 0.000
1286.279861 1286.293750   774.545 0.000
1286.363194 1286.377084   817.510 0.000
1286.446528 1286.460417   795.719 0.000
1286.529861 1286.543750   802.287 0.000
1286.613194 1286.627084   808.248 0.000
1286.696528 1286.710417   807.410 0.000
1286.779861 1286.793750   810.157 0.000
1286.863194 1286.877084   810.687 0.000
1286.946528 1286.960417   815.091 0.000
1287.029861 1287.043750   815.951 0.000
1287.113194 1287.127084   810.019 0.000
1287.196528 1287.210417   798.715 0.000
1287.279861 1287.293750   802.185 0.000
1287.363194 1287.377084   805.966 0.000
1287.446528 1287.460417   792.278 0.000
1287.529861 1287.543750   789.258 0.000
1287.613194 1287.627084   754.646 0.000
1287.696528 1287.710417   770.071 0.000
1287.779861 1287.793750   726.302 0.000
1287.863194 1287.877084   725.079 0.000
1288.154861 1288.168750   750.063 0.000
1288.238194 1288.252084   732.565 0.000
1288.321528 1288.335417   740.205 0.000
1288.404861 1288.418750   735.373 0.000
1288.488194 1288.502084 99999.999 0.999
1288.571528 1288.585417 99999.999 0.999
1288.654861 1288.668750 99999.999 0.999
1288.738194 1288.752084 99999.999 0.999
1288.821528 1288.835417 99999.999 0.999
1288.904861 1288.918750 99999.999 0.999
1288.988194 1289.002084 99999.999 0.999
1289.071528 1289.085417 99999.999 0.999
1289.154861 1289.168750 99999.999 0.999
1289.238194 1289.252084 99999.999 0.999
1289.321528 1289.335417 99999.999 0.999
1289.404861 1289.418750 99999.999 0.999
1289.488194 1289.502084 99999.999 0.999
1289.571528 1289.585417 99999.999 0.999
1289.654861 1289.668750 99999.999 0.999
1289.738194 1289.752084 99999.999 0.999
1289.821528 1289.835417 99999.999 0.999
1289.904861 1289.918750 99999.999 0.999
1289.988194 1290.002084 99999.999 0.999
1290.071528 1290.085417 99999.999 0.999
1290.154861 1290.168750 99999.999 0.999
1290.238194 1290.252084 99999.999 0.999
1290.321528 1290.335417 99999.999 0.999
1290.404861 1290.418750 99999.999 0.999
1290.488194 1290.502084 99999.999 0.999
1290.571528 1290.585417 99999.999 0.999
1290.654861 1290.668750 99999.999 0.999
1290.738194 1290.752084 99999.999 0.999
1290.821528 1290.835417 99999.999 0.999
1290.956944 1290.970834 99999.999 0.999
1291.040278 1291.054167 99999.999 0.999
1291.123611 1291.137500   720.556 0.000
1291.206944 1291.220834   703.352 0.000
1291.290278 1291.304167   690.696 0.000
1291.373611 1291.387500   676.368 0.000
1291.456944 1291.470834   689.142 0.000
1291.540278 1291.554167   690.697 0.000
1291.773611 1291.787500 99999.999 0.999
1291.856944 1291.870834 99999.999 0.999
1292.440278 1292.454167 99999.999 0.999
1292.523611 1292.537500 99999.999 0.999
1292.606944 1292.620834 99999.999 0.999
1292.690278 1292.704167 99999.999 0.999
1292.773611 1292.787500 99999.999 0.999
1292.856944 1292.870834 99999.999 0.999
1292.940278 1292.954167 99999.999 0.999
1293.023611 1293.037500 99999.999 0.999
1293.106944 1293.120834 99999.999 0.999
1293.190278 1293.204167 99999.999 0.999
1293.273611 1293.287500 99999.999 0.999
1293.356944 1293.370834 99999.999 0.999
1293.440278 1293.454167 99999.999 0.999
1293.523611 1293.537500 99999.999 0.999
1293.606944 1293.620834 99999.999 0.999
1293.690278 1293.704167 99999.999 0.999
1293.773611 1293.787500 99999.999 0.999
1293.856944 1293.870834 99999.999 0.999
1293.940278 1293.954167 99999.999 0.999
1294.023611 1294.037500 99999.999 0.999
1294.106944 1294.120834 99999.999 0.999
1294.190278 1294.204167 99999.999 0.999
1294.273611 1294.287500 99999.999 0.999
1294.356944 1294.370834   678.112 0.000
1294.440278 1294.454167   679.962 0.000
1294.523611 1294.537500   680.833 0.000
1294.606944 1294.620834   674.990 0.000
1294.690278 1294.704167   676.987 0.000
1294.773611 1294.787500   673.160 0.000
1294.856944 1294.870834   676.011 0.000
1295.148611 1295.162500   675.713 0.000
1295.231944 1295.245834 99999.999 0.999
1295.315278 1295.329167   678.346 0.000
1295.398611 1295.412500   677.738 0.000
1295.481944 1295.495834   676.615 0.000
1295.565278 1295.579167   664.220 0.000
1295.648611 1295.662500   676.957 0.000
1295.731944 1295.745834   678.757 0.000
1295.815278 1295.829167   681.822 0.000
1295.898611 1295.912500   711.855 0.000
1295.981944 1295.995834 99999.999 0.999
1296.065278 1296.079167   693.830 0.000
1296.148611 1296.162500   669.133 0.000
1296.231944 1296.245834   669.728 0.000
1296.315278 1296.329167   700.992 0.000
1296.398611 1296.412500   700.515 0.000
1296.481944 1296.495834   706.682 0.000
1296.565278 1296.579167   682.050 0.000
1296.648611 1296.662500   675.358 0.000
1296.731944 1296.745834   680.150 0.000
1296.815278 1296.829167   677.537 0.000
1296.898611 1296.912500   680.936 0.000
1296.981944 1296.995834   682.528 0.000
1297.065278 1297.079167   695.884 0.000
1297.148611 1297.162500   725.051 0.000
1297.231944 1297.245834   715.092 0.000
1297.315278 1297.329167   721.779 0.000
1297.398611 1297.412500   722.960 0.000
1297.481944 1297.495834   722.999 0.000
1297.565278 1297.579167   721.588 0.000
1297.648611 1297.662500   706.644 0.000
1297.731944 1297.745834   722.934 0.000
1297.815278 1297.829167   717.168 0.000
1297.898611 1297.912500   721.690 0.000
1297.981944 1297.995834   727.227 0.000
1298.065278 1298.079167   710.070 0.000
1298.148611 1298.162500   713.114 0.000
1298.231944 1298.245834   738.099 0.000
1298.315278 1298.329167   696.769 0.000
1298.398611 1298.412500   698.674 0.000
1298.481944 1298.495834   693.508 0.000
1298.565278 1298.579167   703.739 0.000
1298.648611 1298.662500   760.924 0.000
1298.731944 1298.745834   750.313 0.000
1298.815278 1298.829167   743.070 0.000
1299.398611 1299.412500   701.300 0.000
1299.481944 1299.495834   697.877 0.000
1299.565278 1299.579167   694.868 0.000
1299.648611 1299.662500   694.514 0.000
1299.731944 1299.745834   688.052 0.000
1299.815278 1299.829167   689.410 0.000
1299.898611 1299.912500   687.751 0.000
1299.981944 1299.995834   684.042 0.000
1300.065278 1300.079167   685.456 0.000
1300.148611 1300.162500   689.679 0.000
1300.231944 1300.245834   694.509 0.000
1300.315278 1300.329167   696.265 0.000
1300.398611 1300.412500   703.052 0.000
1300.481944 1300.495834   699.615 0.000
1300.565278 1300.579167   702.242 0.000
1300.648611 1300.662500   698.418 0.000
1300.731944 1300.745834   696.900 0.000
1300.815278 1300.829167   700.413 0.000
1300.898611 1300.912500   702.608 0.000
1300.981944 1300.995834   705.264 0.000
1301.065278 1301.079167   705.104 0.000
1301.148611 1301.162500   705.604 0.000
1301.231944 1301.245834   701.006 0.000
1301.315278 1301.329167   699.880 0.000
1301.398611 1301.412500   702.216 0.000
1301.481944 1301.495834   702.018 0.000
1301.565278 1301.579167   705.228 0.000
1301.648611 1301.662500   694.965 0.000
1301.731944 1301.745834   698.022 0.000
1301.815278 1301.829167   697.761 0.000
1302.106944 1302.120834   708.255 0.000
1302.190278 1302.204167   705.029 0.000
1302.273611 1302.287500   708.566 0.000
1302.356944 1302.370834   712.338 0.000
1302.440278 1302.454167   713.211 0.000
1302.523611 1302.537500   755.692 0.000
1302.606944 1302.620834   734.147 0.000
1302.690278 1302.704167   730.409 0.000
1302.773611 1302.787500   728.697 0.000
1302.856944 1302.870834   733.310 0.000
1302.940278 1302.954167   735.991 0.000
1303.023611 1303.037500   716.122 0.000
1303.106944 1303.120834   715.757 0.000
1303.190278 1303.204167   698.783 0.000
1303.273611 1303.287500   701.157 0.000
1303.356944 1303.370834   683.294 0.000
1303.440278 1303.454167   672.125 0.000
1303.523611 1303.537500   672.402 0.000
1303.606944 1303.620834   678.970 0.000
1303.690278 1303.704167   690.826 0.000
1303.773611 1303.787500   702.794 0.000
1303.856944 1303.870834   711.836 0.000
1303.940278 1303.954167   712.416 0.000
1304.023611 1304.037500   717.731 0.000
1304.106944 1304.120834   718.712 0.000
1304.190278 1304.204167   661.308 0.000
1304.273611 1304.287500   635.098 0.000
1304.356944 1304.370834   611.623 0.000
1304.440278 1304.454167   615.758 0.000
1304.523611 1304.537500   622.157 0.000
1304.606944 1304.620834   634.899 0.000
1304.690278 1304.704167   626.628 0.000
1304.773611 1304.787500   631.673 0.000
1304.856944 1304.870834   648.116 0.000
1304.940278 1304.954167   650.377 0.000
1305.023611 1305.037500   651.053 0.000
1305.106944 1305.120834   656.449 0.000
1305.190278 1305.204167   653.211 0.000
1305.273611 1305.287500   664.416 0.000
1305.356944 1305.370834   681.424 0.000
1305.440278 1305.454167   670.869 0.000
1305.523611 1305.537500   663.421 0.000
1305.606944 1305.620834   662.390 0.000
1305.690278 1305.704167   648.187 0.000
1305.773611 1305.787500 99999.999 0.999
1305.856944 1305.870834 99999.999 0.999
1306.440278 1306.454167   653.535 0.000
1306.523611 1306.537500   650.663 0.000
