data/obs/c2h6/WDCGG/event/NO0042G.19920102120000.20181210133000.steel_canister.ethane.air.1y.1d.NO01L_sc_no42.NO01L_GC_FID_Chrompack_VOCAIR_Analyzer.lev2.nas
52 1001
Solberg, Sverre
NO01L, Norwegian Institute for Air Research, NILU, Atmosphere and Climate Department, Instituttveien 18, , 2007, Kjeller, Norway
Solberg, Sverre
EMEP NILU GAW-WDCRG
1 1
1992 01 01 2018 12 10
0
days from file reference point
3
1 1 1
999.999999 99999 9.999
end_time of measurement, days from the file reference point
ethane, pmol/mol
numflag ethane, no unit
0
35
Data definition:              EBAS_1.1
Set type code:                TI
Timezone:                     UTC
File name:                    NO0042G.19920102120000.20181210133000.steel_canister.ethane.air.1y.1d.NO01L_sc_no42.NO01L_GC_FID_Chrompack_VOCAIR_Analyzer.lev2.nas
File creation:                20190306184606
Startdate:                    19920102120000
Revision date:                20181210133000
Statistics:                   arithmetic mean
Data level:                   2
Period code:                  1y
Resolution code:              1d
Station code:                 NO0042G
Platform code:                NO0042S
Station name:                 Zeppelin mountain (Ny-Ålesund)
Station WDCA-ID:              GAWANO__ZEP
Station GAW-ID:               ZEP
Station GAW-Name:             Zeppelin Mountain (Ny Ålesund)
Station land use:             Gravel and stone
Station setting:              Polar
Station GAW type:             G
Station WMO region:           6
Station latitude:             78.90715
Station longitude:            11.88668
Station altitude:             474.0m
Regime:                       IMG
Component:                    ethane
Unit:                         pmol/mol
Matrix:                       air
Instrument type:              steel_canister
Laboratory code:              NO01L
Instrument name:              sc_no42
Method ref:                   NO01L_GC_FID_Chrompack_VOCAIR_Analyzer
Originator:                   Solberg, Sverre, sso@nilu.no, Norwegian Institute for Air Research, NILU, Atmosphere and Climate Department, Instituttveien 18, , 2007, Kjeller, Norway
Submitter:                    Solberg, Sverre, sso@nilu.no, Norwegian Institute for Air Research, NILU, Atmosphere and Climate Department, Instituttveien 18, , 2007, Kjeller, Norway
starttime endtime C2H6 flag_C2H6
  1.5   1.513889  2555 0.000
  5.5   5.513889  2294 0.000
  7.5   7.513889  2323 0.000
  9.5   9.513889  2377 0.000
 12.5  12.513889  2464 0.000
 14.5  14.513889  2841 0.000
 16.5  16.513889  2537 0.000
 19.5  19.513889  2102 0.000
 21.5  21.513889  2275 0.000
 23.5  23.513889  3433 0.000
 26.5  26.513889  2585 0.000
 28.5  28.513889  3777 0.000
 30.5  30.513889  2757 0.000
 33.5  33.513889  2898 0.000
 35.5  35.513889  3498 0.000
 37.5  37.513889  3308 0.000
 40.5  40.513889  3956 0.000
 42.5  42.513889  2198 0.000
 44.5  44.513889  2517 0.000
 47.5  47.513889  2530 0.000
 51.5  51.513889  2567 0.000
 54.5  54.513889  2638 0.000
 56.5  56.513889  2769 0.000
 61.5  61.513889  2629 0.000
 63.5  63.513889  2665 0.000
 65.5  65.513889  2620 0.000
 68.5  68.513889  3008 0.000
 72.5  72.513889  2924 0.000
 75.5  75.513889  3578 0.000
 77.5  77.513889  2799 0.000
 79.5  79.513889  3588 0.000
 82.5  82.513889  3925 0.000
 84.5  84.513889  3349 0.000
 86.5  86.513889  3094 0.000
 89.5  89.513889  2820 0.000
 91.5  91.513889  2753 0.000
 96.5  96.513889  2687 0.000
 98.5  98.513889  2835 0.000
100.5 100.513889  2751 0.000
103.5 103.513889  2567 0.000
105.5 105.513889  2442 0.000
117.5 117.513889  2325 0.000
119.5 119.513889  2308 0.000
121.5 121.513889  2097 0.000
124.5 124.513889  1720 0.000
126.5 126.513889  1895 0.000
128.5 128.513889  1761 0.000
131.5 131.513889  1244 0.000
133.5 133.513889  1778 0.000
135.5 135.513889  1203 0.000
138.5 138.513889  1231 0.000
140.5 140.513889  1763 0.459
145.5 145.513889  1471 0.000
184.5 184.513889   820 0.000
187.5 187.513889   844 0.000
191.5 191.513889   816 0.000
194.5 194.513889   768 0.000
196.5 196.513889   772 0.000
203.5 203.513889   738 0.000
205.5 205.513889   730 0.000
208.5 208.513889   678 0.000
210.5 210.513889   714 0.000
212.5 212.513889   706 0.000
215.5 215.513889   706 0.000
217.5 217.513889   711 0.000
219.5 219.513889   691 0.000
222.5 222.513889   731 0.000
224.5 224.513889  1011 0.459
231.5 231.513889   755 0.000
233.5 233.513889   741 0.000
236.5 236.513889   822 0.000
240.5 240.513889   731 0.000
243.5 243.513889   904 0.000
245.5 245.513889   728 0.000
254.5 254.513889  1022 0.000
258.5 258.513889  1014 0.000
259.5 259.513889  1088 0.000
261.5 261.513889  1200 0.000
264.5 264.513889   967 0.000
266.5 266.513889  1081 0.000
268.5 268.513889  1183 0.000
271.5 271.513889   978 0.000
273.5 273.513889  1079 0.000
275.5 275.513889  1114 0.000
278.5 278.513889  1122 0.000
280.5 280.513889  1253 0.000
282.5 282.513889  1138 0.000
285.5 285.513889  1155 0.000
294.5 294.513889  1174 0.000
296.5 296.513889  1305 0.000
299.5 299.513889  1648 0.000
303.5 303.513889  1390 0.000
306.5 306.513889  1433 0.000
341.5 341.513889  1860 0.000
344.5 344.513889  1623 0.000
345.5 345.513889  1701 0.000
348.5 348.513889  2614 0.000
350.5 350.513889  2437 0.000
352.5 352.513889  1869 0.000
355.5 355.513889  1983 0.000
357.5 357.513889  2054 0.000
359.5 359.513889  2068 0.000
362.5 362.513889  2182 0.000
364.5 364.513889  2011 0.000
