data/obs/c2h6/WDCGG/event/NO0042G.20170101033500.20180323000000.online_gc.ethane.air.1y.3h.NO01L_Medusa-9.NO01L_AGAGE.lev2.nas
75 1001
Schmidbauer, Norbert; Lunder, Chris
NO01L, Norwegian Institute for Air Research, NILU, Atmosphere and Climate Department, Instituttveien 18, , 2007, Kjeller, Norway
Schmidbauer, Norbert; Lunder, Chris
ACTRIS EMEP GAW-WDCRG
1 1
2017 01 01 2018 03 23
0
days from file reference point
5
1 1 1 1 1
999.999999 99999.999 9999.999 999.999 9.999
end_time of measurement, days from the file reference point
ethane, pmol/mol, Statistics=arithmetic mean, Detection limit=1.0 pmol/mol
ethane, pmol/mol, Statistics=expanded uncertainty 2sigma
ethane, pmol/mol, Statistics=precision
numflag, no unit
0
56
Data definition:              EBAS_1.1
Set type code:                TI
Timezone:                     UTC
File name:                    NO0042G.20170101033500.20180323000000.online_gc.ethane.air.1y.3h.NO01L_Medusa-9.NO01L_AGAGE.lev2.nas
File creation:                20190306184605
Startdate:                    20170101033500
Revision date:                20180323000000
Version:                      1
Version description:          initial revision, manually inspected
Data level:                   2
Period code:                  1y
Resolution code:              3h
Sample duration:              20mn
Orig. time res.:              20mn
Station code:                 NO0042G
Platform code:                NO0042S
Station name:                 Zeppelin mountain (Ny-Ålesund)
Station WDCA-ID:              GAWANO__ZEP
Station GAW-ID:               ZEP
Station GAW-Name:             Zeppelin Mountain (Ny Ålesund)
Station land use:             Gravel and stone
Station setting:              Polar
Station GAW type:             G
Station WMO region:           6
Station latitude:             78.90715
Station longitude:            11.88668
Station altitude:             474.0m
Measurement altitude:         474.0m
Measurement height:           10.0m
Regime:                       IMG
Component:                    ethane
Unit:                         pmol/mol
Matrix:                       air
Instrument type:              online_gc
Laboratory code:              NO01L
Instrument name:              Medusa-9
Instrument manufacturer:      AGAGE+Agilent+Agilent
Instrument model:             MEDUSA+6890N+5975B
Instrument serial number:     70810508
Method ref:                   NO01L_AGAGE
Standard method:              SOP=ACTRIS_VOC_2014
Calibration scale:            SIO2005
Calibration standard ID:      Scipps NMHC Gold
Inlet type:                   Hat or hood
Inlet description:            heated inlet line from 15m tower,stainless steel line,large flow
Detection limit expl.:        Detection limit determined by peak area statistics
Measurement uncertainty expl.: "Includes reproducibility (precision) + systematic errors (accuracy).Zeppelin Medusa did not participate at Actris Round Robin - but Kjeller Medusa Ref:http://www.atmos-meas-tech.net/8/2715/2015/"
Zero/negative values code:    Zero/negative impossible
Zero/negative values:         Zero and neg. values do not appear , background air will allways have hihger mixing ratios than the detection limits of the reported hydrocarbons
Originator:                   Schmidbauer, Norbert, , Norwegian Institute for Air Research, NILU, Atmosphere and Climate Department, Instituttveien 18, , 2007, Kjeller, Norway
Originator:                   Lunder, Chris, crl@nilu.no, Norwegian Institute for Air Research, NILU, Atmosphere and Climate Department, Instituttveien 18, , 2007, Kjeller, Norway
Submitter:                    Schmidbauer, Norbert, , Norwegian Institute for Air Research, NILU, Atmosphere and Climate Department, Instituttveien 18, , 2007, Kjeller, Norway
Submitter:                    Lunder, Chris, crl@nilu.no, Norwegian Institute for Air Research, NILU, Atmosphere and Climate Department, Instituttveien 18, , 2007, Kjeller, Norway
Acknowledgement:              Request acknowledgement details from data originator
Comment:                      Preconcentration MEDUSA, permapure nafion drier,trap material Hayesep D,routine sequence is working standard - sample - working standard, sample volume 2 liter
starttime endtime C2H6 C2H6 C2H6 flag
[from data line 873]
122.856250 122.870139  1584.132   79.207  15.841 0.000
122.981250 122.995139  1586.280   79.314  15.863 0.000
123.106250 123.120139  1497.677   74.884  14.977 0.000
123.231250 123.245139  1440.173   72.009  14.402 0.000
123.356250 123.370139  1464.556   73.228  14.646 0.000
123.481250 123.495139  1414.904   70.745  14.149 0.000
123.606250 123.620139  1386.188   69.309  13.862 0.000
124.231250 124.245139  1508.969   75.448  15.090 0.000
124.356250 124.370139  1531.832   76.592  15.318 0.000
124.481250 124.495139  1583.656   79.183  15.837 0.000
124.606250 124.620139  1505.095   75.255  15.051 0.000
124.731250 124.745139  1506.877   75.344  15.069 0.000
125.106250 125.120139  1667.351   83.368  16.674 0.000
125.231250 125.245139  1484.358   74.218  14.844 0.000
125.356250 125.370139  1333.957   66.698  13.340 0.000
125.481250 125.495139  1427.746   71.387  14.277 0.000
125.606250 125.620139  1242.211   62.111  12.422 0.000
125.731250 125.745139  1114.736   55.737  11.147 0.000
125.856250 125.870139  1155.823   57.791  11.558 0.000
125.981250 125.995139  1204.482   60.224  12.045 0.000
126.106944 126.120833  1246.361   62.318  12.464 0.000
126.231944 126.245833  1266.890   63.345  12.669 0.000
126.356944 126.370833  1264.130   63.207  12.641 0.000
126.481944 126.495833  1410.982   70.549  14.110 0.000
126.606944 126.620833  1476.480   73.824  14.765 0.000
126.731944 126.745833  1473.838   73.692  14.738 0.000
126.856944 126.870833  1338.435   66.922  13.384 0.000
126.981944 126.995833  1347.984   67.399  13.480 0.000
127.106944 127.120833  1484.658   74.233  14.847 0.000
127.231944 127.245833  1385.247   69.262  13.852 0.000
127.356944 127.370833  1442.148   72.107  14.421 0.000
127.481944 127.495833  1515.114   75.756  15.151 0.000
127.606944 127.620833  1501.544   75.077  15.015 0.000
127.731944 127.745833  1479.060   73.953  14.791 0.000
127.856944 127.870833  1467.896   73.395  14.679 0.000
127.981944 127.995833  1481.562   74.078  14.816 0.000
128.106944 128.120833  1495.019   74.751  14.950 0.000
128.231944 128.245833  1529.998   76.500  15.300 0.000
128.356944 128.370833  1577.737   78.887  15.777 0.000
128.481944 128.495833  1591.384   79.569  15.914 0.000
128.606944 128.620833  1596.050   79.803  15.961 0.000
128.731944 128.745833  1606.834   80.342  16.068 0.000
128.856944 128.870833  1578.149   78.907  15.781 0.000
128.981944 128.995833  1546.635   77.332  15.466 0.000
129.106944 129.120833  1516.396   75.820  15.164 0.000
129.231944 129.245833  1525.334   76.267  15.253 0.000
129.356944 129.370833  1559.356   77.968  15.594 0.000
129.481944 129.495833  1554.325   77.716  15.543 0.000
130.598611 130.612500  1532.792   76.640  15.328 0.000
130.723611 130.737500  1512.414   75.621  15.124 0.000
130.848611 130.862500  1525.300   76.265  15.253 0.000
130.973611 130.987500  1528.405   76.420  15.284 0.000
131.098611 131.112500  1518.601   75.930  15.186 0.000
131.223611 131.237500  1516.797   75.840  15.168 0.000
131.424306 131.438194 99999.999 9999.999 999.999 0.999
131.549306 131.563194  1504.667   75.233  15.047 0.000
131.674306 131.688194  1498.789   74.939  14.988 0.000
131.799306 131.813194  1498.581   74.929  14.986 0.000
131.924306 131.938194  1496.442   74.822  14.964 0.000
132.049306 132.063194  1499.535   74.977  14.995 0.000
132.174306 132.188194  1489.319   74.466  14.893 0.000
132.299306 132.313194  1491.694   74.585  14.917 0.000
132.424306 132.438194  1467.343   73.367  14.673 0.000
132.549306 132.563194  1484.281   74.214  14.843 0.000
132.675000 132.688889  1484.941   74.247  14.849 0.000
132.800000 132.813889  1504.397   75.220  15.044 0.000
132.925000 132.938889  1526.857   76.343  15.269 0.000
133.050000 133.063889  1527.442   76.372  15.274 0.000
133.175000 133.188889  1569.955   78.498  15.700 0.000
133.300000 133.313889  1570.507   78.525  15.705 0.000
133.425000 133.438889  1579.471   78.974  15.795 0.000
133.550000 133.563889  1584.976   79.249  15.850 0.000
133.675000 133.688889  1537.968   76.898  15.380 0.000
133.800000 133.813889  1552.225   77.611  15.522 0.000
133.925000 133.938889  1582.159   79.108  15.822 0.000
134.050000 134.063889  1509.999   75.500  15.100 0.000
134.175000 134.188889  1426.867   71.343  14.269 0.000
134.300000 134.313889  1394.628   69.731  13.946 0.000
134.425000 134.438889  1351.065   67.553  13.511 0.000
134.550000 134.563889  1197.492   59.875  11.975 0.000
135.175000 135.188889  1219.264   60.963  12.193 0.000
135.300000 135.313889  1201.041   60.052  12.010 0.000
135.425000 135.438889  1210.406   60.520  12.104 0.000
135.550000 135.563889  1237.736   61.887  12.377 0.000
135.675000 135.688889  1064.734   53.237  10.647 0.000
135.800000 135.813889  1095.141   54.757  10.951 0.000
136.175000 136.188889  1130.734   56.537  11.307 0.000
136.300000 136.313889  1133.012   56.651  11.330 0.000
136.425000 136.438889  1167.369   58.368  11.674 0.000
136.550000 136.563889  1165.462   58.273  11.655 0.000
136.675000 136.688889  1145.893   57.295  11.459 0.000
136.800000 136.813889  1173.662   58.683  11.737 0.000
136.925000 136.938889  1202.164   60.108  12.022 0.000
137.050000 137.063889  1197.761   59.888  11.978 0.000
137.175000 137.188889  1219.601   60.980  12.196 0.000
137.300000 137.313889  1208.441   60.422  12.084 0.000
137.425000 137.438889  1225.093   61.255  12.251 0.000
137.550000 137.563889  1227.008   61.350  12.270 0.000
137.675000 137.688889  1103.444   55.172  11.034 0.000
137.800000 137.813889  1152.609   57.630  11.526 0.000
137.925000 137.938889  1207.024   60.351  12.070 0.000
138.050000 138.063889  1214.138   60.707  12.141 0.000
138.175000 138.188889  1202.679   60.134  12.027 0.000
138.300000 138.313889  1232.774   61.639  12.328 0.000
138.425000 138.438889  1236.337   61.817  12.363 0.000
138.550000 138.563889  1253.539   62.677  12.535 0.000
138.675000 138.688889  1258.993   62.950  12.590 0.000
138.800000 138.813889  1265.741   63.287  12.657 0.000
138.925000 138.938889  1268.238   63.412  12.682 0.000
139.050000 139.063889  1283.182   64.159  12.832 0.000
139.175000 139.188889  1303.598   65.180  13.036 0.000
139.300000 139.313889  1297.829   64.891  12.978 0.000
139.425000 139.438889  1284.416   64.221  12.844 0.000
139.550000 139.563889  1286.837   64.342  12.868 0.000
139.675000 139.688889  1299.586   64.979  12.996 0.000
139.800000 139.813889  1308.292   65.415  13.083 0.000
139.925000 139.938889  1309.942   65.497  13.099 0.000
140.050000 140.063889  1314.135   65.707  13.141 0.000
140.175000 140.188889  1319.670   65.984  13.197 0.000
140.300000 140.313889  1332.166   66.608  13.322 0.000
140.425000 140.438889  1343.934   67.197  13.439 0.000
140.550000 140.563889  1340.347   67.017  13.403 0.000
140.675000 140.688889  1346.721   67.336  13.467 0.000
140.800000 140.813889  1290.463   64.523  12.905 0.000
140.925000 140.938889  1076.204   53.810  10.762 0.000
141.050000 141.063889  1077.341   53.867  10.773 0.000
141.175000 141.188889  1044.017   52.201  10.440 0.000
141.300000 141.313889  1071.285   53.564  10.713 0.000
141.425000 141.438889  1121.530   56.077  11.215 0.000
141.550000 141.563889  1051.844   52.592  10.518 0.000
142.175000 142.188889  1038.218   51.911  10.382 0.000
142.300000 142.313889   996.490   49.825   9.965 0.000
142.425694 142.439583  1037.026   51.851  10.370 0.000
142.550694 142.564583  1031.442   51.572  10.314 0.000
142.675694 142.689583  1023.306   51.165  10.233 0.000
142.800694 142.814583  1000.795   50.040  10.008 0.000
143.175694 143.189583  1021.649   51.082  10.216 0.000
143.300694 143.314583  1049.792   52.490  10.498 0.000
143.425694 143.439583  1132.487   56.624  11.325 0.000
143.550694 143.564583  1137.201   56.860  11.372 0.000
143.675694 143.689583  1149.788   57.489  11.498 0.000
143.800694 143.814583  1129.434   56.472  11.294 0.000
143.925694 143.939583  1143.223   57.161  11.432 0.000
144.050694 144.064583  1122.103   56.105  11.221 0.000
144.175694 144.189583  1123.901   56.195  11.239 0.000
144.300694 144.314583  1107.409   55.370  11.074 0.000
144.425694 144.439583  1077.950   53.898  10.780 0.000
144.550694 144.564583  1070.470   53.524  10.705 0.000
144.675694 144.689583  1064.733   53.237  10.647 0.000
144.800694 144.814583  1111.591   55.580  11.116 0.000
144.925694 144.939583  1001.333   50.067  10.013 0.000
145.050694 145.064583   897.562   44.878   8.976 0.000
145.175694 145.189583   936.504   46.825   9.365 0.000
145.300694 145.314583   907.903   45.395   9.079 0.000
145.425694 145.439583   990.850   49.543   9.909 0.000
145.550694 145.564583   969.673   48.484   9.697 0.000
145.675694 145.689583   808.700   40.435   8.087 0.000
145.800694 145.814583  1007.356   50.368  10.074 0.000
145.925694 145.939583  1002.144   50.107  10.021 0.000
146.050694 146.064583  1034.580   51.729  10.346 0.000
146.175694 146.189583  1025.574   51.279  10.256 0.000
146.300694 146.314583  1034.444   51.722  10.344 0.000
146.425694 146.439583  1015.015   50.751  10.150 0.000
146.550694 146.564583  1017.146   50.857  10.171 0.000
146.675694 146.689583  1022.438   51.122  10.224 0.000
146.800694 146.814583  1047.959   52.398  10.480 0.000
146.925694 146.939583  1052.475   52.624  10.525 0.000
147.050694 147.064583  1047.557   52.378  10.476 0.000
147.175694 147.189583  1064.775   53.239  10.648 0.000
147.300694 147.314583  1052.196   52.610  10.522 0.000
147.425694 147.439583  1028.396   51.420  10.284 0.000
147.550694 147.564583  1018.729   50.936  10.187 0.000
147.675694 147.689583  1030.536   51.527  10.305 0.000
147.800694 147.814583  1039.350   51.968  10.394 0.000
147.925694 147.939583  1055.718   52.786  10.557 0.000
148.050694 148.064583  1074.022   53.701  10.740 0.000
148.175694 148.189583  1081.472   54.074  10.815 0.000
148.300694 148.314583  1102.747   55.137  11.027 0.000
148.425694 148.439583  1104.087   55.204  11.041 0.000
148.550694 148.564583  1109.881   55.494  11.099 0.000
149.175694 149.189583  1211.676   60.584  12.117 0.000
149.300694 149.314583  1234.679   61.734  12.347 0.000
149.425694 149.439583  1242.492   62.125  12.425 0.000
149.550694 149.564583  1222.947   61.147  12.229 0.000
149.675694 149.689583  1232.803   61.640  12.328 0.000
149.800694 149.814583  1278.668   63.933  12.787 0.000
150.175694 150.189583  1284.613   64.231  12.846 0.000
150.300694 150.314583  1249.545   62.477  12.495 0.000
150.425694 150.439583  1244.927   62.246  12.449 0.000
150.550694 150.564583  1235.521   61.776  12.355 0.000
150.675694 150.689583  1259.443   62.972  12.594 0.000
150.800694 150.814583  1251.011   62.551  12.510 0.000
150.925694 150.939583  1246.885   62.344  12.469 0.000
151.050694 151.064583  1226.821   61.341  12.268 0.000
151.175694 151.189583  1242.378   62.119  12.424 0.000
151.300694 151.314583  1218.846   60.942  12.188 0.000
151.425694 151.439583  1220.738   61.037  12.207 0.000
151.550694 151.564583  1173.442   58.672  11.734 0.000
151.675694 151.689583  1156.405   57.820  11.564 0.000
151.800694 151.814583  1137.730   56.887  11.377 0.000
151.925694 151.939583  1134.312   56.716  11.343 0.000
152.050694 152.064583  1119.415   55.971  11.194 0.000
152.175694 152.189583  1112.306   55.615  11.123 0.000
152.300694 152.314583  1126.309   56.315  11.263 0.000
152.425694 152.439583  1135.165   56.758  11.352 0.000
152.550694 152.564583  1137.358   56.868  11.374 0.000
152.675694 152.689583  1145.905   57.295  11.459 0.000
152.800694 152.814583  1129.182   56.459  11.292 0.000
152.925694 152.939583  1123.419   56.171  11.234 0.000
153.050694 153.064583  1132.453   56.623  11.325 0.000
153.175694 153.189583  1149.541   57.477  11.495 0.000
153.300694 153.314583  1156.602   57.830  11.566 0.000
153.425694 153.439583  1179.868   58.993  11.799 0.000
153.550694 153.564583  1198.461   59.923  11.985 0.000
153.675694 153.689583  1206.594   60.330  12.066 0.000
153.800694 153.814583  1187.362   59.368  11.874 0.000
153.925694 153.939583  1169.732   58.487  11.697 0.000
154.050694 154.064583  1140.919   57.046  11.409 0.000
154.175694 154.189583  1146.800   57.340  11.468 0.000
154.300694 154.314583  1126.154   56.308  11.262 0.000
154.425694 154.439583  1122.713   56.136  11.227 0.000
154.550694 154.564583  1115.453   55.773  11.155 0.000
154.675694 154.689583  1121.941   56.097  11.219 0.000
154.800694 154.814583  1161.163   58.058  11.612 0.000
154.925694 154.939583  1160.933   58.047  11.609 0.000
155.050694 155.064583  1137.002   56.850  11.370 0.000
155.175694 155.189583  1152.076   57.604  11.521 0.000
155.300694 155.314583  1132.865   56.643  11.329 0.000
155.425694 155.439583  1170.693   58.535  11.707 0.000
155.551389 155.565278  1192.419   59.621  11.924 0.000
156.176389 156.190278 99999.999 9999.999 999.999 0.999
156.301389 156.315278  1080.495   54.025  10.805 0.000
156.426389 156.440278  1140.264   57.013  11.403 0.000
156.551389 156.565278  1232.919   61.646  12.329 0.000
156.676389 156.690278  1220.509   61.025  12.205 0.000
156.801389 156.815278  1190.178   59.509  11.902 0.000
157.176389 157.190278  1263.421   63.171  12.634 0.000
157.301389 157.315278  1420.587   71.029  14.206 0.000
157.426389 157.440278  1384.094   69.205  13.841 0.000
157.551389 157.565278  1382.550   69.128  13.826 0.000
157.676389 157.690278  1300.387   65.019  13.004 0.000
157.801389 157.815278  1323.907   66.195  13.239 0.000
157.926389 157.940278  1327.908   66.395  13.279 0.000
158.051389 158.065278  1311.722   65.586  13.117 0.000
158.176389 158.190278  1287.767   64.388  12.878 0.000
158.301389 158.315278  1310.979   65.549  13.110 0.000
158.426389 158.440278  1296.587   64.829  12.966 0.000
158.551389 158.565278  1178.639   58.932  11.786 0.000
158.676389 158.690278 99999.999 9999.999 999.999 0.999
158.801389 158.815278  1202.657   60.133  12.027 0.000
158.926389 158.940278  1180.261   59.013  11.803 0.000
159.051389 159.065278  1170.052   58.503  11.701 0.000
159.176389 159.190278  1176.994   58.850  11.770 0.000
159.301389 159.315278  1159.507   57.975  11.595 0.000
159.426389 159.440278  1164.983   58.249  11.650 0.000
159.552083 159.565972  1158.665   57.933  11.587 0.000
159.677083 159.690972  1153.792   57.690  11.538 0.000
159.802083 159.815972  1154.300   57.715  11.543 0.000
159.927083 159.940972  1101.311   55.066  11.013 0.000
160.052083 160.065972  1086.857   54.343  10.869 0.000
160.177083 160.190972  1091.300   54.565  10.913 0.000
160.302083 160.315972  1079.831   53.992  10.798 0.000
160.427083 160.440972  1077.456   53.873  10.775 0.000
160.552083 160.565972  1041.295   52.065  10.413 0.000
160.677083 160.690972  1034.157   51.708  10.342 0.000
160.802083 160.815972  1019.586   50.979  10.196 0.000
160.927083 160.940972  1018.083   50.904  10.181 0.000
161.052083 161.065972  1023.828   51.191  10.238 0.000
161.177083 161.190972  1086.611   54.331  10.866 0.000
161.302083 161.315972  1106.209   55.310  11.062 0.000
161.427083 161.440972  1101.209   55.060  11.012 0.000
161.552083 161.565972  1094.479   54.724  10.945 0.000
161.677083 161.690972  1042.986   52.149  10.430 0.000
161.802083 161.815972  1010.621   50.531  10.106 0.000
161.927083 161.940972  1021.827   51.091  10.218 0.000
162.052083 162.065972  1035.382   51.769  10.354 0.000
162.177083 162.190972 99999.999 9999.999 999.999 0.999
162.302083 162.315972 99999.999 9999.999 999.999 0.999
162.427083 162.440972  1065.462   53.273  10.655 0.000
162.552083 162.565972  1055.995   52.800  10.560 0.000
163.177083 163.190972  1063.182   53.159  10.632 0.000
163.302083 163.315972  1065.700   53.285  10.657 0.000
163.427083 163.440972  1064.135   53.207  10.641 0.000
163.552083 163.565972  1054.501   52.725  10.545 0.000
163.677083 163.690972  1040.852   52.043  10.409 0.000
163.802083 163.815972  1039.293   51.965  10.393 0.000
164.177778 164.191667  1047.979   52.399  10.480 0.000
164.302778 164.316667  1042.370   52.119  10.424 0.000
164.427778 164.441667  1040.589   52.029  10.406 0.000
164.552778 164.566667  1030.128   51.506  10.301 0.000
