data/obs/c2h6/WDCGG/event/NO0042G.20170101033500.20180323000000.online_gc.ethane.air.1y.3h.NO01L_Medusa-9.NO01L_AGAGE.lev2.nas
75 1001
Schmidbauer, Norbert; Lunder, Chris
NO01L, Norwegian Institute for Air Research, NILU, Atmosphere and Climate Department, Instituttveien 18, , 2007, Kjeller, Norway
Schmidbauer, Norbert; Lunder, Chris
ACTRIS EMEP GAW-WDCRG
1 1
2017 01 01 2018 03 23
0
days from file reference point
5
1 1 1 1 1
999.999999 99999.999 9999.999 999.999 9.999
end_time of measurement, days from the file reference point
ethane, pmol/mol, Statistics=arithmetic mean, Detection limit=1.0 pmol/mol
ethane, pmol/mol, Statistics=expanded uncertainty 2sigma
ethane, pmol/mol, Statistics=precision
numflag, no unit
0
56
Data definition:              EBAS_1.1
Set type code:                TI
Timezone:                     UTC
File name:                    NO0042G.20170101033500.20180323000000.online_gc.ethane.air.1y.3h.NO01L_Medusa-9.NO01L_AGAGE.lev2.nas
File creation:                20190306184605
Startdate:                    20170101033500
Revision date:                20180323000000
Version:                      1
Version description:          initial revision, manually inspected
Data level:                   2
Period code:                  1y
Resolution code:              3h
Sample duration:              20mn
Orig. time res.:              20mn
Station code:                 NO0042G
Platform code:                NO0042S
Station name:                 Zeppelin mountain (Ny-Ålesund)
Station WDCA-ID:              GAWANO__ZEP
Station GAW-ID:               ZEP
Station GAW-Name:             Zeppelin Mountain (Ny Ålesund)
Station land use:             Gravel and stone
Station setting:              Polar
Station GAW type:             G
Station WMO region:           6
Station latitude:             78.90715
Station longitude:            11.88668
Station altitude:             474.0m
Measurement altitude:         474.0m
Measurement height:           10.0m
Regime:                       IMG
Component:                    ethane
Unit:                         pmol/mol
Matrix:                       air
Instrument type:              online_gc
Laboratory code:              NO01L
Instrument name:              Medusa-9
Instrument manufacturer:      AGAGE+Agilent+Agilent
Instrument model:             MEDUSA+6890N+5975B
Instrument serial number:     70810508
Method ref:                   NO01L_AGAGE
Standard method:              SOP=ACTRIS_VOC_2014
Calibration scale:            SIO2005
Calibration standard ID:      Scipps NMHC Gold
Inlet type:                   Hat or hood
Inlet description:            heated inlet line from 15m tower,stainless steel line,large flow
Detection limit expl.:        Detection limit determined by peak area statistics
Measurement uncertainty expl.: "Includes reproducibility (precision) + systematic errors (accuracy).Zeppelin Medusa did not participate at Actris Round Robin - but Kjeller Medusa Ref:http://www.atmos-meas-tech.net/8/2715/2015/"
Zero/negative values code:    Zero/negative impossible
Zero/negative values:         Zero and neg. values do not appear , background air will allways have hihger mixing ratios than the detection limits of the reported hydrocarbons
Originator:                   Schmidbauer, Norbert, , Norwegian Institute for Air Research, NILU, Atmosphere and Climate Department, Instituttveien 18, , 2007, Kjeller, Norway
Originator:                   Lunder, Chris, crl@nilu.no, Norwegian Institute for Air Research, NILU, Atmosphere and Climate Department, Instituttveien 18, , 2007, Kjeller, Norway
Submitter:                    Schmidbauer, Norbert, , Norwegian Institute for Air Research, NILU, Atmosphere and Climate Department, Instituttveien 18, , 2007, Kjeller, Norway
Submitter:                    Lunder, Chris, crl@nilu.no, Norwegian Institute for Air Research, NILU, Atmosphere and Climate Department, Instituttveien 18, , 2007, Kjeller, Norway
Acknowledgement:              Request acknowledgement details from data originator
Comment:                      Preconcentration MEDUSA, permapure nafion drier,trap material Hayesep D,routine sequence is working standard - sample - working standard, sample volume 2 liter
starttime endtime C2H6 C2H6 C2H6 flag
[from data line 1746]
265.773611 265.787500  1064.644   53.232  10.646 0.000
265.863889 265.877778   998.163   49.908   9.982 0.000
265.954167 265.968056   982.571   49.129   9.826 0.000
266.044444 266.058333   966.919   48.346   9.669 0.000
266.134722 266.148611   949.671   47.484   9.497 0.000
266.225000 266.238889   965.495   48.275   9.655 0.000
266.315278 266.329167   960.177   48.009   9.602 0.000
266.405556 266.419444   945.577   47.279   9.456 0.000
266.495833 266.509722   936.815   46.841   9.368 0.000
266.586111 266.600000   917.247   45.862   9.172 0.000
266.676389 266.690278   920.555   46.028   9.206 0.000
266.766667 266.780556   927.367   46.368   9.274 0.000
266.856944 266.870833   974.886   48.744   9.749 0.000
266.947222 266.961111   991.772   49.589   9.918 0.000
267.037500 267.051389   899.577   44.979   8.996 0.000
267.127778 267.141667   946.181   47.309   9.462 0.000
267.218056 267.231944  1013.294   50.665  10.133 0.000
267.308333 267.322222  1036.981   51.849  10.370 0.000
267.398611 267.412500  1094.081   54.704  10.941 0.000
267.488889 267.502778  1130.318   56.516  11.303 0.000
267.579167 267.593056  1134.846   56.742  11.348 0.000
268.031250 268.045139   978.773   48.939   9.788 0.000
268.121528 268.135417   937.895   46.895   9.379 0.000
268.211806 268.225694   935.391   46.770   9.354 0.000
268.302083 268.315972   940.023   47.001   9.400 0.000
268.392361 268.406250   929.540   46.477   9.295 0.000
268.482639 268.496528   928.808   46.440   9.288 0.000
268.572917 268.586806   926.123   46.306   9.261 0.000
268.663194 268.677083   926.109   46.305   9.261 0.000
268.753472 268.767361   913.003   45.650   9.130 0.000
269.024306 269.038194   907.011   45.351   9.070 0.000
269.114583 269.128472   908.782   45.439   9.088 0.000
269.204861 269.218750   908.810   45.441   9.088 0.000
269.295139 269.309028   912.038   45.602   9.120 0.000
269.385417 269.399306   913.984   45.699   9.140 0.000
269.475694 269.489583   907.323   45.366   9.073 0.000
269.565972 269.579861   913.361   45.668   9.134 0.000
269.656250 269.670139   935.317   46.766   9.353 0.000
269.746528 269.760417   970.795   48.540   9.708 0.000
269.836806 269.850694  1153.596   57.680  11.536 0.000
269.927083 269.940972  1280.017   64.001  12.800 0.000
270.017361 270.031250  1120.419   56.021  11.204 0.000
270.107639 270.121528  1314.130   65.707  13.141 0.000
270.197917 270.211806  1581.888   79.094  15.819 0.000
270.288194 270.302083  1732.296   86.615  17.323 0.000
270.378472 270.392361  1791.370   89.569  17.914 0.000
270.468750 270.482639  1818.184   90.909  18.182 0.000
270.559028 270.572917  1766.087   88.304  17.661 0.000
270.649306 270.663194  1718.903   85.945  17.189 0.000
270.739583 270.753472  1655.938   82.797  16.559 0.000
270.829861 270.843750  1648.613   82.431  16.486 0.000
270.920833 270.934722  1558.634   77.932  15.586 0.000
271.011111 271.025000  1453.478   72.674  14.535 0.000
271.101389 271.115278  1421.957   71.098  14.220 0.000
271.191667 271.205556  1393.415   69.671  13.934 0.000
271.281944 271.295833  1400.336   70.017  14.003 0.000
271.372222 271.386111  1401.023   70.051  14.010 0.000
271.462500 271.476389  1380.213   69.011  13.802 0.000
271.552778 271.566667  1345.837   67.292  13.458 0.000
271.643056 271.656944  1415.326   70.766  14.153 0.000
271.733333 271.747222  1481.575   74.079  14.816 0.000
271.823611 271.837500  1442.609   72.130  14.426 0.000
271.913889 271.927778  1395.875   69.794  13.959 0.000
272.004167 272.018056  1382.993   69.150  13.830 0.000
272.094444 272.108333  1381.118   69.056  13.811 0.000
272.184722 272.198611  1443.856   72.193  14.439 0.000
272.275000 272.288889  1568.875   78.444  15.689 0.000
272.365278 272.379167  1600.520   80.026  16.005 0.000
272.455556 272.469444  1609.808   80.490  16.098 0.000
272.545833 272.559722  1571.913   78.596  15.719 0.000
272.636111 272.650000  1519.457   75.973  15.195 0.000
272.726389 272.740278  1480.742   74.037  14.807 0.000
272.816667 272.830556  1386.605   69.330  13.866 0.000
272.906944 272.920833  1376.908   68.845  13.769 0.000
272.997222 273.011111  1465.458   73.273  14.655 0.000
273.087500 273.101389  1485.308   74.265  14.853 0.000
273.177778 273.191667  1280.651   64.033  12.807 0.000
273.268056 273.281944  1110.954   55.548  11.110 0.000
273.358333 273.372222  1114.361   55.718  11.144 0.000
273.448611 273.462500  1099.507   54.975  10.995 0.000
273.538889 273.552778  1044.979   52.249  10.450 0.000
273.629167 273.643056  1048.170   52.409  10.482 0.000
273.719444 273.733333  1079.768   53.988  10.798 0.000
273.810417 273.824306  1136.939   56.847  11.369 0.000
273.900694 273.914583  1138.802   56.940  11.388 0.000
273.990972 274.004861  1165.810   58.291  11.658 0.000
274.081250 274.095139  1199.465   59.973  11.995 0.000
274.171528 274.185417  1216.448   60.822  12.164 0.000
274.261806 274.275694  1199.968   59.998  12.000 0.000
274.352083 274.365972  1178.706   58.935  11.787 0.000
274.442361 274.456250  1136.537   56.827  11.365 0.000
274.532639 274.546528  1031.467   51.573  10.315 0.000
274.984028 274.997917  1123.760   56.188  11.238 0.000
275.074306 275.088194  1100.219   55.011  11.002 0.000
275.164583 275.178472  1095.073   54.754  10.951 0.000
275.254861 275.268750  1142.462   57.123  11.425 0.000
275.345139 275.359028  1134.252   56.713  11.343 0.000
275.435417 275.449306  1130.928   56.546  11.309 0.000
275.525694 275.539583  1128.176   56.409  11.282 0.000
275.615972 275.629861  1128.309   56.415  11.283 0.000
275.706250 275.720139  1117.792   55.890  11.178 0.000
275.796528 275.810417  1106.526   55.326  11.065 0.000
276.067361 276.081250  1103.472   55.174  11.035 0.000
276.157639 276.171528  1089.175   54.459  10.892 0.000
276.247917 276.261806  1080.532   54.027  10.805 0.000
276.338194 276.352083  1054.677   52.734  10.547 0.000
276.428472 276.442361  1046.279   52.314  10.463 0.000
276.574306 276.588194  1096.789   54.839  10.968 0.000
276.678472 276.692361  1106.961   55.348  11.070 0.000
276.782639 276.796528  1125.427   56.271  11.254 0.000
276.886806 276.900694  1120.822   56.041  11.208 0.000
276.990972 277.004861  1087.818   54.391  10.878 0.000
277.095139 277.109028  1092.172   54.609  10.922 0.000
277.199306 277.213194  1104.481   55.224  11.045 0.000
277.303472 277.317361  1101.964   55.098  11.020 0.000
277.407639 277.421528  1132.000   56.600  11.320 0.000
277.511806 277.525694  1110.268   55.513  11.103 0.000
277.615972 277.629861  1118.756   55.938  11.188 0.000
277.720139 277.734028  1115.966   55.798  11.160 0.000
277.824306 277.838194  1122.851   56.143  11.229 0.000
277.928472 277.942361  1112.914   55.646  11.129 0.000
278.032639 278.046528  1091.068   54.553  10.911 0.000
278.136806 278.150694  1067.776   53.389  10.678 0.000
278.240972 278.254861  1062.854   53.143  10.629 0.000
278.345139 278.359028  1074.071   53.704  10.741 0.000
278.449306 278.463194  1074.397   53.720  10.744 0.000
278.553472 278.567361  1063.818   53.191  10.638 0.000
278.657639 278.671528  1047.553   52.378  10.476 0.000
278.761806 278.775694  1056.874   52.844  10.569 0.000
278.865972 278.879861  1078.111   53.906  10.781 0.000
278.970139 278.984028  1074.448   53.722  10.744 0.000
279.074306 279.088194  1079.656   53.983  10.797 0.000
279.178472 279.192361  1074.720   53.736  10.747 0.000
279.282639 279.296528  1075.826   53.791  10.758 0.000
279.386806 279.400694  1069.221   53.461  10.692 0.000
279.490972 279.504861  1076.055   53.803  10.761 0.000
279.595139 279.609028  1064.857   53.243  10.649 0.000
279.699306 279.713194  1067.646   53.382  10.676 0.000
279.803472 279.817361  1071.262   53.563  10.713 0.000
279.907639 279.921528  1067.012   53.351  10.670 0.000
280.011806 280.025694  1068.314   53.416  10.683 0.000
280.115972 280.129861  1064.477   53.224  10.645 0.000
280.220833 280.234722  1047.690   52.385  10.477 0.000
280.325000 280.338889  1042.766   52.138  10.428 0.000
280.429167 280.443056  1036.549   51.827  10.365 0.000
280.533333 280.547222  1030.248   51.512  10.302 0.000
280.637500 280.651389  1025.245   51.262  10.252 0.000
280.741667 280.755556  1033.875   51.694  10.339 0.000
280.845833 280.859722  1032.445   51.622  10.324 0.000
280.950000 280.963889  1031.941   51.597  10.319 0.000
281.054167 281.068056  1031.594   51.580  10.316 0.000
281.158333 281.172222  1042.500   52.125  10.425 0.000
281.262500 281.276389   999.716   49.986   9.997 0.000
281.366667 281.380556  1007.619   50.381  10.076 0.000
281.470833 281.484722  1009.788   50.489  10.098 0.000
281.575000 281.588889  1013.837   50.692  10.138 0.000
282.095833 282.109722  1040.864   52.043  10.409 0.000
282.200000 282.213889  1044.840   52.242  10.448 0.000
282.304167 282.318056  1088.175   54.409  10.882 0.000
282.408333 282.422222  1090.111   54.506  10.901 0.000
282.512500 282.526389  1137.907   56.895  11.379 0.000
282.616667 282.630556  1100.141   55.007  11.001 0.000
282.720833 282.734722  1150.207   57.510  11.502 0.000
282.825000 282.838889  1169.365   58.468  11.694 0.000
283.137500 283.151389  1231.436   61.572  12.314 0.000
283.241667 283.255556  1294.160   64.708  12.942 0.000
283.345833 283.359722  1320.970   66.049  13.210 0.000
283.450000 283.463889  1339.893   66.995  13.399 0.000
283.554167 283.568056  1337.835   66.892  13.378 0.000
283.658333 283.672222  1333.791   66.690  13.338 0.000
283.762500 283.776389  1323.714   66.186  13.237 0.000
283.866667 283.880556  1310.145   65.507  13.101 0.000
283.970833 283.984722  1304.284   65.214  13.043 0.000
284.075000 284.088889  1304.821   65.241  13.048 0.000
284.179167 284.193056  1221.772   61.089  12.218 0.000
284.283333 284.297222  1081.989   54.099  10.820 0.000
284.387500 284.401389  1065.380   53.269  10.654 0.000
284.491667 284.505556  1045.069   52.253  10.451 0.000
284.595833 284.609722  1011.958   50.598  10.120 0.000
284.700000 284.713889  1111.969   55.598  11.120 0.000
284.804167 284.818056  1151.039   57.552  11.510 0.000
284.908333 284.922222  1240.567   62.028  12.406 0.000
285.012500 285.026389  1433.557   71.678  14.336 0.000
285.116667 285.130556  1504.591   75.230  15.046 0.000
285.220833 285.234722  1634.371   81.719  16.344 0.000
285.325000 285.338889  1819.122   90.956  18.191 0.000
285.429167 285.443056  1527.614   76.381  15.276 0.000
285.533333 285.547222  1679.388   83.969  16.794 0.000
285.637500 285.651389  1846.633   92.332  18.466 0.000
285.741667 285.755556  1809.499   90.475  18.095 0.000
285.845833 285.859722  1995.126   99.756  19.951 0.000
285.950000 285.963889  1955.796   97.790  19.558 0.000
286.054167 286.068056  1925.628   96.281  19.256 0.000
286.158333 286.172222  2228.760  111.438  22.288 0.000
286.262500 286.276389  1969.206   98.460  19.692 0.000
286.366667 286.380556  2146.772  107.339  21.468 0.000
286.470833 286.484722  2020.381  101.019  20.204 0.000
286.575000 286.588889  1786.687   89.334  17.867 0.000
286.679167 286.693056  1837.377   91.869  18.374 0.000
286.783333 286.797222  1465.376   73.269  14.654 0.000
286.887500 286.901389  1401.744   70.087  14.017 0.000
286.991667 287.005556  1414.845   70.742  14.148 0.000
287.095833 287.109722  1410.169   70.508  14.102 0.000
287.200000 287.213889  1429.174   71.459  14.292 0.000
287.304167 287.318056  1474.286   73.714  14.743 0.000
287.408333 287.422222  1490.483   74.524  14.905 0.000
287.512500 287.526389  1447.208   72.360  14.472 0.000
287.616667 287.630556  1465.370   73.269  14.654 0.000
287.786111 287.800000  1443.588   72.179  14.436 0.000
287.911111 287.925000 99999.999 9999.999 999.999 0.999
288.036111 288.050000  1460.033   73.002  14.600 0.000
288.161111 288.175000  1480.466   74.023  14.805 0.000
288.286111 288.300000  1592.900   79.645  15.929 0.000
288.411111 288.425000  1618.912   80.946  16.189 0.000
288.536111 288.550000  1559.636   77.982  15.596 0.000
289.161111 289.175000  1382.584   69.129  13.826 0.000
289.286111 289.300000  1394.334   69.717  13.943 0.000
289.411111 289.425000  1384.643   69.232  13.846 0.000
289.536111 289.550000  1355.356   67.768  13.554 0.000
289.661111 289.675000  1326.938   66.347  13.269 0.000
289.786111 289.800000 99999.999 9999.999 999.999 0.999
290.161111 290.175000  1360.181   68.009  13.602 0.000
290.286111 290.300000  1344.865   67.243  13.449 0.000
290.411111 290.425000  1335.421   66.771  13.354 0.000
290.536111 290.550000 99999.999 9999.999 999.999 0.999
290.661111 290.675000 99999.999 9999.999 999.999 0.999
290.786111 290.800000 99999.999 9999.999 999.999 0.999
290.911111 290.925000  1364.584   68.229  13.646 0.000
291.036111 291.050000  1359.282   67.964  13.593 0.000
291.161111 291.175000  1376.037   68.802  13.760 0.000
291.286111 291.300000  1376.391   68.820  13.764 0.000
291.411111 291.425000  1373.307   68.665  13.733 0.000
291.536111 291.550000  1395.089   69.754  13.951 0.000
291.661111 291.675000  1387.230   69.362  13.872 0.000
291.786111 291.800000  1373.578   68.679  13.736 0.000
291.911111 291.925000  1392.794   69.640  13.928 0.000
292.036111 292.050000  1225.387   61.269  12.254 0.000
292.161111 292.175000  1196.783   59.839  11.968 0.000
292.286111 292.300000  1193.021   59.651  11.930 0.000
292.411111 292.425000  1210.352   60.518  12.104 0.000
292.536806 292.550694  1231.885   61.594  12.319 0.000
292.661806 292.675694  1258.697   62.935  12.587 0.000
292.786806 292.800694  1233.125   61.656  12.331 0.000
292.911806 292.925694  1211.730   60.587  12.117 0.000
293.036806 293.050694  1185.979   59.299  11.860 0.000
293.161806 293.175694  1175.815   58.791  11.758 0.000
293.286806 293.300694  1156.090   57.805  11.561 0.000
293.411806 293.425694  1141.046   57.052  11.410 0.000
293.536806 293.550694  1156.708   57.835  11.567 0.000
293.661806 293.675694  1177.154   58.858  11.772 0.000
293.786806 293.800694  1209.918   60.496  12.099 0.000
293.911806 293.925694  1207.175   60.359  12.072 0.000
294.036806 294.050694  1248.989   62.449  12.490 0.000
294.161806 294.175694  1326.280   66.314  13.263 0.000
294.286806 294.300694  1366.613   68.331  13.666 0.000
294.411806 294.425694  1309.320   65.466  13.093 0.000
294.536806 294.550694  1279.531   63.977  12.795 0.000
294.661806 294.675694  1275.959   63.798  12.760 0.000
294.786806 294.800694  1283.645   64.182  12.836 0.000
294.911806 294.925694  1290.338   64.517  12.903 0.000
295.036806 295.050694  1265.921   63.296  12.659 0.000
295.161806 295.175694  1268.848   63.442  12.688 0.000
295.286806 295.300694  1271.965   63.598  12.720 0.000
295.411806 295.425694 99999.999 9999.999 999.999 0.999
295.536806 295.550694  1130.115   56.506  11.301 0.000
296.161806 296.175694  1116.497   55.825  11.165 0.000
296.286806 296.300694  1118.053   55.903  11.181 0.000
296.411806 296.425694  1123.839   56.192  11.238 0.000
296.536806 296.550694  1127.970   56.399  11.280 0.000
296.661806 296.675694  1126.013   56.301  11.260 0.000
296.786806 296.800694  1126.930   56.347  11.269 0.000
297.161806 297.175694  1116.834   55.842  11.168 0.000
297.286806 297.300694  1129.354   56.468  11.294 0.000
297.411806 297.425694  1137.585   56.879  11.376 0.000
297.536806 297.550694  1135.077   56.754  11.351 0.000
297.661806 297.675694  1135.263   56.763  11.353 0.000
297.786806 297.800694  1135.616   56.781  11.356 0.000
297.911806 297.925694  1135.469   56.773  11.355 0.000
298.036806 298.050694  1137.187   56.859  11.372 0.000
298.161806 298.175694  1142.763   57.138  11.428 0.000
298.286806 298.300694  1141.859   57.093  11.419 0.000
298.411806 298.425694  1145.358   57.268  11.454 0.000
298.536806 298.550694  1149.985   57.499  11.500 0.000
298.661806 298.675694  1149.145   57.457  11.491 0.000
298.786806 298.800694  1153.049   57.652  11.530 0.000
298.911806 298.925694  1153.690   57.685  11.537 0.000
299.036806 299.050694  1162.910   58.146  11.629 0.000
299.161806 299.175694  1157.258   57.863  11.573 0.000
299.286806 299.300694  1156.412   57.821  11.564 0.000
299.411806 299.425694  1162.110   58.106  11.621 0.000
