data/obs/c2h6/WDCGG/event/NO0042G.20160308151300.20170327000000.online_gc.ethane.air.10mo.2h.NO01L_Medusa-9.NO01L_AGAGE.lev2.nas
75 1001
Schmidbauer, Norbert; Lund-Myhre, Cathrine
NO01L, Norwegian Institute for Air Research, NILU, Atmosphere and Climate Department, Instituttveien 18, , 2007, Kjeller, Norway
Schmidbauer, Norbert; Lunder, Chris
ACTRIS EMEP GAW-WDCRG
1 1
2016 01 01 2017 03 27
0
days from file reference point
5
1 1 1 1 1
999.999999 99999.999 9999.999 999.999 9.999
end_time of measurement, days from the file reference point
ethane, pmol/mol, Statistics=arithmetic mean, Detection limit=1.0 pmol/mol
ethane, pmol/mol, Statistics=expanded uncertainty 2sigma
ethane, pmol/mol, Statistics=precision
numflag, no unit
0
56
Data definition:              EBAS_1.1
Set type code:                TI
Timezone:                     UTC
File name:                    NO0042G.20160308151300.20170327000000.online_gc.ethane.air.10mo.2h.NO01L_Medusa-9.NO01L_AGAGE.lev2.nas
File creation:                20190306184605
Startdate:                    20160308151300
Revision date:                20170327000000
Version:                      1
Version description:          initial revision, manually inspected
Data level:                   2
Period code:                  10mo
Resolution code:              2h
Sample duration:              20mn
Orig. time res.:              20mn
Station code:                 NO0042G
Platform code:                NO0042S
Station name:                 Zeppelin mountain (Ny-Ålesund)
Station WDCA-ID:              GAWANO__ZEP
Station GAW-ID:               ZEP
Station GAW-Name:             Zeppelin Mountain (Ny Ålesund)
Station land use:             Gravel and stone
Station setting:              Polar
Station GAW type:             G
Station WMO region:           6
Station latitude:             78.90715
Station longitude:            11.88668
Station altitude:             474.0m
Measurement altitude:         474.0m
Measurement height:           10.0m
Regime:                       IMG
Component:                    ethane
Unit:                         pmol/mol
Matrix:                       air
Instrument type:              online_gc
Laboratory code:              NO01L
Instrument name:              Medusa-9
Instrument manufacturer:      AGAGE+Agilent+Agilent
Instrument model:             MEDUSA+6890N+5975B
Instrument serial number:     70810508
Method ref:                   NO01L_AGAGE
Standard method:              SOP=ACTRIS_VOC_2014
Calibration scale:            SIO2005
Calibration standard ID:      Scipps NMHC Gold
Inlet type:                   Hat or hood
Inlet description:            heated inlet line from 15m tower,stainless steel line,large flow
Detection limit expl.:        Detection limit determined by peak area statistics
Measurement uncertainty expl.: "Includes reproducibility (precision) + systematic errors (accuracy).Zeppelin Medusa did not participate at Actris Round Robin - but Kjeller Medusa Ref:http://www.atmos-meas-tech.net/8/2715/2015/"
Zero/negative values code:    Zero/negative impossible
Zero/negative values:         Zero and neg. values do not appear , background air will allways have hihger mixing ratios than the detection limits of the reported hydrocarbons
Originator:                   Schmidbauer, Norbert, , Norwegian Institute for Air Research, NILU, Atmosphere and Climate Department, Instituttveien 18, , 2007, Kjeller, Norway
Originator:                   Lund-Myhre, Cathrine, clm@nilu.no, Norwegian Institute for Air Research, NILU, Atmosphere and Climate Department, Instituttveien 18, , 2007, Kjeller, Norway
Submitter:                    Schmidbauer, Norbert, , Norwegian Institute for Air Research, NILU, Atmosphere and Climate Department, Instituttveien 18, , 2007, Kjeller, Norway
Submitter:                    Lunder, Chris, crl@nilu.no, Norwegian Institute for Air Research, NILU, Atmosphere and Climate Department, Instituttveien 18, , 2007, Kjeller, Norway
Acknowledgement:              Request acknowledgement details from data originator
Comment:                      Preconcentration MEDUSA, permapure nafion drier,trap material Hayesep D,routine sequence is working standard - sample - working standard, sample volume 2 liter
starttime endtime C2H6 C2H6 C2H6 flag
[from data line 1455]
249.626389 249.640278   757.977   37.899   7.580 0.000
249.716667 249.730556   762.735   38.137   7.627 0.000
249.806944 249.820833   760.705   38.035   7.607 0.000
250.393750 250.407639   754.389   37.719   7.544 0.000
250.484028 250.497917   752.074   37.604   7.521 0.000
250.574306 250.588194   751.297   37.565   7.513 0.000
250.664583 250.678472   750.141   37.507   7.501 0.000
250.754861 250.768750   747.365   37.368   7.474 0.000
251.296528 251.310417   755.003   37.750   7.550 0.000
251.386806 251.400694   756.417   37.821   7.564 0.000
251.477083 251.490972   753.427   37.671   7.534 0.000
251.567361 251.581250 99999.999 9999.999 999.999 0.999
252.154167 252.168056   748.930   37.447   7.489 0.000
252.244444 252.258333   755.048   37.752   7.550 0.000
252.334722 252.348611   754.959   37.748   7.550 0.000
252.425000 252.438889   761.382   38.069   7.614 0.000
252.515278 252.529167   757.665   37.883   7.577 0.000
252.605556 252.619444   761.791   38.090   7.618 0.000
252.695833 252.709722   757.575   37.879   7.576 0.000
252.831250 252.845139   757.103   37.855   7.571 0.000
252.921528 252.935417   757.450   37.873   7.575 0.000
253.011806 253.025694   757.715   37.886   7.577 0.000
253.102083 253.115972   756.221   37.811   7.562 0.000
253.192361 253.206250   755.686   37.784   7.557 0.000
253.282639 253.296528   754.024   37.701   7.540 0.000
253.372917 253.386806   756.746   37.837   7.567 0.000
253.463194 253.477083   756.254   37.813   7.563 0.000
253.553472 253.567361   756.378   37.819   7.564 0.000
253.643750 253.657639   759.005   37.950   7.590 0.000
253.734028 253.747917   756.267   37.813   7.563 0.000
253.824306 253.838194   752.368   37.618   7.524 0.000
253.914583 253.928472   761.340   38.067   7.613 0.000
254.004861 254.018750   776.903   38.845   7.769 0.000
254.095139 254.109028   779.363   38.968   7.794 0.000
254.185417 254.199306   782.333   39.117   7.823 0.000
254.275694 254.289583   778.967   38.948   7.790 0.000
254.365972 254.379861   778.154   38.908   7.782 0.000
254.456250 254.470139   777.994   38.900   7.780 0.000
254.907639 254.921528   773.213   38.661   7.732 0.000
254.997917 255.011806   776.483   38.824   7.765 0.000
255.088194 255.102083   777.883   38.894   7.779 0.000
255.178472 255.192361   775.953   38.798   7.760 0.000
255.268750 255.282639   795.845   39.792   7.958 0.000
255.359028 255.372917   814.598   40.730   8.146 0.000
255.449306 255.463194   860.303   43.015   8.603 0.000
255.539583 255.553472   836.641   41.832   8.366 0.000
255.629861 255.643750   834.866   41.743   8.349 0.000
255.720139 255.734028   772.962   38.648   7.730 0.000
255.810417 255.824306   777.886   38.894   7.779 0.000
255.900694 255.914583   838.133   41.907   8.381 0.000
255.990972 256.004861   858.576   42.929   8.586 0.000
256.081250 256.095139   806.827   40.341   8.068 0.000
256.171528 256.185417   872.619   43.631   8.726 0.000
256.262500 256.276389   978.480   48.924   9.785 0.000
256.352778 256.366667  1003.096   50.155  10.031 0.000
256.443056 256.456944  1028.872   51.444  10.289 0.000
256.533333 256.547222  1035.842   51.792  10.358 0.000
256.623611 256.637500  1122.595   56.130  11.226 0.000
256.713889 256.727778  1113.629   55.681  11.136 0.000
256.804167 256.818056   989.713   49.486   9.897 0.000
256.894444 256.908333   884.080   44.204   8.841 0.000
256.984722 256.998611   782.364   39.118   7.824 0.000
257.075000 257.088889   778.133   38.907   7.781 0.000
257.165278 257.179167   768.183   38.409   7.682 0.000
257.255556 257.269444   754.867   37.743   7.549 0.000
257.345833 257.359722   758.089   37.904   7.581 0.000
257.446528 257.460417   768.181   38.409   7.682 0.000
257.557639 257.571528   779.197   38.960   7.792 0.000
257.668750 257.682639   768.066   38.403   7.681 0.000
257.779861 257.793750   765.059   38.253   7.651 0.000
258.071528 258.085417 99999.999 9999.999 999.999 0.999
258.182639 258.196528   907.398   45.370   9.074 0.000
258.293750 258.307639   915.177   45.759   9.152 0.000
258.404861 258.418750   902.115   45.106   9.021 0.000
258.515972 258.529861   853.789   42.689   8.538 0.000
258.627083 258.640972   845.956   42.298   8.460 0.000
258.738194 258.752083   821.838   41.092   8.218 0.000
258.849306 258.863194   835.331   41.767   8.353 0.000
258.960417 258.974306   853.309   42.665   8.533 0.000
259.071528 259.085417   863.774   43.189   8.638 0.000
259.182639 259.196528   899.089   44.954   8.991 0.000
259.293750 259.307639   833.510   41.676   8.335 0.000
259.404861 259.418750   762.647   38.132   7.626 0.000
259.515972 259.529861   759.618   37.981   7.596 0.000
259.627083 259.640972   770.009   38.500   7.700 0.000
259.738194 259.752083   835.173   41.759   8.352 0.000
259.849306 259.863194   818.596   40.930   8.186 0.000
259.960417 259.974306   807.350   40.368   8.074 0.000
260.071528 260.085417   760.199   38.010   7.602 0.000
260.182639 260.196528   755.214   37.761   7.552 0.000
260.293750 260.307639   765.193   38.260   7.652 0.000
260.404861 260.418750   790.037   39.502   7.900 0.000
260.515972 260.529861   786.529   39.326   7.865 0.000
260.627083 260.640972   762.327   38.116   7.623 0.000
260.738194 260.752083   834.274   41.714   8.343 0.000
260.849306 260.863194   870.714   43.536   8.707 0.000
260.960417 260.974306   812.014   40.601   8.120 0.000
261.071528 261.085417   766.523   38.326   7.665 0.000
261.182639 261.196528   766.617   38.331   7.666 0.000
261.293750 261.307639   754.595   37.730   7.546 0.000
261.404861 261.418750   756.571   37.829   7.566 0.000
261.877083 261.890972 99999.999 9999.999 999.999 0.999
261.988194 262.002083   760.175   38.009   7.602 0.000
262.099306 262.113194   758.115   37.906   7.581 0.000
262.210417 262.224306   755.135   37.757   7.551 0.000
262.321528 262.335417   757.305   37.865   7.573 0.000
262.432639 262.446528   759.004   37.950   7.590 0.000
262.543750 262.557639   759.145   37.957   7.591 0.000
262.654861 262.668750   757.783   37.889   7.578 0.000
262.765972 262.779861   757.753   37.888   7.578 0.000
262.877083 262.890972   762.692   38.135   7.627 0.000
262.988194 263.002083   756.295   37.815   7.563 0.000
263.100000 263.113889   755.588   37.779   7.556 0.000
263.211111 263.225000   749.569   37.478   7.496 0.000
263.322222 263.336111   753.870   37.694   7.539 0.000
263.433333 263.447222   744.837   37.242   7.448 0.000
263.544444 263.558333   748.433   37.422   7.484 0.000
263.655556 263.669444   746.357   37.318   7.464 0.000
263.766667 263.780556   750.956   37.548   7.510 0.000
263.877778 263.891667   742.763   37.138   7.428 0.000
263.988889 264.002778   752.078   37.604   7.521 0.000
264.100000 264.113889   762.915   38.146   7.629 0.000
264.211111 264.225000   756.562   37.828   7.566 0.000
264.322222 264.336111   752.802   37.640   7.528 0.000
264.433333 264.447222   756.015   37.801   7.560 0.000
264.544444 264.558333   746.608   37.330   7.466 0.000
264.655556 264.669444   745.440   37.272   7.454 0.000
264.766667 264.780556   746.055   37.303   7.461 0.000
265.058333 265.072222 99999.999 9999.999 999.999 0.999
265.169444 265.183333   747.437   37.372   7.474 0.000
265.280556 265.294444   754.595   37.730   7.546 0.000
265.391667 265.405556   757.577   37.879   7.576 0.000
265.502778 265.516667   758.245   37.912   7.582 0.000
265.613889 265.627778   758.070   37.904   7.581 0.000
265.725000 265.738889   756.676   37.834   7.567 0.000
265.836111 265.850000   757.380   37.869   7.574 0.000
265.947222 265.961111   752.521   37.626   7.525 0.000
266.058333 266.072222   754.604   37.730   7.546 0.000
266.169444 266.183333   755.036   37.752   7.550 0.000
266.280556 266.294444   748.515   37.426   7.485 0.000
266.391667 266.405556   748.084   37.404   7.481 0.000
266.502778 266.516667   773.015   38.651   7.730 0.000
266.614583 266.628472   825.025   41.251   8.250 0.000
266.725694 266.739583   837.135   41.857   8.371 0.000
266.836806 266.850694   839.610   41.981   8.396 0.000
266.947917 266.961806   843.289   42.164   8.433 0.000
267.059028 267.072917   822.673   41.134   8.227 0.000
267.170139 267.184028   798.902   39.945   7.989 0.000
267.281250 267.295139   785.707   39.285   7.857 0.000
267.392361 267.406250   785.577   39.279   7.856 0.000
267.503472 267.517361   772.882   38.644   7.729 0.000
267.614583 267.628472   762.334   38.117   7.623 0.000
267.725694 267.739583   747.838   37.392   7.478 0.000
267.836806 267.850694   753.435   37.672   7.534 0.000
267.947917 267.961806   741.972   37.099   7.420 0.000
268.059028 268.072917   739.342   36.967   7.393 0.000
268.170139 268.184028   738.849   36.942   7.388 0.000
268.281250 268.295139   734.246   36.712   7.342 0.000
268.392361 268.406250   747.475   37.374   7.475 0.000
268.864583 268.878472 99999.999 9999.999 999.999 0.999
268.975694 268.989583   980.460   49.023   9.805 0.000
269.086806 269.100694   867.212   43.361   8.672 0.000
269.197917 269.211806   897.319   44.866   8.973 0.000
269.309028 269.322917   967.208   48.360   9.672 0.000
269.420139 269.434028   762.544   38.127   7.625 0.000
269.531250 269.545139   718.546   35.927   7.185 0.000
269.642361 269.656250   705.730   35.287   7.057 0.000
269.753472 269.767361   771.067   38.553   7.711 0.000
269.864583 269.878472   844.181   42.209   8.442 0.000
269.975694 269.989583   964.337   48.217   9.643 0.000
270.086806 270.100694  1125.618   56.281  11.256 0.000
270.197917 270.211806  1165.812   58.291  11.658 0.000
270.309722 270.323611   964.412   48.221   9.644 0.000
270.420833 270.434722   758.409   37.920   7.584 0.000
270.531944 270.545833   786.742   39.337   7.867 0.000
270.643056 270.656944   783.715   39.186   7.837 0.000
270.754167 270.768056   760.588   38.029   7.606 0.000
270.865278 270.879167   740.618   37.031   7.406 0.000
270.976389 270.990278   735.618   36.781   7.356 0.000
271.087500 271.101389   728.887   36.444   7.289 0.000
271.198611 271.212500   726.140   36.307   7.261 0.000
271.309722 271.323611   725.970   36.299   7.260 0.000
271.420833 271.434722   736.634   36.832   7.366 0.000
271.531944 271.545833 99999.999 9999.999 999.999 0.999
271.643056 271.656944 99999.999 9999.999 999.999 0.999
271.754167 271.768056 99999.999 9999.999 999.999 0.999
272.045833 272.059722 99999.999 9999.999 999.999 0.999
272.156944 272.170833 99999.999 9999.999 999.999 0.999
272.268056 272.281944 99999.999 9999.999 999.999 0.999
272.379167 272.393056   836.663   41.833   8.367 0.000
272.490278 272.504167   817.872   40.894   8.179 0.000
272.601389 272.615278   822.682   41.134   8.227 0.000
272.712500 272.726389   817.057   40.853   8.171 0.000
272.823611 272.837500   818.141   40.907   8.181 0.000
272.934722 272.948611   826.402   41.320   8.264 0.000
273.045833 273.059722   839.004   41.950   8.390 0.000
273.156944 273.170833   810.965   40.548   8.110 0.000
273.268056 273.281944   803.422   40.171   8.034 0.000
273.379167 273.393056   824.829   41.241   8.248 0.000
273.550694 273.564583 99999.999 9999.999 999.999 0.999
273.661806 273.675694   858.218   42.911   8.582 0.000
273.772917 273.786806   881.205   44.060   8.812 0.000
273.884028 273.897917   879.545   43.977   8.795 0.000
273.995139 274.009028   886.708   44.335   8.867 0.000
274.106250 274.120139   873.269   43.663   8.733 0.000
274.217361 274.231250   886.983   44.349   8.870 0.000
274.328472 274.342361   955.755   47.788   9.558 0.000
274.439583 274.453472 99999.999 9999.999 999.999 0.999
274.550694 274.564583 99999.999 9999.999 999.999 0.999
274.661806 274.675694 99999.999 9999.999 999.999 0.999
274.772917 274.786806 99999.999 9999.999 999.999 0.999
274.884028 274.897917 99999.999 9999.999 999.999 0.999
274.995139 275.009028 99999.999 9999.999 999.999 0.999
275.106250 275.120139 99999.999 9999.999 999.999 0.999
275.217361 275.231250 99999.999 9999.999 999.999 0.999
275.328472 275.342361 99999.999 9999.999 999.999 0.999
275.439583 275.453472 99999.999 9999.999 999.999 0.999
275.911806 275.925694 99999.999 9999.999 999.999 0.999
276.022917 276.036806 99999.999 9999.999 999.999 0.999
276.134028 276.147917 99999.999 9999.999 999.999 0.999
276.245139 276.259028 99999.999 9999.999 999.999 0.999
276.356250 276.370139 99999.999 9999.999 999.999 0.999
276.467361 276.481250 99999.999 9999.999 999.999 0.999
276.578472 276.592361 99999.999 9999.999 999.999 0.999
276.689583 276.703472 99999.999 9999.999 999.999 0.999
276.800694 276.814583 99999.999 9999.999 999.999 0.999
276.911806 276.925694 99999.999 9999.999 999.999 0.999
277.022917 277.036806 99999.999 9999.999 999.999 0.999
277.134028 277.147917 99999.999 9999.999 999.999 0.999
277.245139 277.259028   828.417   41.421   8.284 0.000
277.356944 277.370833   823.203   41.160   8.232 0.000
277.468056 277.481944   779.822   38.991   7.798 0.000
277.579167 277.593056   816.793   40.840   8.168 0.000
277.690278 277.704167 99999.999 9999.999 999.999 0.999
277.801389 277.815278 99999.999 9999.999 999.999 0.999
277.912500 277.926389   883.864   44.193   8.839 0.000
278.023611 278.037500   788.645   39.432   7.886 0.000
278.134722 278.148611   801.464   40.073   8.015 0.000
278.245833 278.259722   876.135   43.807   8.761 0.000
278.356944 278.370833   907.651   45.383   9.077 0.000
278.468056 278.481944   877.265   43.863   8.773 0.000
278.579167 278.593056   839.708   41.985   8.397 0.000
278.690278 278.704167   842.171   42.109   8.422 0.000
278.801389 278.815278   814.338   40.717   8.143 0.000
279.093056 279.106944 99999.999 9999.999 999.999 0.999
279.204167 279.218056   844.469   42.223   8.445 0.000
279.315278 279.329167   856.685   42.834   8.567 0.000
279.490972 279.504861   909.637   45.482   9.096 0.000
279.602083 279.615972   844.513   42.226   8.445 0.000
279.713194 279.727083   830.692   41.535   8.307 0.000
279.824306 279.838194   859.441   42.972   8.594 0.000
279.935417 279.949306   890.816   44.541   8.908 0.000
280.046528 280.060417   863.780   43.189   8.638 0.000
280.157639 280.171528   873.477   43.674   8.735 0.000
280.268750 280.282639   867.815   43.391   8.678 0.000
280.379861 280.393750   937.537   46.877   9.375 0.000
280.490972 280.504861   893.562   44.678   8.936 0.000
280.602083 280.615972   869.624   43.481   8.696 0.000
280.713194 280.727083   861.961   43.098   8.620 0.000
280.824306 280.838194   855.168   42.758   8.552 0.000
280.935417 280.949306   867.982   43.399   8.680 0.000
281.046528 281.060417   918.222   45.911   9.182 0.000
281.157639 281.171528   911.855   45.593   9.119 0.000
281.268750 281.282639   879.524   43.976   8.795 0.000
281.379861 281.393750   861.361   43.068   8.614 0.000
281.490972 281.504861   855.592   42.780   8.556 0.000
281.602083 281.615972   854.969   42.748   8.550 0.000
281.713194 281.727083   857.377   42.869   8.574 0.000
281.824306 281.838194   859.632   42.982   8.596 0.000
281.935417 281.949306   864.274   43.214   8.643 0.000
282.046528 282.060417   864.847   43.242   8.648 0.000
282.157639 282.171528   876.908   43.845   8.769 0.000
282.268750 282.282639   867.677   43.384   8.677 0.000
282.379861 282.393750   840.807   42.040   8.408 0.000
282.490972 282.504861   837.788   41.889   8.378 0.000
283.046528 283.060417   948.961   47.448   9.490 0.000
283.157639 283.171528  1014.121   50.706  10.141 0.000
283.268750 283.282639   977.700   48.885   9.777 0.000
283.379861 283.393750   990.489   49.524   9.905 0.000
283.490972 283.504861   982.148   49.107   9.821 0.000
283.602083 283.615972   977.884   48.894   9.779 0.000
283.713194 283.727083   960.846   48.042   9.608 0.000
283.824306 283.838194   955.548   47.777   9.555 0.000
283.935417 283.949306   953.626   47.681   9.536 0.000
284.046528 284.060417   967.678   48.384   9.677 0.000
284.157639 284.171528   992.088   49.604   9.921 0.000
284.268750 284.282639  1029.486   51.474  10.295 0.000
284.379861 284.393750 99999.999 9999.999 999.999 0.999
284.490972 284.504861   943.493   47.175   9.435 0.000
284.602083 284.615972   926.071   46.304   9.261 0.000
