data/obs/c2h6/WDCGG/event/NO0042G.20100901142100.20160520000000.online_gc.ethane.air.5y.2h.NO01L_MEDUSA_ZEP.NO01L_ZEP_MEDUSA.lev2.nas
59 1001
Schmidbauer, Norbert; Lund-Myhre, Cathrine
NO01L, Norwegian Institute for Air Research, NILU, Atmosphere and Climate Department, Instituttveien 18, , 2007, Kjeller, Norway
Fjæraa, Ann Mari
ACTRIS EMEP GAW-WDCRG MOCA NILU
1 1
2010 01 01 2016 05 20
0
days from file reference point
3
1 1 1
9999.999999 99999.999 9.999
end_time of measurement, days from the file reference point
ethane, pmol/mol
numflag ethane, no unit
0
42
Data definition:              EBAS_1.1
Set type code:                TI
Timezone:                     UTC
File name:                    NO0042G.20100901142100.20160520000000.online_gc.ethane.air.5y.2h.NO01L_MEDUSA_ZEP.NO01L_ZEP_MEDUSA.lev2.nas
File creation:                20190306184604
Startdate:                    20100901142100
Revision date:                20160520000000
Version:                      2
Version description:          Manual revision by Chris Lunder
Statistics:                   arithmetic mean
Data level:                   2
Period code:                  5y
Resolution code:              2h
Station code:                 NO0042G
Platform code:                NO0042S
Station name:                 Zeppelin mountain (Ny-Ålesund)
Station WDCA-ID:              GAWANO__ZEP
Station GAW-ID:               ZEP
Station GAW-Name:             Zeppelin Mountain (Ny Ålesund)
Station land use:             Gravel and stone
Station setting:              Polar
Station GAW type:             G
Station WMO region:           6
Station latitude:             78.90715
Station longitude:            11.88668
Station altitude:             474.0m
Measurement height:           15.0m
Regime:                       IMG
Component:                    ethane
Unit:                         pmol/mol
Matrix:                       air
Instrument type:              online_gc
Laboratory code:              NO01L
Instrument name:              MEDUSA_ZEP
Method ref:                   NO01L_ZEP_MEDUSA
Inlet type:                   Hat or hood
Inlet description:            Insulated, heated, long line
Originator:                   Schmidbauer, Norbert, , Norwegian Institute for Air Research, NILU, Atmosphere and Climate Department, Instituttveien 18, , 2007, Kjeller, Norway
Originator:                   Lund-Myhre, Cathrine, clm@nilu.no, Norwegian Institute for Air Research, NILU, Atmosphere and Climate Department, Instituttveien 18, , 2007, Kjeller, Norway
Submitter:                    Fjæraa, Ann Mari, , Norwegian Institute for Air Research, NILU, Atmosphere and Climate Department, Instituttveien 18, , 2007, Kjeller, Norway
Acknowledgement:              Request acknowledgements from Chris Lunder, crl@nilu.no, Norbert Schmidbauer, ns@nilu.no and Ove Hermanssen, oh@nilu.no
starttime endtime C2H6 flag_C2H6
[from data line 12401]
1506.647223 1506.661112  4936.975 0.000
1506.730556 1506.744444  4514.091 0.000
1506.813889 1506.827778  4343.255 0.000
1506.897223 1506.911112  3434.550 0.000
1506.980556 1506.994444  3221.417 0.000
1507.063889 1507.077778  3389.349 0.000
1507.147223 1507.161112  3149.085 0.000
1507.230556 1507.244444  3179.012 0.000
1507.313889 1507.327778  3074.502 0.000
1507.397223 1507.411112  2945.637 0.000
1507.480556 1507.494444  2950.213 0.000
1507.563889 1507.577778  2875.420 0.000
1507.647223 1507.661112  2903.568 0.000
1507.730556 1507.744444  2847.323 0.000
1507.813889 1507.827778  2688.642 0.000
1507.897223 1507.911112  2653.526 0.000
1507.980556 1507.994444  2534.934 0.000
1508.063889 1508.077778  2594.556 0.000
1508.147223 1508.161112  2528.475 0.000
1508.230556 1508.244444  2504.792 0.000
1508.313889 1508.327778  2455.730 0.000
1508.397223 1508.411112  2415.800 0.000
1508.480556 1508.494444  2414.941 0.000
1508.563889 1508.577778 99999.999 0.999
1509.147223 1509.161112  3072.231 0.000
1509.230556 1509.244444 99999.999 0.999
1509.313889 1509.327778  2993.785 0.000
1509.397223 1509.411112  3159.213 0.000
1509.480556 1509.494444  3325.446 0.000
1509.563889 1509.577778  2853.853 0.000
1509.647223 1509.661112  2615.210 0.000
1509.730556 1509.744444  2505.672 0.000
1509.813889 1509.827778  2442.564 0.000
1509.897223 1509.911112  2376.349 0.000
1509.980556 1509.994444  2361.458 0.000
1510.063889 1510.077778  2344.957 0.000
1510.147223 1510.161112  2321.094 0.000
1510.230556 1510.244444  2288.121 0.000
1510.313889 1510.327778  2286.804 0.000
1510.397223 1510.411112  2307.186 0.000
1510.480556 1510.494444  2320.033 0.000
1510.563889 1510.577778  2341.573 0.000
1510.647223 1510.661112  2376.981 0.000
1510.730556 1510.744444  2498.516 0.000
1510.813889 1510.827778  2481.512 0.000
1510.897223 1510.911112  2454.680 0.000
1510.980556 1510.994444  2406.492 0.000
1511.063889 1511.077778  2380.454 0.000
1511.147223 1511.161112  2403.114 0.000
1511.230556 1511.244444  2388.784 0.000
1511.313889 1511.327778  2461.166 0.000
1511.397223 1511.411112  2440.412 0.000
1511.480556 1511.494444  2411.582 0.000
1511.563889 1511.577778  2837.884 0.000
1511.647223 1511.661112  2747.628 0.000
1511.730556 1511.744444  2776.920 0.000
1511.813889 1511.827778  2852.910 0.000
1512.105556 1512.119444  3136.429 0.000
1512.188889 1512.202778  3003.490 0.000
1512.272223 1512.286112  2953.917 0.000
1512.355556 1512.369444  3002.182 0.000
1512.438889 1512.452778 99999.999 0.999
1512.522223 1512.536112  3112.593 0.000
1512.605556 1512.619444  3102.317 0.000
1512.688889 1512.702778  2972.312 0.000
1512.772223 1512.786112  2937.354 0.000
1512.855556 1512.869444  2844.256 0.000
1512.938889 1512.952778  2790.345 0.000
1513.022223 1513.036112  2785.256 0.000
1513.105556 1513.119444  2767.890 0.000
1513.188889 1513.202778  2685.591 0.000
1513.272223 1513.286112  2598.270 0.000
1513.355556 1513.369444  2561.517 0.000
1513.438889 1513.452778  2527.219 0.000
1513.522223 1513.536112  2498.630 0.000
1513.605556 1513.619444  2481.791 0.000
1513.688889 1513.702778  2479.027 0.000
1513.772223 1513.786112  2473.507 0.000
1513.855556 1513.869444  2469.333 0.000
1513.938889 1513.952778  2489.923 0.000
1514.022223 1514.036112  2698.366 0.000
1514.105556 1514.119444  2708.376 0.000
1514.188889 1514.202778  2722.349 0.000
1514.272223 1514.286112  2762.239 0.000
1514.355556 1514.369444  2813.870 0.000
1514.438889 1514.452778  2899.676 0.000
1514.522223 1514.536112  2934.501 0.000
1514.605556 1514.619444  2893.041 0.000
1514.688889 1514.702778  2888.907 0.000
1514.772223 1514.786112  2788.312 0.000
1514.855556 1514.869444  2671.286 0.000
1514.938889 1514.952778  2715.409 0.000
1515.022223 1515.036112  2751.658 0.000
1515.105556 1515.119444  2793.080 0.000
1515.188889 1515.202778  2976.891 0.000
1515.272223 1515.286112  3144.223 0.000
1515.355556 1515.369444  3068.453 0.000
1515.438889 1515.452778  3129.685 0.000
1515.522223 1515.536112  3147.649 0.000
1516.105556 1516.119444  3409.946 0.000
1516.188889 1516.202778  3372.800 0.000
1516.272223 1516.286112  3255.518 0.000
1516.355556 1516.369444  3221.201 0.000
1516.438889 1516.452778  3161.429 0.000
1516.522223 1516.536112  3111.900 0.000
1516.605556 1516.619444  3089.530 0.000
1516.688889 1516.702778  3003.346 0.000
1516.772223 1516.786112  3040.627 0.000
1516.855556 1516.869444  2961.961 0.000
1516.938889 1516.952778  3003.044 0.000
1517.022223 1517.036112  3017.744 0.000
1517.105556 1517.119444  3026.548 0.000
1517.188889 1517.202778  2841.747 0.000
1517.272223 1517.286112  2661.460 0.000
1517.355556 1517.369444  2579.391 0.000
1517.438889 1517.452778  2526.122 0.000
1517.522223 1517.536112  2654.686 0.000
1517.605556 1517.619444  2684.325 0.000
1517.688889 1517.702778  2704.895 0.000
1517.772223 1517.786112  2634.452 0.000
1517.855556 1517.869444  2689.970 0.000
1517.938889 1517.952778  2752.850 0.000
1518.022223 1518.036112  2842.497 0.000
1518.105556 1518.119444  2921.638 0.000
1518.188889 1518.202778  2717.840 0.000
1518.272223 1518.286112  2713.834 0.000
1518.355556 1518.369444  2722.514 0.000
1518.438889 1518.452778  2720.771 0.000
1518.522223 1518.536112  2728.993 0.000
1518.605556 1518.619444  2748.240 0.000
1518.688889 1518.702778  2732.741 0.000
1518.772223 1518.786112  2732.631 0.000
1518.855556 1518.869444  2733.439 0.000
1519.147223 1519.161112  2445.483 0.000
1519.230556 1519.244444  2420.677 0.000
1519.313889 1519.327778  2471.778 0.000
1519.397223 1519.411112  2507.921 0.000
1519.480556 1519.494444  2501.126 0.000
1519.563889 1519.577778  2446.179 0.000
1519.647223 1519.661112  2434.739 0.000
1519.730556 1519.744444  2488.734 0.000
1519.813889 1519.827778  2511.280 0.000
1519.897223 1519.911112  2434.349 0.000
1519.980556 1519.994444  2412.161 0.000
1520.063889 1520.077778  2398.455 0.000
1520.147223 1520.161112  2409.284 0.000
1520.230556 1520.244444  2391.955 0.000
1520.313889 1520.327778  2391.290 0.000
1520.397223 1520.411112  2378.253 0.000
1520.480556 1520.494444  2367.765 0.000
1520.563889 1520.577778  2388.691 0.000
1520.647223 1520.661112  2398.009 0.000
1520.730556 1520.744444  2397.436 0.000
1520.813889 1520.827778  2403.075 0.000
1520.897223 1520.911112  2394.236 0.000
1520.980556 1520.994444  2394.788 0.000
1521.063889 1521.077778  2392.946 0.000
1521.147223 1521.161112  2383.784 0.000
1521.230556 1521.244444  2370.572 0.000
1521.313889 1521.327778  2365.486 0.000
1521.397223 1521.411112  2401.723 0.000
1521.480556 1521.494444  2418.885 0.000
1521.563889 1521.577778  2454.134 0.000
1521.647223 1521.661112  2453.691 0.000
1521.730556 1521.744444  2378.167 0.000
1521.813889 1521.827778  2367.216 0.000
1521.897223 1521.911112  2353.369 0.000
1521.980556 1521.994444  2341.742 0.000
1522.063889 1522.077778  2333.539 0.000
1522.147223 1522.161112  2391.106 0.000
1522.230556 1522.244444  2354.030 0.000
1522.313889 1522.327778  2396.179 0.000
1522.397223 1522.411112  2372.778 0.000
1522.480556 1522.494444  2362.023 0.000
1522.563889 1522.577778  2342.401 0.000
1523.147223 1523.161112  2360.435 0.000
1523.230556 1523.244444  2371.954 0.000
1523.313889 1523.327778  2372.335 0.000
1523.397223 1523.411112  2378.557 0.000
1523.480556 1523.494444  2373.138 0.000
1523.563889 1523.577778  2371.664 0.000
1523.647223 1523.661112  2358.375 0.000
1523.730556 1523.744444  2368.576 0.000
1523.813889 1523.827778  2378.665 0.000
1523.897223 1523.911112  2376.361 0.000
1523.980556 1523.994444  2372.998 0.000
1524.063889 1524.077778  2329.193 0.000
1524.147223 1524.161112  2315.813 0.000
1524.230556 1524.244444  2256.506 0.000
1524.313889 1524.327778  2257.042 0.000
1524.438889 1524.452778  2248.213 0.000
1524.522223 1524.536112  2241.257 0.000
1524.605556 1524.619444  2249.710 0.000
1524.688889 1524.702778  2247.269 0.000
1524.772223 1524.786112  2254.934 0.000
1524.855556 1524.869444  2292.081 0.000
1524.938889 1524.952778  2311.591 0.000
1525.022223 1525.036112  2318.371 0.000
1525.105556 1525.119444  2325.542 0.000
1525.188889 1525.202778  2313.271 0.000
1525.272223 1525.286112  2329.817 0.000
1525.355556 1525.369444  2368.491 0.000
1525.438889 1525.452778  2493.500 0.000
1525.522223 1525.536112  2597.807 0.000
1525.605556 1525.619444  2659.237 0.000
1525.688889 1525.702778  2735.698 0.000
1525.772223 1525.786112  2624.080 0.000
1525.855556 1525.869444  2642.676 0.000
1526.147223 1526.161112  2435.562 0.000
1526.230556 1526.244444  2370.115 0.000
1526.313889 1526.327778  2287.633 0.000
1526.397223 1526.411112  2284.981 0.000
1526.480556 1526.494444  2255.348 0.000
1526.563889 1526.577778  2238.420 0.000
1526.647223 1526.661112  2243.390 0.000
1526.730556 1526.744444  2236.174 0.000
1526.813889 1526.827778  2241.123 0.000
1526.897223 1526.911112  2272.183 0.000
1526.980556 1526.994444  2359.289 0.000
1527.063889 1527.077778  2349.063 0.000
1527.147223 1527.161112  2392.127 0.000
1527.230556 1527.244444  2388.928 0.000
1527.313889 1527.327778  2350.321 0.000
1527.397223 1527.411112  2357.794 0.000
1527.480556 1527.494444  2328.086 0.000
1527.563889 1527.577778  2262.027 0.000
1527.647223 1527.661112  2311.521 0.000
1527.730556 1527.744444  2408.322 0.000
1527.856250 1527.870139  2380.501 0.000
1527.939584 1527.953473  2400.703 0.000
1528.022917 1528.036806  2366.037 0.000
1528.106250 1528.120139  2364.219 0.000
1528.189584 1528.203473  2359.795 0.000
1528.272917 1528.286806  2359.211 0.000
1528.356250 1528.370139  2365.138 0.000
1528.439584 1528.453473  2369.912 0.000
1528.522917 1528.536806  2354.619 0.000
1528.606250 1528.620139  2295.659 0.000
1528.689584 1528.703473  2296.646 0.000
1528.772917 1528.786806  2341.363 0.000
1528.856250 1528.870139  2372.248 0.000
1528.939584 1528.953473  2426.476 0.000
1529.022917 1529.036806  2466.061 0.000
1529.106250 1529.120139  2514.351 0.000
1529.189584 1529.203473  2505.586 0.000
1529.272917 1529.286806  2504.976 0.000
1529.356250 1529.370139  2498.196 0.000
1529.439584 1529.453473  2509.573 0.000
1529.522917 1529.536806  2562.543 0.000
1530.106250 1530.120139  2561.996 0.000
1530.189584 1530.203473  2617.185 0.000
1530.272917 1530.286806  2612.358 0.000
1530.356250 1530.370139  2689.544 0.000
1530.439584 1530.453473  2693.232 0.000
1530.522917 1530.536806  2718.078 0.000
1530.606250 1530.620139  2746.912 0.000
1530.689584 1530.703473  2641.547 0.000
1530.772917 1530.786806  2645.841 0.000
1530.856250 1530.870139  2691.406 0.000
1530.939584 1530.953473  2619.524 0.000
1531.022917 1531.036806  2548.839 0.000
1531.106250 1531.120139  2514.256 0.000
1531.189584 1531.203473  2460.307 0.000
1531.272917 1531.286806  2394.486 0.000
1531.356250 1531.370139  2409.272 0.000
1531.439584 1531.453473  2378.162 0.000
1531.522917 1531.536806  2247.854 0.000
1531.606250 1531.620139  2274.820 0.000
1531.689584 1531.703473  2326.147 0.000
1531.772917 1531.786806  2404.345 0.000
1531.856250 1531.870139  2410.388 0.000
1531.939584 1531.953473  2375.518 0.000
1532.022917 1532.036806  2362.707 0.000
1532.106250 1532.120139  2333.805 0.000
1532.189584 1532.203473  2328.345 0.000
1532.272917 1532.286806  2302.591 0.000
1532.356250 1532.370139  2390.537 0.000
1532.439584 1532.453473 99999.999 0.999
1532.522917 1532.536806  2329.263 0.000
1532.606250 1532.620139  2275.042 0.000
1532.689584 1532.703473  2294.541 0.000
1532.772917 1532.786806  2220.725 0.000
1532.856250 1532.870139  2230.856 0.000
1533.147917 1533.161806  2300.093 0.000
1533.231250 1533.245139  2341.159 0.000
1533.314584 1533.328473  2310.903 0.000
1533.397917 1533.411806  2306.844 0.000
1533.481250 1533.495139  2340.799 0.000
1533.564584 1533.578473  2306.410 0.000
1533.647917 1533.661806  2280.316 0.000
1533.731250 1533.745139  2289.114 0.000
1533.814584 1533.828473  2325.686 0.000
1533.897917 1533.911806  2413.396 0.000
1533.981250 1533.995139  2410.700 0.000
1534.064584 1534.078473  2431.956 0.000
1534.147917 1534.161806  2455.444 0.000
1534.231250 1534.245139  2444.583 0.000
1534.314584 1534.328473  2445.333 0.000
1534.397917 1534.411806  2455.371 0.000
1534.481250 1534.495139  2461.422 0.000
1534.564584 1534.578473  2474.870 0.000
1534.647917 1534.661806  2509.562 0.000
1534.731250 1534.745139  2531.550 0.000
1534.814584 1534.828473  2510.366 0.000
1534.897917 1534.911806  2505.075 0.000
1534.981250 1534.995139  2495.921 0.000
1535.064584 1535.078473  2491.598 0.000
1535.147917 1535.161806  2481.817 0.000
1535.231250 1535.245139  2478.117 0.000
1535.314584 1535.328473  2475.845 0.000
1535.397917 1535.411806  2457.912 0.000
1535.481250 1535.495139  2456.274 0.000
1535.564584 1535.578473  2411.781 0.000
1535.647917 1535.661806  2395.668 0.000
1535.731250 1535.745139  2422.456 0.000
1535.814584 1535.828473  2460.182 0.000
1535.897917 1535.911806  2419.537 0.000
1535.981250 1535.995139  2411.159 0.000
1536.064584 1536.078473  2426.012 0.000
1536.147917 1536.161806  2386.713 0.000
1536.231250 1536.245139  2343.177 0.000
1536.314584 1536.328473  2323.737 0.000
1536.397917 1536.411806  2753.145 0.000
1536.481250 1536.495139  3000.008 0.000
1537.107639 1537.121528  3037.263 0.000
1537.190973 1537.204862  3146.580 0.000
1537.274306 1537.288194  3261.756 0.000
1537.357639 1537.371528  3124.552 0.000
1537.440973 1537.454862  3305.869 0.000
1537.524306 1537.538194  3302.456 0.000
1537.607639 1537.621528  3332.609 0.000
1537.690973 1537.704862  3113.079 0.000
1537.774306 1537.788194  3014.051 0.000
1537.857639 1537.871528  3178.260 0.000
1537.940973 1537.954862  3107.343 0.000
1538.024306 1538.038194  3068.917 0.000
1538.107639 1538.121528  3072.364 0.000
1538.190973 1538.204862  3034.510 0.000
1538.274306 1538.288194  3034.085 0.000
1538.357639 1538.371528  3023.291 0.000
1538.440973 1538.454862  3008.006 0.000
1538.524306 1538.538194  3011.276 0.000
1538.607639 1538.621528  2947.800 0.000
1538.690973 1538.704862  2927.908 0.000
1538.774306 1538.788194  2954.443 0.000
1538.857639 1538.871528  2942.515 0.000
1538.940973 1538.954862  2974.974 0.000
1539.024306 1539.038194  2964.602 0.000
1539.107639 1539.121528  2939.051 0.000
1539.190973 1539.204862  2917.957 0.000
1539.274306 1539.288194  2835.105 0.000
1539.357639 1539.371528  2805.042 0.000
1539.440973 1539.454862  2707.636 0.000
1539.524306 1539.538194  2506.261 0.000
1539.607639 1539.621528  2359.267 0.000
1539.690973 1539.704862  2337.445 0.000
1539.774306 1539.788194  2397.894 0.000
1539.857639 1539.871528  2369.343 0.000
1540.149306 1540.163194  2527.263 0.000
1540.232639 1540.246528  2479.957 0.000
1540.315973 1540.329862  2462.511 0.000
1540.399306 1540.413194  2523.533 0.000
1540.482639 1540.496528  2556.254 0.000
1540.565973 1540.579862  2553.045 0.000
1540.649306 1540.663194  2512.253 0.000
1540.732639 1540.746528  2562.866 0.000
1540.815973 1540.829862  2635.470 0.000
1540.899306 1540.913194  2697.356 0.000
1540.982639 1540.996528  2741.427 0.000
1541.065973 1541.079862  2765.883 0.000
1541.149306 1541.163194  2810.482 0.000
1541.232639 1541.246528  2874.092 0.000
1541.315973 1541.329862  2916.999 0.000
1541.399306 1541.413194  2887.990 0.000
1541.482639 1541.496528  2904.085 0.000
1541.565973 1541.579862  2867.065 0.000
1541.649306 1541.663194  2806.815 0.000
1541.732639 1541.746528  2772.038 0.000
1541.815973 1541.829862  2965.480 0.000
1541.899306 1541.913194  2887.580 0.000
1541.982639 1541.996528  2782.437 0.000
1542.065973 1542.079862  2605.286 0.000
1542.149306 1542.163194  2571.633 0.000
1542.232639 1542.246528  2442.653 0.000
1542.315973 1542.329862  2440.797 0.000
1542.399306 1542.413194  2474.306 0.000
1542.482639 1542.496528  2530.477 0.000
1542.565973 1542.579862  2388.626 0.000
1542.649306 1542.663194  2302.770 0.000
1542.732639 1542.746528  2245.148 0.000
1542.815973 1542.829862  2175.677 0.000
1542.899306 1542.913194  2165.175 0.000
1542.982639 1542.996528  2153.015 0.000
1543.065973 1543.079862  2160.466 0.000
1543.149306 1543.163194  2163.476 0.000
1543.232639 1543.246528  2178.524 0.000
1543.315973 1543.329862  2190.833 0.000
1543.399306 1543.413194  2189.465 0.000
1543.482639 1543.496528  2249.999 0.000
