data/obs/c2h6/WDCGG/event/NO0042G.20170101033500.20180323000000.online_gc.ethane.air.1y.3h.NO01L_Medusa-9.NO01L_AGAGE.lev2.nas
75 1001
Schmidbauer, Norbert; Lunder, Chris
NO01L, Norwegian Institute for Air Research, NILU, Atmosphere and Climate Department, Instituttveien 18, , 2007, Kjeller, Norway
Schmidbauer, Norbert; Lunder, Chris
ACTRIS EMEP GAW-WDCRG
1 1
2017 01 01 2018 03 23
0
days from file reference point
5
1 1 1 1 1
999.999999 99999.999 9999.999 999.999 9.999
end_time of measurement, days from the file reference point
ethane, pmol/mol, Statistics=arithmetic mean, Detection limit=1.0 pmol/mol
ethane, pmol/mol, Statistics=expanded uncertainty 2sigma
ethane, pmol/mol, Statistics=precision
numflag, no unit
0
56
Data definition:              EBAS_1.1
Set type code:                TI
Timezone:                     UTC
File name:                    NO0042G.20170101033500.20180323000000.online_gc.ethane.air.1y.3h.NO01L_Medusa-9.NO01L_AGAGE.lev2.nas
File creation:                20190306184605
Startdate:                    20170101033500
Revision date:                20180323000000
Version:                      1
Version description:          initial revision, manually inspected
Data level:                   2
Period code:                  1y
Resolution code:              3h
Sample duration:              20mn
Orig. time res.:              20mn
Station code:                 NO0042G
Platform code:                NO0042S
Station name:                 Zeppelin mountain (Ny-Ålesund)
Station WDCA-ID:              GAWANO__ZEP
Station GAW-ID:               ZEP
Station GAW-Name:             Zeppelin Mountain (Ny Ålesund)
Station land use:             Gravel and stone
Station setting:              Polar
Station GAW type:             G
Station WMO region:           6
Station latitude:             78.90715
Station longitude:            11.88668
Station altitude:             474.0m
Measurement altitude:         474.0m
Measurement height:           10.0m
Regime:                       IMG
Component:                    ethane
Unit:                         pmol/mol
Matrix:                       air
Instrument type:              online_gc
Laboratory code:              NO01L
Instrument name:              Medusa-9
Instrument manufacturer:      AGAGE+Agilent+Agilent
Instrument model:             MEDUSA+6890N+5975B
Instrument serial number:     70810508
Method ref:                   NO01L_AGAGE
Standard method:              SOP=ACTRIS_VOC_2014
Calibration scale:            SIO2005
Calibration standard ID:      Scipps NMHC Gold
Inlet type:                   Hat or hood
Inlet description:            heated inlet line from 15m tower,stainless steel line,large flow
Detection limit expl.:        Detection limit determined by peak area statistics
Measurement uncertainty expl.: "Includes reproducibility (precision) + systematic errors (accuracy).Zeppelin Medusa did not participate at Actris Round Robin - but Kjeller Medusa Ref:http://www.atmos-meas-tech.net/8/2715/2015/"
Zero/negative values code:    Zero/negative impossible
Zero/negative values:         Zero and neg. values do not appear , background air will allways have hihger mixing ratios than the detection limits of the reported hydrocarbons
Originator:                   Schmidbauer, Norbert, , Norwegian Institute for Air Research, NILU, Atmosphere and Climate Department, Instituttveien 18, , 2007, Kjeller, Norway
Originator:                   Lunder, Chris, crl@nilu.no, Norwegian Institute for Air Research, NILU, Atmosphere and Climate Department, Instituttveien 18, , 2007, Kjeller, Norway
Submitter:                    Schmidbauer, Norbert, , Norwegian Institute for Air Research, NILU, Atmosphere and Climate Department, Instituttveien 18, , 2007, Kjeller, Norway
Submitter:                    Lunder, Chris, crl@nilu.no, Norwegian Institute for Air Research, NILU, Atmosphere and Climate Department, Instituttveien 18, , 2007, Kjeller, Norway
Acknowledgement:              Request acknowledgement details from data originator
Comment:                      Preconcentration MEDUSA, permapure nafion drier,trap material Hayesep D,routine sequence is working standard - sample - working standard, sample volume 2 liter
starttime endtime C2H6 C2H6 C2H6 flag
[from data line 1164]
164.802778 164.816667  1002.602   50.130  10.026 0.000
164.927778 164.941667   989.527   49.476   9.895 0.000
165.052778 165.066667   985.456   49.273   9.855 0.000
165.177778 165.191667  1010.105   50.505  10.101 0.000
165.302778 165.316667  1012.017   50.601  10.120 0.000
165.427778 165.441667  1011.215   50.561  10.112 0.000
165.552778 165.566667   988.359   49.418   9.884 0.000
165.677778 165.691667   987.184   49.359   9.872 0.000
165.802778 165.816667   982.214   49.111   9.822 0.000
165.927778 165.941667   982.308   49.115   9.823 0.000
166.052778 166.066667   980.503   49.025   9.805 0.000
166.177778 166.191667   982.739   49.137   9.827 0.000
166.302778 166.316667   968.551   48.428   9.686 0.000
166.427778 166.441667   975.836   48.792   9.758 0.000
166.552778 166.566667   972.277   48.614   9.723 0.000
166.677778 166.691667   973.107   48.655   9.731 0.000
166.802778 166.816667   982.037   49.102   9.820 0.000
166.927778 166.941667   983.263   49.163   9.833 0.000
167.052778 167.066667   982.198   49.110   9.822 0.000
167.177778 167.191667  1004.623   50.231  10.046 0.000
167.302778 167.316667  1001.057   50.053  10.011 0.000
167.427778 167.441667   996.931   49.847   9.969 0.000
167.552778 167.566667   988.064   49.403   9.881 0.000
167.677778 167.691667   978.998   48.950   9.790 0.000
167.802778 167.816667   976.339   48.817   9.763 0.000
167.927778 167.941667   971.955   48.598   9.720 0.000
168.052778 168.066667   958.818   47.941   9.588 0.000
168.177778 168.191667   938.334   46.917   9.383 0.000
168.302778 168.316667   953.403   47.670   9.534 0.000
168.428472 168.442361   963.623   48.181   9.636 0.000
168.553472 168.567361   946.443   47.322   9.464 0.000
168.678472 168.692361   917.975   45.899   9.180 0.000
168.803472 168.817361   914.032   45.702   9.140 0.000
168.928472 168.942361   904.335   45.217   9.043 0.000
169.053472 169.067361   906.592   45.330   9.066 0.000
169.178472 169.192361 99999.999 9999.999 999.999 0.999
169.495139 169.509028 99999.999 9999.999 999.999 0.999
169.620139 169.634028   894.405   44.720   8.944 0.000
170.245139 170.259028   894.044   44.702   8.940 0.000
170.370139 170.384028   901.435   45.072   9.014 0.000
170.495139 170.509028   868.082   43.404   8.681 0.000
170.620139 170.634028   862.707   43.135   8.627 0.000
170.745139 170.759028   863.003   43.150   8.630 0.000
171.120139 171.134028   835.915   41.796   8.359 0.000
171.245139 171.259028   871.919   43.596   8.719 0.000
171.370139 171.384028   892.533   44.627   8.925 0.000
171.495139 171.509028   873.102   43.655   8.731 0.000
171.620139 171.634028   879.089   43.954   8.791 0.000
171.745139 171.759028 99999.999 9999.999 999.999 0.999
172.504167 172.518056 99999.999 9999.999 999.999 0.999
172.629167 172.643056   873.841   43.692   8.738 0.000
172.754167 172.768056   871.257   43.563   8.713 0.000
172.879167 172.893056   871.540   43.577   8.715 0.000
173.004167 173.018056   875.966   43.798   8.760 0.000
173.129167 173.143056   870.440   43.522   8.704 0.000
173.254167 173.268056   884.057   44.203   8.841 0.000
173.379167 173.393056   886.105   44.305   8.861 0.000
173.504167 173.518056   883.234   44.162   8.832 0.000
173.629167 173.643056   863.644   43.182   8.636 0.000
173.754167 173.768056   883.308   44.165   8.833 0.000
173.879167 173.893056   837.662   41.883   8.377 0.000
174.004167 174.018056   858.040   42.902   8.580 0.000
174.129167 174.143056   857.821   42.891   8.578 0.000
174.254167 174.268056   853.058   42.653   8.531 0.000
174.379167 174.393056   842.569   42.128   8.426 0.000
174.504167 174.518056   836.086   41.804   8.361 0.000
174.629167 174.643056   842.072   42.104   8.421 0.000
174.754167 174.768056   828.274   41.414   8.283 0.000
174.879167 174.893056   831.349   41.567   8.313 0.000
175.004167 175.018056   829.661   41.483   8.297 0.000
175.129167 175.143056   808.497   40.425   8.085 0.000
175.254167 175.268056   810.793   40.540   8.108 0.000
175.379167 175.393056   803.175   40.159   8.032 0.000
175.504167 175.518056   779.430   38.972   7.794 0.000
175.629167 175.643056   780.276   39.014   7.803 0.000
175.754167 175.768056   799.843   39.992   7.998 0.000
175.879167 175.893056   790.423   39.521   7.904 0.000
176.004167 176.018056   780.820   39.041   7.808 0.000
176.129167 176.143056   782.514   39.126   7.825 0.000
176.254167 176.268056   804.986   40.249   8.050 0.000
176.379167 176.393056   818.638   40.932   8.186 0.000
176.504167 176.518056 99999.999 9999.999 999.999 0.999
176.629167 176.643056   812.519   40.626   8.125 0.000
177.254167 177.268056 99999.999 9999.999 999.999 0.999
177.379167 177.393056   836.489   41.824   8.365 0.000
177.504167 177.518056   830.489   41.524   8.305 0.000
177.629167 177.643056   833.443   41.672   8.334 0.000
177.754167 177.768056   833.000   41.650   8.330 0.000
178.129167 178.143056   827.099   41.355   8.271 0.000
178.254167 178.268056   828.252   41.413   8.283 0.000
178.379167 178.393056   828.718   41.436   8.287 0.000
178.504167 178.518056   826.183   41.309   8.262 0.000
178.629861 178.643750   827.976   41.399   8.280 0.000
178.754861 178.768750   831.352   41.568   8.314 0.000
178.879861 178.893750   833.284   41.664   8.333 0.000
179.004861 179.018750   834.902   41.745   8.349 0.000
179.129861 179.143750   827.698   41.385   8.277 0.000
179.254861 179.268750   825.630   41.282   8.256 0.000
179.379861 179.393750   827.636   41.382   8.276 0.000
179.504861 179.518750   813.693   40.685   8.137 0.000
179.629861 179.643750   815.151   40.758   8.152 0.000
179.754861 179.768750   825.048   41.252   8.250 0.000
179.879861 179.893750   821.979   41.099   8.220 0.000
180.004861 180.018750   823.186   41.159   8.232 0.000
180.129861 180.143750   817.628   40.881   8.176 0.000
180.254861 180.268750   819.661   40.983   8.197 0.000
180.379861 180.393750   820.786   41.039   8.208 0.000
180.504861 180.518750   825.432   41.272   8.254 0.000
180.629861 180.643750   814.944   40.747   8.149 0.000
180.754861 180.768750   803.216   40.161   8.032 0.000
180.879861 180.893750   804.325   40.216   8.043 0.000
181.004861 181.018750   804.933   40.247   8.049 0.000
181.129861 181.143750   808.776   40.439   8.088 0.000
181.254861 181.268750   810.197   40.510   8.102 0.000
181.497222 181.511111   811.214   40.561   8.112 0.000
181.622222 181.636111   810.565   40.528   8.106 0.000
181.747222 181.761111   806.041   40.302   8.060 0.000
181.872222 181.886111   806.356   40.318   8.064 0.000
181.997222 182.011111   810.285   40.514   8.103 0.000
182.122222 182.136111   811.048   40.552   8.110 0.000
182.247222 182.261111   809.115   40.456   8.091 0.000
182.372222 182.386111   804.814   40.241   8.048 0.000
182.497222 182.511111   800.250   40.013   8.003 0.000
182.622222 182.636111   793.759   39.688   7.938 0.000
182.747222 182.761111   792.530   39.627   7.925 0.000
182.872222 182.886111   791.280   39.564   7.913 0.000
182.997222 183.011111   794.562   39.728   7.946 0.000
183.122222 183.136111   790.819   39.541   7.908 0.000
183.247222 183.261111   792.369   39.618   7.924 0.000
183.372222 183.386111   762.374   38.119   7.624 0.000
183.497222 183.511111   754.875   37.744   7.549 0.000
183.622222 183.636111   750.514   37.526   7.505 0.000
184.247222 184.261111   759.722   37.986   7.597 0.000
184.372222 184.386111   755.928   37.796   7.559 0.000
184.497222 184.511111   762.398   38.120   7.624 0.000
184.622222 184.636111   757.520   37.876   7.575 0.000
184.747222 184.761111   756.993   37.850   7.570 0.000
185.122222 185.136111   749.567   37.478   7.496 0.000
185.247222 185.261111   751.067   37.553   7.511 0.000
185.372222 185.386111   739.077   36.954   7.391 0.000
185.497222 185.511111   753.839   37.692   7.538 0.000
185.622222 185.636111   743.915   37.196   7.439 0.000
185.747222 185.761111   748.790   37.440   7.488 0.000
185.872222 185.886111   742.978   37.149   7.430 0.000
185.997222 186.011111   744.575   37.229   7.446 0.000
186.122222 186.136111   747.761   37.388   7.478 0.000
186.247222 186.261111   751.166   37.558   7.512 0.000
186.372222 186.386111   752.953   37.648   7.530 0.000
186.497222 186.511111   743.056   37.153   7.431 0.000
186.622222 186.636111   735.880   36.794   7.359 0.000
186.747222 186.761111   733.213   36.661   7.332 0.000
186.872222 186.886111   731.387   36.569   7.314 0.000
186.997222 187.011111   735.531   36.777   7.355 0.000
187.122222 187.136111   735.535   36.777   7.355 0.000
187.247222 187.261111   736.924   36.846   7.369 0.000
187.372222 187.386111   737.164   36.858   7.372 0.000
187.497222 187.511111   735.352   36.768   7.354 0.000
187.622222 187.636111   731.616   36.581   7.316 0.000
187.747222 187.761111   731.484   36.574   7.315 0.000
187.872222 187.886111   727.675   36.384   7.277 0.000
187.997222 188.011111 99999.999 9999.999 999.999 0.999
188.122222 188.136111 99999.999 9999.999 999.999 0.999
188.247222 188.261111 99999.999 9999.999 999.999 0.999
188.372222 188.386111 99999.999 9999.999 999.999 0.999
188.497222 188.511111 99999.999 9999.999 999.999 0.999
188.622917 188.636806 99999.999 9999.999 999.999 0.999
188.747917 188.761806 99999.999 9999.999 999.999 0.999
188.872917 188.886806 99999.999 9999.999 999.999 0.999
188.997917 189.011806 99999.999 9999.999 999.999 0.999
189.122917 189.136806 99999.999 9999.999 999.999 0.999
189.247917 189.261806 99999.999 9999.999 999.999 0.999
189.372917 189.386806 99999.999 9999.999 999.999 0.999
189.497917 189.511806 99999.999 9999.999 999.999 0.999
189.622917 189.636806 99999.999 9999.999 999.999 0.999
189.747917 189.761806 99999.999 9999.999 999.999 0.999
189.872917 189.886806 99999.999 9999.999 999.999 0.999
189.997917 190.011806 99999.999 9999.999 999.999 0.999
190.122917 190.136806 99999.999 9999.999 999.999 0.999
190.247917 190.261806 99999.999 9999.999 999.999 0.999
190.372917 190.386806 99999.999 9999.999 999.999 0.999
190.497917 190.511806 99999.999 9999.999 999.999 0.999
190.622917 190.636806 99999.999 9999.999 999.999 0.999
191.247917 191.261806 99999.999 9999.999 999.999 0.999
206.669444 206.683333 99999.999 9999.999 999.999 0.999
206.794444 206.808333 99999.999 9999.999 999.999 0.999
206.919444 206.933333   645.982   32.299   6.460 0.000
207.044444 207.058333   653.234   32.662   6.532 0.000
207.169444 207.183333   652.353   32.618   6.524 0.000
207.295139 207.309028   646.900   32.345   6.469 0.000
207.420139 207.434028   641.977   32.099   6.420 0.000
207.545139 207.559028   640.831   32.042   6.408 0.000
207.670139 207.684028   641.676   32.084   6.417 0.000
207.795139 207.809028 99999.999 9999.999 999.999 0.999
208.716667 208.730556   640.515   32.026   6.405 0.000
208.841667 208.855556   639.814   31.991   6.398 0.000
208.966667 208.980556   640.853   32.043   6.409 0.000
209.091667 209.105556   633.294   31.665   6.333 0.000
209.216667 209.230556   635.145   31.757   6.351 0.000
209.341667 209.355556   631.920   31.596   6.319 0.000
209.466667 209.480556   632.203   31.610   6.322 0.000
210.392361 210.406250 99999.999 9999.999 999.999 0.999
210.517361 210.531250   625.907   31.295   6.259 0.000
210.642361 210.656250   621.410   31.071   6.214 0.000
210.767361 210.781250   617.141   30.857   6.171 0.000
210.892361 210.906250   620.927   31.046   6.209 0.000
211.017361 211.031250   632.876   31.644   6.329 0.000
211.142361 211.156250   635.706   31.785   6.357 0.000
211.267361 211.281250 99999.999 9999.999 999.999 0.999
211.392361 211.406250   632.546   31.627   6.325 0.000
211.517361 211.531250   625.233   31.262   6.252 0.000
212.142361 212.156250   617.201   30.860   6.172 0.000
212.267361 212.281250   618.891   30.945   6.189 0.000
212.392361 212.406250   622.906   31.145   6.229 0.000
212.517361 212.531250   610.406   30.520   6.104 0.000
212.642361 212.656250   618.405   30.920   6.184 0.000
212.767361 212.781250 99999.999 9999.999 999.999 0.999
213.142361 213.156250   620.439   31.022   6.204 0.000
213.267361 213.281250   632.623   31.631   6.326 0.000
213.392361 213.406250   635.301   31.765   6.353 0.000
213.517361 213.531250   634.716   31.736   6.347 0.000
213.642361 213.656250   622.453   31.123   6.225 0.000
213.767361 213.781250   622.937   31.147   6.229 0.000
213.892361 213.906250   630.240   31.512   6.302 0.000
214.017361 214.031250   627.365   31.368   6.274 0.000
214.142361 214.156250   623.398   31.170   6.234 0.000
214.267361 214.281250   625.402   31.270   6.254 0.000
214.392361 214.406250   616.999   30.850   6.170 0.000
214.517361 214.531250   615.751   30.788   6.158 0.000
214.642361 214.656250   615.198   30.760   6.152 0.000
214.767361 214.781250   616.032   30.802   6.160 0.000
214.892361 214.906250 99999.999 9999.999 999.999 0.999
215.017361 215.031250   611.399   30.570   6.114 0.000
215.142361 215.156250   617.538   30.877   6.175 0.000
215.267361 215.281250   617.013   30.851   6.170 0.000
215.392361 215.406250   612.181   30.609   6.122 0.000
215.517361 215.531250   612.346   30.617   6.123 0.000
215.643056 215.656944   614.979   30.749   6.150 0.000
215.768056 215.781944   617.169   30.858   6.172 0.000
215.893056 215.906944   612.762   30.638   6.128 0.000
216.018056 216.031944   617.675   30.884   6.177 0.000
216.143056 216.156944   616.882   30.844   6.169 0.000
216.268056 216.281944   615.167   30.758   6.152 0.000
216.393056 216.406944   615.770   30.789   6.158 0.000
216.518056 216.531944   615.093   30.755   6.151 0.000
216.643056 216.656944   616.503   30.825   6.165 0.000
216.768056 216.781944   616.584   30.829   6.166 0.000
216.893056 216.906944   614.716   30.736   6.147 0.000
217.018056 217.031944   614.610   30.731   6.146 0.000
217.143056 217.156944   618.573   30.929   6.186 0.000
217.268056 217.281944   622.004   31.100   6.220 0.000
217.393056 217.406944   621.556   31.078   6.216 0.000
217.518056 217.531944   646.000   32.300   6.460 0.000
217.643056 217.656944   679.049   33.952   6.790 0.000
217.768056 217.781944   649.734   32.487   6.497 0.000
217.893056 217.906944   653.043   32.652   6.530 0.000
218.018056 218.031944   656.997   32.850   6.570 0.000
218.143056 218.156944   676.633   33.832   6.766 0.000
218.268056 218.281944   665.755   33.288   6.658 0.000
218.393056 218.406944   619.333   30.967   6.193 0.000
218.518056 218.531944   612.587   30.629   6.126 0.000
219.143056 219.156944   619.491   30.975   6.195 0.000
219.268056 219.281944   620.716   31.036   6.207 0.000
219.393056 219.406944   623.206   31.160   6.232 0.000
219.518056 219.531944   625.971   31.299   6.260 0.000
219.643056 219.656944   630.278   31.514   6.303 0.000
219.768056 219.781944   628.557   31.428   6.286 0.000
220.143056 220.156944   616.836   30.842   6.168 0.000
220.268056 220.281944   617.127   30.856   6.171 0.000
220.393056 220.406944   613.279   30.664   6.133 0.000
220.518056 220.531944   610.931   30.547   6.109 0.000
220.643056 220.656944   611.552   30.578   6.116 0.000
220.768056 220.781944   611.130   30.557   6.111 0.000
220.893056 220.906944   608.332   30.417   6.083 0.000
221.018056 221.031944   611.285   30.564   6.113 0.000
221.143056 221.156944   622.795   31.140   6.228 0.000
221.268056 221.281944   626.650   31.333   6.267 0.000
221.393056 221.406944   625.332   31.267   6.253 0.000
221.518056 221.531944   620.377   31.019   6.204 0.000
221.643056 221.656944   610.117   30.506   6.101 0.000
221.768056 221.781944   607.967   30.398   6.080 0.000
221.893056 221.906944   618.890   30.945   6.189 0.000
222.018056 222.031944   646.318   32.316   6.463 0.000
222.143056 222.156944   656.954   32.848   6.570 0.000
222.268056 222.281944   654.525   32.726   6.545 0.000
222.393056 222.406944   659.438   32.972   6.594 0.000
222.518056 222.531944   652.782   32.639   6.528 0.000
222.643056 222.656944   657.003   32.850   6.570 0.000
222.768056 222.781944   656.645   32.832   6.566 0.000
222.893056 222.906944   653.792   32.690   6.538 0.000
223.018056 223.031944   650.049   32.502   6.500 0.000
