data/obs/c2h6/WDCGG/event/NO0042G.20160308151300.20170327000000.online_gc.ethane.air.10mo.2h.NO01L_Medusa-9.NO01L_AGAGE.lev2.nas
75 1001
Schmidbauer, Norbert; Lund-Myhre, Cathrine
NO01L, Norwegian Institute for Air Research, NILU, Atmosphere and Climate Department, Instituttveien 18, , 2007, Kjeller, Norway
Schmidbauer, Norbert; Lunder, Chris
ACTRIS EMEP GAW-WDCRG
1 1
2016 01 01 2017 03 27
0
days from file reference point
5
1 1 1 1 1
999.999999 99999.999 9999.999 999.999 9.999
end_time of measurement, days from the file reference point
ethane, pmol/mol, Statistics=arithmetic mean, Detection limit=1.0 pmol/mol
ethane, pmol/mol, Statistics=expanded uncertainty 2sigma
ethane, pmol/mol, Statistics=precision
numflag, no unit
0
56
Data definition:              EBAS_1.1
Set type code:                TI
Timezone:                     UTC
File name:                    NO0042G.20160308151300.20170327000000.online_gc.ethane.air.10mo.2h.NO01L_Medusa-9.NO01L_AGAGE.lev2.nas
File creation:                20190306184605
Startdate:                    20160308151300
Revision date:                20170327000000
Version:                      1
Version description:          initial revision, manually inspected
Data level:                   2
Period code:                  10mo
Resolution code:              2h
Sample duration:              20mn
Orig. time res.:              20mn
Station code:                 NO0042G
Platform code:                NO0042S
Station name:                 Zeppelin mountain (Ny-Ålesund)
Station WDCA-ID:              GAWANO__ZEP
Station GAW-ID:               ZEP
Station GAW-Name:             Zeppelin Mountain (Ny Ålesund)
Station land use:             Gravel and stone
Station setting:              Polar
Station GAW type:             G
Station WMO region:           6
Station latitude:             78.90715
Station longitude:            11.88668
Station altitude:             474.0m
Measurement altitude:         474.0m
Measurement height:           10.0m
Regime:                       IMG
Component:                    ethane
Unit:                         pmol/mol
Matrix:                       air
Instrument type:              online_gc
Laboratory code:              NO01L
Instrument name:              Medusa-9
Instrument manufacturer:      AGAGE+Agilent+Agilent
Instrument model:             MEDUSA+6890N+5975B
Instrument serial number:     70810508
Method ref:                   NO01L_AGAGE
Standard method:              SOP=ACTRIS_VOC_2014
Calibration scale:            SIO2005
Calibration standard ID:      Scipps NMHC Gold
Inlet type:                   Hat or hood
Inlet description:            heated inlet line from 15m tower,stainless steel line,large flow
Detection limit expl.:        Detection limit determined by peak area statistics
Measurement uncertainty expl.: "Includes reproducibility (precision) + systematic errors (accuracy).Zeppelin Medusa did not participate at Actris Round Robin - but Kjeller Medusa Ref:http://www.atmos-meas-tech.net/8/2715/2015/"
Zero/negative values code:    Zero/negative impossible
Zero/negative values:         Zero and neg. values do not appear , background air will allways have hihger mixing ratios than the detection limits of the reported hydrocarbons
Originator:                   Schmidbauer, Norbert, , Norwegian Institute for Air Research, NILU, Atmosphere and Climate Department, Instituttveien 18, , 2007, Kjeller, Norway
Originator:                   Lund-Myhre, Cathrine, clm@nilu.no, Norwegian Institute for Air Research, NILU, Atmosphere and Climate Department, Instituttveien 18, , 2007, Kjeller, Norway
Submitter:                    Schmidbauer, Norbert, , Norwegian Institute for Air Research, NILU, Atmosphere and Climate Department, Instituttveien 18, , 2007, Kjeller, Norway
Submitter:                    Lunder, Chris, crl@nilu.no, Norwegian Institute for Air Research, NILU, Atmosphere and Climate Department, Instituttveien 18, , 2007, Kjeller, Norway
Acknowledgement:              Request acknowledgement details from data originator
Comment:                      Preconcentration MEDUSA, permapure nafion drier,trap material Hayesep D,routine sequence is working standard - sample - working standard, sample volume 2 liter
starttime endtime C2H6 C2H6 C2H6 flag
[from data line 1746]
284.824306 284.838194   932.151   46.608   9.322 0.000
284.935417 284.949306   948.150   47.408   9.482 0.000
285.046528 285.060417  1027.459   51.373  10.275 0.000
285.157639 285.171528   950.032   47.502   9.500 0.000
285.269444 285.283333   950.468   47.523   9.505 0.000
285.380556 285.394444   950.261   47.513   9.503 0.000
285.491667 285.505556   927.990   46.400   9.280 0.000
285.684028 285.697917 99999.999 9999.999 999.999 0.999
285.795139 285.809028   919.342   45.967   9.193 0.000
286.128472 286.142361   918.046   45.902   9.180 0.000
286.239583 286.253472   923.516   46.176   9.235 0.000
286.350694 286.364583   925.503   46.275   9.255 0.000
290.423611 290.437500 99999.999 9999.999 999.999 0.999
290.534722 290.548611 99999.999 9999.999 999.999 0.999
290.645833 290.659722 99999.999 9999.999 999.999 0.999
290.756944 290.770833 99999.999 9999.999 999.999 0.999
290.868056 290.881944  1082.537   54.127  10.825 0.000
290.979167 290.993056  1101.339   55.067  11.013 0.000
291.090278 291.104167  1067.794   53.390  10.678 0.000
291.201389 291.215278   985.811   49.291   9.858 0.000
291.312500 291.326389   948.855   47.443   9.489 0.000
291.423611 291.437500   938.884   46.944   9.389 0.000
291.534722 291.548611   952.744   47.637   9.527 0.000
291.645833 291.659722  1072.186   53.609  10.722 0.000
291.756944 291.770833  1114.268   55.713  11.143 0.000
291.868056 291.881944   983.607   49.180   9.836 0.000
291.979167 291.993056  1028.146   51.407  10.281 0.000
292.090278 292.104167  1054.472   52.724  10.545 0.000
292.201389 292.215278  1056.154   52.808  10.562 0.000
292.312500 292.326389  1038.171   51.909  10.382 0.000
292.423611 292.437500  1030.440   51.522  10.304 0.000
292.534722 292.548611 99999.999 9999.999 999.999 0.999
292.676389 292.690278 99999.999 9999.999 999.999 0.999
292.787500 292.801389  1002.565   50.128  10.026 0.000
293.120833 293.134722  1106.518   55.326  11.065 0.000
293.231944 293.245833  1292.864   64.643  12.929 0.000
293.343056 293.356944  1392.216   69.611  13.922 0.000
293.454167 293.468056  1305.582   65.279  13.056 0.000
293.565278 293.579167  1330.053   66.503  13.301 0.000
293.676389 293.690278  1252.633   62.632  12.526 0.000
293.787500 293.801389  1266.654   63.333  12.667 0.000
293.898611 293.912500  1312.026   65.601  13.120 0.000
294.009722 294.023611  1289.483   64.474  12.895 0.000
294.120833 294.134722  1254.951   62.748  12.550 0.000
294.231944 294.245833  1259.845   62.992  12.598 0.000
294.343056 294.356944 99999.999 9999.999 999.999 0.999
294.454167 294.468056  1173.157   58.658  11.732 0.000
294.620833 294.634722  1134.859   56.743  11.349 0.000
295.176389 295.190278  1043.292   52.165  10.433 0.000
295.287500 295.301389  1033.023   51.651  10.330 0.000
295.398611 295.412500  1029.379   51.469  10.294 0.000
295.509722 295.523611  1037.379   51.869  10.374 0.000
295.620833 295.634722  1035.144   51.757  10.351 0.000
295.731944 295.745833  1036.278   51.814  10.363 0.000
295.843056 295.856944  1030.982   51.549  10.310 0.000
295.954167 295.968056  1033.461   51.673  10.335 0.000
296.065278 296.079167  1035.587   51.779  10.356 0.000
296.176389 296.190278  1230.451   61.523  12.305 0.000
296.287500 296.301389  1301.713   65.086  13.017 0.000
296.398611 296.412500  1346.264   67.313  13.463 0.000
296.509722 296.523611  1382.512   69.126  13.825 0.000
296.620833 296.634722  1389.754   69.488  13.898 0.000
296.731944 296.745833  1327.611   66.381  13.276 0.000
296.843056 296.856944  1255.318   62.766  12.553 0.000
296.954167 296.968056  1245.984   62.299  12.460 0.000
297.065278 297.079167  1233.651   61.683  12.337 0.000
297.176389 297.190278  1276.764   63.838  12.768 0.000
297.287500 297.301389  1309.655   65.483  13.097 0.000
297.398611 297.412500  1284.026   64.201  12.840 0.000
297.509722 297.523611  1273.030   63.652  12.730 0.000
297.620833 297.634722  1255.524   62.776  12.555 0.000
297.731944 297.745833  1251.206   62.560  12.512 0.000
297.843056 297.856944  1240.133   62.007  12.401 0.000
297.954167 297.968056  1237.304   61.865  12.373 0.000
298.065278 298.079167  1259.468   62.973  12.595 0.000
298.176389 298.190278  1250.004   62.500  12.500 0.000
298.287500 298.301389  1249.863   62.493  12.499 0.000
298.398611 298.412500  1214.916   60.746  12.149 0.000
298.510417 298.524306  1221.473   61.074  12.215 0.000
298.621528 298.635417  1235.690   61.785  12.357 0.000
298.732639 298.746528  1233.150   61.658  12.332 0.000
298.843750 298.857639  1237.831   61.892  12.378 0.000
298.954861 298.968750  1311.192   65.560  13.112 0.000
299.065972 299.079861  1330.528   66.526  13.305 0.000
299.177083 299.190972  1306.885   65.344  13.069 0.000
299.288194 299.302083  1328.210   66.411  13.282 0.000
299.399306 299.413194  1356.263   67.813  13.563 0.000
299.510417 299.524306  1545.311   77.266  15.453 0.000
299.621528 299.635417  1523.398   76.170  15.234 0.000
299.732639 299.746528  1765.794   88.290  17.658 0.000
300.065972 300.079861  1889.739   94.487  18.897 0.000
300.177083 300.190972  1873.626   93.681  18.736 0.000
300.288194 300.302083  1877.864   93.893  18.779 0.000
300.399306 300.413194  1815.376   90.769  18.154 0.000
300.510417 300.524306  1762.522   88.126  17.625 0.000
300.621528 300.635417  1757.488   87.874  17.575 0.000
300.732639 300.746528  1631.079   81.554  16.311 0.000
300.843750 300.857639  1606.117   80.306  16.061 0.000
300.954861 300.968750  1586.879   79.344  15.869 0.000
301.065972 301.079861  1646.670   82.334  16.467 0.000
301.177083 301.190972  1665.882   83.294  16.659 0.000
301.288194 301.302083  1538.185   76.909  15.382 0.000
301.399306 301.413194  1402.211   70.111  14.022 0.000
301.510417 301.524306  1412.126   70.606  14.121 0.000
301.621528 301.635417  1481.726   74.086  14.817 0.000
302.177083 302.190972  1383.981   69.199  13.840 0.000
302.288194 302.302083  1304.702   65.235  13.047 0.000
302.399306 302.413194  1254.474   62.724  12.545 0.000
302.510417 302.524306  1206.099   60.305  12.061 0.000
302.621528 302.635417  1203.194   60.160  12.032 0.000
302.732639 302.746528  1182.596   59.130  11.826 0.000
302.843750 302.857639  1208.406   60.420  12.084 0.000
302.954861 302.968750  1218.876   60.944  12.189 0.000
303.065972 303.079861  1208.083   60.404  12.081 0.000
303.177083 303.190972  1190.823   59.541  11.908 0.000
303.288194 303.302083  1177.198   58.860  11.772 0.000
303.399306 303.413194  1167.398   58.370  11.674 0.000
303.510417 303.524306  1163.900   58.195  11.639 0.000
303.621528 303.635417  1166.871   58.344  11.669 0.000
303.732639 303.746528  1161.010   58.051  11.610 0.000
303.843750 303.857639  1166.430   58.322  11.664 0.000
303.954861 303.968750  1173.407   58.670  11.734 0.000
304.065972 304.079861  1175.016   58.751  11.750 0.000
304.177083 304.190972  1193.345   59.667  11.933 0.000
304.288194 304.302083  1205.312   60.266  12.053 0.000
304.399306 304.413194 99999.999 9999.999 999.999 0.999
304.510417 304.524306  1193.302   59.665  11.933 0.000
304.621528 304.635417  1203.251   60.163  12.033 0.000
304.732639 304.746528  1205.940   60.297  12.059 0.000
304.843750 304.857639  1212.703   60.635  12.127 0.000
304.954861 304.968750  1208.645   60.432  12.086 0.000
305.065972 305.079861  1197.258   59.863  11.973 0.000
305.177083 305.190972  1195.527   59.776  11.955 0.000
305.288194 305.302083  1196.008   59.800  11.960 0.000
305.399306 305.413194  1205.133   60.257  12.051 0.000
305.510417 305.524306  1207.207   60.360  12.072 0.000
305.621528 305.635417  1202.557   60.128  12.026 0.000
305.732639 305.746528  1217.860   60.893  12.179 0.000
305.843750 305.857639  1236.613   61.831  12.366 0.000
305.954861 305.968750  1264.568   63.228  12.646 0.000
306.065972 306.079861  1255.864   62.793  12.559 0.000
306.177083 306.190972  1233.945   61.697  12.339 0.000
306.288194 306.302083  1223.013   61.151  12.230 0.000
306.399306 306.413194  1212.742   60.637  12.127 0.000
306.510417 306.524306  1209.229   60.461  12.092 0.000
306.621528 306.635417  1209.546   60.477  12.095 0.000
306.732639 306.746528  1207.249   60.362  12.072 0.000
307.065972 307.079861  1217.658   60.883  12.177 0.000
307.177083 307.190972  1221.914   61.096  12.219 0.000
307.288194 307.302083  1231.457   61.573  12.315 0.000
307.399306 307.413194  1216.578   60.829  12.166 0.000
307.510417 307.524306  1228.504   61.425  12.285 0.000
307.621528 307.635417  1235.243   61.762  12.352 0.000
307.732639 307.746528  1235.719   61.786  12.357 0.000
307.843750 307.857639  1219.574   60.979  12.196 0.000
307.954861 307.968750  1221.127   61.056  12.211 0.000
308.065972 308.079861  1206.722   60.336  12.067 0.000
308.177083 308.190972  1206.945   60.347  12.069 0.000
308.288194 308.302083  1234.488   61.724  12.345 0.000
308.399306 308.413194  1257.106   62.855  12.571 0.000
308.510417 308.524306  1296.696   64.835  12.967 0.000
308.621528 308.635417  1336.290   66.815  13.363 0.000
309.177083 309.190972  1188.475   59.424  11.885 0.000
309.288194 309.302083  1183.405   59.170  11.834 0.000
309.399306 309.413194  1185.558   59.278  11.856 0.000
309.510417 309.524306  1181.502   59.075  11.815 0.000
309.621528 309.635417  1179.569   58.978  11.796 0.000
309.732639 309.746528  1181.083   59.054  11.811 0.000
309.843750 309.857639  1189.259   59.463  11.893 0.000
309.954861 309.968750  1194.371   59.719  11.944 0.000
310.065972 310.079861  1191.559   59.578  11.916 0.000
310.177083 310.190972  1182.632   59.132  11.826 0.000
310.288194 310.302083  1178.529   58.926  11.785 0.000
310.399306 310.413194  1196.132   59.807  11.961 0.000
310.510417 310.524306  1208.178   60.409  12.082 0.000
310.621528 310.635417  1314.144   65.707  13.141 0.000
310.732639 310.746528  1437.862   71.893  14.379 0.000
310.844444 310.858333  1353.374   67.669  13.534 0.000
310.955556 310.969444  1431.863   71.593  14.319 0.000
311.066667 311.080556  1408.390   70.420  14.084 0.000
311.177778 311.191667  1315.903   65.795  13.159 0.000
311.288889 311.302778  1282.093   64.105  12.821 0.000
311.400000 311.413889  1300.425   65.021  13.004 0.000
311.511111 311.525000  1316.251   65.813  13.163 0.000
311.622222 311.636111  1359.662   67.983  13.597 0.000
311.733333 311.747222  1359.265   67.963  13.593 0.000
311.844444 311.858333  1336.422   66.821  13.364 0.000
311.955556 311.969444  1342.652   67.133  13.427 0.000
312.066667 312.080556  1283.294   64.165  12.833 0.000
312.177778 312.191667  1332.200   66.610  13.322 0.000
312.288889 312.302778 99999.999 9999.999 999.999 0.999
312.400000 312.413889 99999.999 9999.999 999.999 0.999
312.511111 312.525000 99999.999 9999.999 999.999 0.999
312.622222 312.636111  1292.013   64.601  12.920 0.000
312.733333 312.747222  1281.416   64.071  12.814 0.000
312.844444 312.858333  1287.327   64.366  12.873 0.000
312.955556 312.969444  1295.373   64.769  12.954 0.000
313.066667 313.080556  1304.398   65.220  13.044 0.000
313.177778 313.191667  1381.277   69.064  13.813 0.000
313.288889 313.302778  1381.110   69.056  13.811 0.000
313.400000 313.413889  1374.030   68.702  13.740 0.000
313.511111 313.525000  1343.890   67.195  13.439 0.000
313.622222 313.636111  1298.219   64.911  12.982 0.000
313.733333 313.747222  1295.654   64.783  12.957 0.000
314.066667 314.080556  1376.472   68.824  13.765 0.000
314.177778 314.191667  1368.701   68.435  13.687 0.000
314.288889 314.302778  1358.764   67.938  13.588 0.000
314.400000 314.413889  1397.337   69.867  13.973 0.000
314.511111 314.525000  1414.745   70.737  14.147 0.000
314.622222 314.636111  1415.014   70.751  14.150 0.000
314.733333 314.747222  1429.676   71.484  14.297 0.000
314.844444 314.858333  1448.468   72.423  14.485 0.000
314.955556 314.969444  1439.026   71.951  14.390 0.000
315.066667 315.080556  1372.677   68.634  13.727 0.000
315.177778 315.191667 99999.999 9999.999 999.999 0.999
315.303472 315.317361  1353.211   67.661  13.532 0.000
315.414583 315.428472  1307.030   65.352  13.070 0.000
315.525694 315.539583  1306.481   65.324  13.065 0.000
315.636806 315.650694  1301.969   65.098  13.020 0.000
315.747917 315.761806  1309.620   65.481  13.096 0.000
315.859028 315.872917  1360.627   68.031  13.606 0.000
315.970139 315.984028  1373.994   68.700  13.740 0.000
316.081250 316.095139  1389.584   69.479  13.896 0.000
316.192361 316.206250  1346.040   67.302  13.460 0.000
316.303472 316.317361  1424.767   71.238  14.248 0.000
316.414583 316.428472  1475.686   73.784  14.757 0.000
316.525694 316.539583  1494.678   74.734  14.947 0.000
316.636806 316.650694  1443.888   72.194  14.439 0.000
316.747917 316.761806  1418.518   70.926  14.185 0.000
316.859028 316.872917  1383.758   69.188  13.838 0.000
316.970139 316.984028  1345.510   67.276  13.455 0.000
317.081250 317.095139  1339.033   66.952  13.390 0.000
317.192361 317.206250  1344.645   67.232  13.446 0.000
317.303472 317.317361  1363.764   68.188  13.638 0.000
317.415278 317.429167  1364.196   68.210  13.642 0.000
317.526389 317.540278  1375.983   68.799  13.760 0.000
317.637500 317.651389  1366.359   68.318  13.664 0.000
317.748611 317.762500  1358.610   67.931  13.586 0.000
317.859722 317.873611  1467.025   73.351  14.670 0.000
317.970833 317.984722  1587.248   79.362  15.872 0.000
318.081944 318.095833  1492.962   74.648  14.930 0.000
318.193056 318.206944  1485.067   74.253  14.851 0.000
318.304167 318.318056  1349.718   67.486  13.497 0.000
318.415278 318.429167  1354.223   67.711  13.542 0.000
318.526389 318.540278  1329.419   66.471  13.294 0.000
319.081944 319.095833 99999.999 9999.999 999.999 0.999
319.193056 319.206944  1561.240   78.062  15.612 0.000
319.304167 319.318056  1507.824   75.391  15.078 0.000
319.415278 319.429167  1656.498   82.825  16.565 0.000
319.526389 319.540278  1682.302   84.115  16.823 0.000
319.637500 319.651389  1700.094   85.005  17.001 0.000
319.748611 319.762500  1539.094   76.955  15.391 0.000
319.859722 319.873611  1384.235   69.212  13.842 0.000
319.970833 319.984722  1356.180   67.809  13.562 0.000
320.081944 320.095833  1314.751   65.738  13.148 0.000
320.193056 320.206944 99999.999 9999.999 999.999 0.999
320.304167 320.318056  1304.504   65.225  13.045 0.000
320.415278 320.429167  1375.091   68.755  13.751 0.000
320.526389 320.540278  1636.395   81.820  16.364 0.000
320.637500 320.651389  1721.891   86.095  17.219 0.000
320.748611 320.762500  1607.899   80.395  16.079 0.000
321.082639 321.096528  1459.718   72.986  14.597 0.000
321.193750 321.207639  1394.106   69.705  13.941 0.000
321.304861 321.318750  1361.332   68.067  13.613 0.000
321.415972 321.429861  1360.695   68.035  13.607 0.000
321.527083 321.540972  1369.255   68.463  13.693 0.000
321.638194 321.652083  1368.950   68.448  13.690 0.000
321.749306 321.763194  1353.674   67.684  13.537 0.000
321.860417 321.874306  1352.584   67.629  13.526 0.000
321.971528 321.985417  1358.370   67.919  13.584 0.000
322.082639 322.096528  1356.006   67.800  13.560 0.000
322.193750 322.207639  1390.335   69.517  13.903 0.000
322.304861 322.318750  1418.346   70.917  14.183 0.000
322.415972 322.429861  1428.597   71.430  14.286 0.000
322.527083 322.540972  1597.621   79.881  15.976 0.000
322.638194 322.652083  1866.598   93.330  18.666 0.000
322.749306 322.763194  1910.126   95.506  19.101 0.000
322.860417 322.874306  2011.374  100.569  20.114 0.000
322.971528 322.985417  2184.076  109.204  21.841 0.000
323.082639 323.096528  2104.206  105.210  21.042 0.000
323.193750 323.207639  2376.642  118.832  23.766 0.000
323.304861 323.318750  2457.166  122.858  24.572 0.000
323.415972 323.429861  2590.344  129.517  25.903 0.000
323.527083 323.540972  2759.927  137.996  27.599 0.000
323.638194 323.652083  2900.031  145.002  29.000 0.000
323.749306 323.763194  2814.864  140.743  28.149 0.000
323.860417 323.874306  2711.462  135.573  27.115 0.000
323.971528 323.985417  2683.523  134.176  26.835 0.000
324.082639 324.096528  2846.452  142.323  28.465 0.000
324.193750 324.207639  2965.620  148.281  29.656 0.000
