data/obs/c2h6/WDCGG/event/NO0042G.20100901142100.20160520000000.online_gc.ethane.air.5y.2h.NO01L_MEDUSA_ZEP.NO01L_ZEP_MEDUSA.lev2.nas
59 1001
Schmidbauer, Norbert; Lund-Myhre, Cathrine
NO01L, Norwegian Institute for Air Research, NILU, Atmosphere and Climate Department, Instituttveien 18, , 2007, Kjeller, Norway
Fjæraa, Ann Mari
ACTRIS EMEP GAW-WDCRG MOCA NILU
1 1
2010 01 01 2016 05 20
0
days from file reference point
3
1 1 1
9999.999999 99999.999 9.999
end_time of measurement, days from the file reference point
ethane, pmol/mol
numflag ethane, no unit
0
42
Data definition:              EBAS_1.1
Set type code:                TI
Timezone:                     UTC
File name:                    NO0042G.20100901142100.20160520000000.online_gc.ethane.air.5y.2h.NO01L_MEDUSA_ZEP.NO01L_ZEP_MEDUSA.lev2.nas
File creation:                20190306184604
Startdate:                    20100901142100
Revision date:                20160520000000
Version:                      2
Version description:          Manual revision by Chris Lunder
Statistics:                   arithmetic mean
Data level:                   2
Period code:                  5y
Resolution code:              2h
Station code:                 NO0042G
Platform code:                NO0042S
Station name:                 Zeppelin mountain (Ny-Ålesund)
Station WDCA-ID:              GAWANO__ZEP
Station GAW-ID:               ZEP
Station GAW-Name:             Zeppelin Mountain (Ny Ålesund)
Station land use:             Gravel and stone
Station setting:              Polar
Station GAW type:             G
Station WMO region:           6
Station latitude:             78.90715
Station longitude:            11.88668
Station altitude:             474.0m
Measurement height:           15.0m
Regime:                       IMG
Component:                    ethane
Unit:                         pmol/mol
Matrix:                       air
Instrument type:              online_gc
Laboratory code:              NO01L
Instrument name:              MEDUSA_ZEP
Method ref:                   NO01L_ZEP_MEDUSA
Inlet type:                   Hat or hood
Inlet description:            Insulated, heated, long line
Originator:                   Schmidbauer, Norbert, , Norwegian Institute for Air Research, NILU, Atmosphere and Climate Department, Instituttveien 18, , 2007, Kjeller, Norway
Originator:                   Lund-Myhre, Cathrine, clm@nilu.no, Norwegian Institute for Air Research, NILU, Atmosphere and Climate Department, Instituttveien 18, , 2007, Kjeller, Norway
Submitter:                    Fjæraa, Ann Mari, , Norwegian Institute for Air Research, NILU, Atmosphere and Climate Department, Instituttveien 18, , 2007, Kjeller, Norway
Acknowledgement:              Request acknowledgements from Chris Lunder, crl@nilu.no, Norbert Schmidbauer, ns@nilu.no and Ove Hermanssen, oh@nilu.no
starttime endtime C2H6 flag_C2H6
[from data line 2801]
 517.688194  517.702084  1106.003 0.000
 517.771528  517.785417  1091.095 0.000
 517.854861  517.868750  1085.989 0.000
 517.938194  517.952084  1100.380 0.000
 518.021528  518.035417  1122.240 0.000
 518.104861  518.118750  1136.207 0.000
 518.188194  518.202084  1133.272 0.000
 518.271528  518.285417  1134.746 0.000
 518.354861  518.368750  1142.742 0.000
 518.438194  518.452084  1141.882 0.000
 518.521528  518.535417  1156.233 0.000
 518.604861  518.618750  1149.987 0.000
 518.688194  518.702084  1150.412 0.000
 518.771528  518.785417  1154.311 0.000
 518.854861  518.868750  1158.468 0.000
 518.938194  518.952084  1156.157 0.000
 519.022223  519.036112  1156.277 0.000
 519.105556  519.119444  1154.544 0.000
 519.188889  519.202778  1149.677 0.000
 519.272223  519.286112  1146.371 0.000
 519.355556  519.369444  1146.277 0.000
 519.438889  519.452778  1136.338 0.000
 519.522223  519.536112  1143.315 0.000
 519.605556  519.619444  1142.798 0.000
 519.688889  519.702778  1142.287 0.000
 519.772223  519.786112  1137.670 0.000
 519.855556  519.869444  1141.741 0.000
 520.438889  520.452778  1125.142 0.000
 520.522223  520.536112  1100.850 0.000
 520.605556  520.619444  1109.821 0.000
 520.688889  520.702778  1107.776 0.000
 520.772223  520.786112  1108.433 0.000
 520.855556  520.869444  1099.848 0.000
 521.147223  521.161112  1056.529 0.000
 521.230556  521.244444  1044.785 0.000
 521.313889  521.327778  1047.677 0.000
 521.397223  521.411112  1043.764 0.000
 521.480556  521.494444  1064.816 0.000
 521.563889  521.577778  1070.364 0.000
 521.647223  521.661112  1113.171 0.000
 521.730556  521.744444  1118.165 0.000
 521.813889  521.827778  1110.960 0.000
 521.897223  521.911112  1092.467 0.000
 521.980556  521.994444  1086.576 0.000
 522.063889  522.077778  1083.008 0.000
 522.147223  522.161112  1083.114 0.000
 522.230556  522.244444  1076.718 0.000
 522.313889  522.327778  1070.975 0.000
 522.397223  522.411112  1040.678 0.000
 522.480556  522.494444  1012.196 0.000
 522.563889  522.577778   989.748 0.000
 522.647223  522.661112   994.405 0.000
 522.730556  522.744444  1004.811 0.000
 522.813889  522.827778   988.274 0.000
 522.897223  522.911112   969.240 0.000
 522.980556  522.994444   953.328 0.000
 523.063889  523.077778   937.211 0.000
 523.147223  523.161112   926.640 0.000
 523.230556  523.244444   928.851 0.000
 523.313889  523.327778   928.920 0.000
 523.397223  523.411112   931.583 0.000
 523.480556  523.494444   925.859 0.000
 523.563889  523.577778   921.821 0.000
 523.647223  523.661112   918.449 0.000
 523.730556  523.744444   911.335 0.000
 523.813889  523.827778   900.646 0.000
 523.897223  523.911112   898.049 0.000
 523.980556  523.994444   895.713 0.000
 524.063889  524.077778   897.050 0.000
 524.147223  524.161112   899.574 0.000
 524.230556  524.244444   904.598 0.000
 524.313889  524.327778   912.756 0.000
 524.397223  524.411112   911.716 0.000
 524.480556  524.494444   889.618 0.000
 524.563889  524.577778   894.759 0.000
 524.647917  524.661806   893.092 0.000
 524.731250  524.745139   890.001 0.000
 524.814584  524.828473   901.428 0.000
 524.897917  524.911806   892.176 0.000
 524.981250  524.995139   891.477 0.000
 525.064584  525.078473   885.485 0.000
 525.147917  525.161806   886.333 0.000
 525.231250  525.245139   887.430 0.000
 525.314584  525.328473   897.590 0.000
 525.397917  525.411806   900.067 0.000
 525.481250  525.495139   894.320 0.000
 525.564584  525.578473   888.274 0.000
 525.647917  525.661806   887.299 0.000
 525.731250  525.745139   895.663 0.000
 525.814584  525.828473   893.842 0.000
 525.897917  525.911806   900.613 0.000
 525.981250  525.995139   901.792 0.000
 526.064584  526.078473   900.022 0.000
 526.147917  526.161806   896.648 0.000
 526.231250  526.245139   900.223 0.000
 526.314584  526.328473   904.052 0.000
 526.397917  526.411806   926.492 0.000
 526.481250  526.495139   950.184 0.000
 526.564584  526.578473   970.091 0.000
 526.647917  526.661806   962.971 0.000
 526.731250  526.745139   972.927 0.000
 526.814584  526.828473   966.119 0.000
 527.397917  527.411806   951.965 0.000
 527.481250  527.495139   938.613 0.000
 527.564584  527.578473   933.805 0.000
 527.647917  527.661806   933.799 0.000
 527.731250  527.745139   927.657 0.000
 527.814584  527.828473   910.612 0.000
 528.106250  528.120139   933.395 0.000
 528.189584  528.203473   934.549 0.000
 528.272917  528.286806   930.522 0.000
 528.356250  528.370139   912.426 0.000
 528.439584  528.453473   937.890 0.000
 528.522917  528.536806   936.678 0.000
 528.606250  528.620139   937.572 0.000
 528.689584  528.703473   944.631 0.000
 528.772917  528.786806   942.608 0.000
 528.856250  528.870139   934.298 0.000
 528.939584  528.953473   937.397 0.000
 529.022917  529.036806   940.903 0.000
 529.106250  529.120139   942.614 0.000
 529.189584  529.203473   939.522 0.000
 529.272917  529.286806   953.133 0.000
 529.356250  529.370139   953.408 0.000
 529.439584  529.453473   940.779 0.000
 529.522917  529.536806   941.914 0.000
 529.606250  529.620139   915.499 0.000
 529.689584  529.703473   939.683 0.000
 529.772917  529.786806   932.201 0.000
 529.856250  529.870139   907.516 0.000
 529.939584  529.953473   866.073 0.000
 530.022917  530.036806   856.436 0.000
 530.106250  530.120139   866.054 0.000
 530.190278  530.204167   854.086 0.000
 530.273611  530.287500   868.917 0.000
 530.356944  530.370834   871.485 0.000
 530.440278  530.454167   849.323 0.000
 530.523611  530.537500   872.096 0.000
 530.606944  530.620834   871.480 0.000
 530.690278  530.704167   849.770 0.000
 530.773611  530.787500   855.333 0.000
 530.856944  530.870834   861.846 0.000
 530.940278  530.954167   861.317 0.000
 531.023611  531.037500   854.897 0.000
 531.106944  531.120834   855.346 0.000
 531.190278  531.204167   855.338 0.000
 531.273611  531.287500   861.478 0.000
 532.442361  532.456250 99999.999 0.999
 532.525694  532.539584 99999.999 0.999
 532.609028  532.622917   887.544 0.000
 532.692361  532.706250 99999.999 0.999
 532.775694  532.789584   877.591 0.000
 532.859028  532.872917   876.846 0.000
 532.942361  532.956250   878.404 0.000
 533.025694  533.039584   879.995 0.000
 533.109028  533.122917   878.386 0.000
 533.192361  533.206250   878.507 0.000
 533.275694  533.289584   880.802 0.000
 533.359028  533.372917   873.453 0.000
 533.442361  533.456250   878.946 0.000
 533.525694  533.539584   870.510 0.000
 533.609028  533.622917   865.863 0.000
 533.692361  533.706250   862.049 0.000
 533.775694  533.789584   858.619 0.000
 533.859028  533.872917   860.894 0.000
 534.442361  534.456250   853.313 0.000
 534.526389  534.540278   858.818 0.000
 534.609723  534.623612   853.094 0.000
 534.693056  534.706944   877.604 0.000
 534.776389  534.790278   876.718 0.000
 534.859723  534.873612   870.883 0.000
 535.151389  535.165278   858.979 0.000
 535.234723  535.248612   845.819 0.000
 535.318056  535.331944   851.005 0.000
 535.401389  535.415278   848.864 0.000
 535.484723  535.498612   860.096 0.000
 535.568056  535.581944   857.597 0.000
 535.651389  535.665278   851.162 0.000
 535.734723  535.748612   836.522 0.000
 535.818056  535.831944   833.363 0.000
 535.901389  535.915278   837.070 0.000
 535.984723  535.998612   820.601 0.000
 536.068056  536.081944   838.403 0.000
 536.151389  536.165278   834.933 0.000
 536.234723  536.248612   835.096 0.000
 536.318056  536.331944   825.048 0.000
 536.401389  536.415278   834.192 0.000
 536.484723  536.498612   851.591 0.000
 536.568056  536.581944   844.094 0.000
 536.651389  536.665278   814.948 0.000
 536.734723  536.748612   828.006 0.000
 536.818056  536.831944   826.469 0.000
 536.901389  536.915278   840.647 0.000
 536.984723  536.998612   826.096 0.000
 537.068056  537.081944   832.937 0.000
 537.151389  537.165278   829.463 0.000
 537.234723  537.248612 99999.999 0.999
 537.318056  537.331944 99999.999 0.999
 537.401389  537.415278   894.583 0.000
 537.484723  537.498612   885.969 0.000
 537.568056  537.581944   887.084 0.000
 537.651389  537.665278   883.929 0.000
 537.734723  537.748612   884.582 0.000
 537.818056  537.831944   885.060 0.000
 537.901389  537.915278   888.064 0.000
 537.984723  537.998612   904.415 0.000
 538.068056  538.081944   906.646 0.000
 538.151389  538.165278   910.279 0.000
 538.234723  538.248612   911.162 0.000
 538.318056  538.331944   913.377 0.000
 538.401389  538.415278   920.781 0.000
 538.484723  538.498612   913.877 0.000
 538.568056  538.581944   905.165 0.000
 538.651389  538.665278   912.759 0.000
 538.734723  538.748612   914.053 0.000
 538.818056  538.831944   912.346 0.000
 538.901389  538.915278   907.501 0.000
 538.984723  538.998612   906.910 0.000
 539.068056  539.081944   903.856 0.000
 539.151389  539.165278   914.525 0.000
 539.234723  539.248612 99999.999 0.999
 539.318056  539.331944   901.495 0.000
 539.401389  539.415278   899.359 0.000
 539.484723  539.498612   894.922 0.000
 539.568056  539.581944   890.987 0.000
 539.652084  539.665973   892.715 0.000
 539.735417  539.749306   896.170 0.000
 539.818750  539.832639   892.252 0.000
 539.902084  539.915973   882.713 0.000
 539.985417  539.999306   878.951 0.000
 540.068750  540.082639   887.617 0.000
 540.152084  540.165973   886.918 0.000
 540.235417  540.249306   882.940 0.000
 540.318750  540.332639   879.737 0.000
 540.402084  540.415973   878.711 0.000
 540.485417  540.499306   884.577 0.000
 540.568750  540.582639   882.691 0.000
 540.652084  540.665973   857.408 0.000
 540.735417  540.749306   868.463 0.000
 540.818750  540.832639   877.966 0.000
 541.402084  541.415973   881.670 0.000
 541.485417  541.499306 99999.999 0.999
 541.568750  541.582639   879.341 0.000
 541.652084  541.665973   877.658 0.000
 541.735417  541.749306   877.190 0.000
 541.818750  541.832639   878.365 0.000
 542.110417  542.124306   882.929 0.000
 542.193750  542.207639 99999.999 0.999
 542.277084  542.290973 99999.999 0.999
 542.360417  542.374306   878.466 0.000
 542.443750  542.457639   877.608 0.000
 542.527084  542.540973   881.288 0.000
 542.610417  542.624306   880.686 0.000
 542.693750  542.707639   880.494 0.000
 542.777084  542.790973   880.317 0.000
 542.860417  542.874306   875.341 0.000
 542.943750  542.957639   869.511 0.000
 543.027084  543.040973   859.807 0.000
 543.110417  543.124306   853.453 0.000
 543.193750  543.207639   848.827 0.000
 543.277084  543.290973   841.251 0.000
 543.360417  543.374306   830.990 0.000
 543.443750  543.457639   809.473 0.000
 543.527084  543.540973   811.620 0.000
 543.610417  543.624306   815.689 0.000
 543.693750  543.707639   817.998 0.000
 543.777084  543.790973   809.789 0.000
 543.860417  543.874306   813.590 0.000
 543.943750  543.957639   831.691 0.000
 544.027084  544.040973   820.859 0.000
 544.110417  544.124306   819.555 0.000
 544.193750  544.207639   820.620 0.000
 544.277084  544.290973   823.440 0.000
 544.360417  544.374306   828.319 0.000
 544.443750  544.457639   826.887 0.000
 544.527084  544.540973   826.656 0.000
 544.610417  544.624306   830.307 0.000
 544.693750  544.707639   828.910 0.000
 544.777084  544.790973   837.372 0.000
 544.860417  544.874306   837.097 0.000
 544.943750  544.957639   836.139 0.000
 545.027084  545.040973   832.321 0.000
 545.110417  545.124306   830.705 0.000
 545.194444  545.208334   829.195 0.000
 545.277778  545.291667   827.086 0.000
 545.361111  545.375000   827.833 0.000
 545.444444  545.458334   824.956 0.000
 545.527778  545.541667   827.511 0.000
 545.611111  545.625000   823.051 0.000
 545.694444  545.708334   819.009 0.000
 545.777778  545.791667   820.942 0.000
 545.861111  545.875000   820.892 0.000
 545.994444  546.008334   821.735 0.000
 546.077778  546.091667   822.367 0.000
 546.161111  546.175000   821.713 0.000
 546.244444  546.258334   819.712 0.000
 546.327778  546.341667   817.631 0.000
 546.411111  546.425000   818.923 0.000
 546.494444  546.508334   814.193 0.000
 546.577778  546.591667 99999.999 0.999
 546.661111  546.675000   815.732 0.000
 546.744444  546.758334   813.845 0.000
 546.827778  546.841667   813.663 0.000
 546.911111  546.925000   813.965 0.000
 546.994444  547.008334 99999.999 0.999
 547.077778  547.091667   818.127 0.000
 547.161111  547.175000   821.281 0.000
 547.244444  547.258334   816.179 0.000
 547.327778  547.341667   814.284 0.000
 547.411111  547.425000   814.515 0.000
 547.494444  547.508334   811.442 0.000
 547.577778  547.591667   808.858 0.000
 547.661111  547.675000   809.650 0.000
 547.744444  547.758334   807.428 0.000
 547.827778  547.841667   809.059 0.000
 549.438194  549.452084   794.862 0.000
 549.521528  549.535417   796.001 0.000
 549.604861  549.618750   781.842 0.000
 549.688194  549.702084   774.721 0.000
 549.771528  549.785417   779.083 0.000
 549.854861  549.868750   780.625 0.000
 550.438194  550.452084   803.639 0.000
 550.521528  550.535417   798.235 0.000
 550.604861  550.618750   798.249 0.000
 550.688194  550.702084   796.474 0.000
 550.771528  550.785417   799.628 0.000
 550.854861  550.868750   797.411 0.000
 550.938194  550.952084   795.750 0.000
 551.021528  551.035417   794.246 0.000
 551.104861  551.118750   792.287 0.000
 551.188194  551.202084   786.821 0.000
 551.271528  551.285417   788.641 0.000
 551.354861  551.368750   792.354 0.000
 551.438194  551.452084   794.703 0.000
 551.521528  551.535417   793.208 0.000
 551.604861  551.618750   803.673 0.000
 551.688194  551.702084   808.879 0.000
 551.771528  551.785417   800.527 0.000
 551.854861  551.868750   812.520 0.000
 551.938194  551.952084   820.001 0.000
 552.021528  552.035417   811.975 0.000
 552.104861  552.118750   787.476 0.000
 552.188194  552.202084   784.228 0.000
 552.271528  552.285417   761.724 0.000
 552.354861  552.368750   764.570 0.000
 552.438194  552.452084   752.189 0.000
 552.521528  552.535417   759.908 0.000
 552.604861  552.618750   761.184 0.000
 552.688194  552.702084   769.026 0.000
 552.771528  552.785417   776.392 0.000
 552.854861  552.868750   789.723 0.000
 553.146528  553.160417   804.489 0.000
 553.229861  553.243750   803.630 0.000
 553.313194  553.327084   803.024 0.000
 553.396528  553.410417   794.177 0.000
 553.479861  553.493750   785.803 0.000
 553.563194  553.577084   783.626 0.000
 553.646528  553.660417   788.425 0.000
 553.729861  553.743750   794.351 0.000
 553.813194  553.827084   787.016 0.000
 553.896528  553.910417 99999.999 0.999
 553.979861  553.993750   793.014 0.000
 554.063194  554.077084   797.214 0.000
 554.146528  554.160417   796.541 0.000
 554.229861  554.243750   781.599 0.000
 554.313194  554.327084   785.220 0.000
 554.397223  554.411112   781.532 0.000
 554.480556  554.494444   779.149 0.000
 554.563889  554.577778   784.074 0.000
 554.647223  554.661112   786.208 0.000
 554.730556  554.744444   780.331 0.000
 554.813889  554.827778   779.962 0.000
 554.897223  554.911112   782.790 0.000
 554.980556  554.994444   780.131 0.000
 555.063889  555.077778   779.669 0.000
 555.147223  555.161112   769.346 0.000
 555.230556  555.244444   769.009 0.000
 555.313889  555.327778   763.597 0.000
 555.397223  555.411112   785.755 0.000
 555.480556  555.494444   780.475 0.000
 555.563889  555.577778   791.124 0.000
 555.647223  555.661112   788.027 0.000
 555.730556  555.744444   787.252 0.000
 555.813889  555.827778   796.902 0.000
 555.897223  555.911112   805.725 0.000
 555.980556  555.994444   796.885 0.000
 556.063889  556.077778   825.859 0.000
 556.147223  556.161112   831.915 0.000
 556.230556  556.244444   828.685 0.000
 556.313889  556.327778 99999.999 0.999
 556.397223  556.411112   874.653 0.000
 556.480556  556.494444   881.869 0.000
 556.563889  556.577778   828.269 0.000
 556.647223  556.661112   798.818 0.000
 556.730556  556.744444   780.056 0.000
 556.813889  556.827778   787.803 0.000
 557.397223  557.411112   791.633 0.000
 557.480556  557.494444   783.176 0.000
 557.563889  557.577778   770.000 0.000
