data/obs/c2h6/WDCGG/event/NO0042G.20170101033500.20180323000000.online_gc.ethane.air.1y.3h.NO01L_Medusa-9.NO01L_AGAGE.lev2.nas
75 1001
Schmidbauer, Norbert; Lunder, Chris
NO01L, Norwegian Institute for Air Research, NILU, Atmosphere and Climate Department, Instituttveien 18, , 2007, Kjeller, Norway
Schmidbauer, Norbert; Lunder, Chris
ACTRIS EMEP GAW-WDCRG
1 1
2017 01 01 2018 03 23
0
days from file reference point
5
1 1 1 1 1
999.999999 99999.999 9999.999 999.999 9.999
end_time of measurement, days from the file reference point
ethane, pmol/mol, Statistics=arithmetic mean, Detection limit=1.0 pmol/mol
ethane, pmol/mol, Statistics=expanded uncertainty 2sigma
ethane, pmol/mol, Statistics=precision
numflag, no unit
0
56
Data definition:              EBAS_1.1
Set type code:                TI
Timezone:                     UTC
File name:                    NO0042G.20170101033500.20180323000000.online_gc.ethane.air.1y.3h.NO01L_Medusa-9.NO01L_AGAGE.lev2.nas
File creation:                20190306184605
Startdate:                    20170101033500
Revision date:                20180323000000
Version:                      1
Version description:          initial revision, manually inspected
Data level:                   2
Period code:                  1y
Resolution code:              3h
Sample duration:              20mn
Orig. time res.:              20mn
Station code:                 NO0042G
Platform code:                NO0042S
Station name:                 Zeppelin mountain (Ny-Ålesund)
Station WDCA-ID:              GAWANO__ZEP
Station GAW-ID:               ZEP
Station GAW-Name:             Zeppelin Mountain (Ny Ålesund)
Station land use:             Gravel and stone
Station setting:              Polar
Station GAW type:             G
Station WMO region:           6
Station latitude:             78.90715
Station longitude:            11.88668
Station altitude:             474.0m
Measurement altitude:         474.0m
Measurement height:           10.0m
Regime:                       IMG
Component:                    ethane
Unit:                         pmol/mol
Matrix:                       air
Instrument type:              online_gc
Laboratory code:              NO01L
Instrument name:              Medusa-9
Instrument manufacturer:      AGAGE+Agilent+Agilent
Instrument model:             MEDUSA+6890N+5975B
Instrument serial number:     70810508
Method ref:                   NO01L_AGAGE
Standard method:              SOP=ACTRIS_VOC_2014
Calibration scale:            SIO2005
Calibration standard ID:      Scipps NMHC Gold
Inlet type:                   Hat or hood
Inlet description:            heated inlet line from 15m tower,stainless steel line,large flow
Detection limit expl.:        Detection limit determined by peak area statistics
Measurement uncertainty expl.: "Includes reproducibility (precision) + systematic errors (accuracy).Zeppelin Medusa did not participate at Actris Round Robin - but Kjeller Medusa Ref:http://www.atmos-meas-tech.net/8/2715/2015/"
Zero/negative values code:    Zero/negative impossible
Zero/negative values:         Zero and neg. values do not appear , background air will allways have hihger mixing ratios than the detection limits of the reported hydrocarbons
Originator:                   Schmidbauer, Norbert, , Norwegian Institute for Air Research, NILU, Atmosphere and Climate Department, Instituttveien 18, , 2007, Kjeller, Norway
Originator:                   Lunder, Chris, crl@nilu.no, Norwegian Institute for Air Research, NILU, Atmosphere and Climate Department, Instituttveien 18, , 2007, Kjeller, Norway
Submitter:                    Schmidbauer, Norbert, , Norwegian Institute for Air Research, NILU, Atmosphere and Climate Department, Instituttveien 18, , 2007, Kjeller, Norway
Submitter:                    Lunder, Chris, crl@nilu.no, Norwegian Institute for Air Research, NILU, Atmosphere and Climate Department, Instituttveien 18, , 2007, Kjeller, Norway
Acknowledgement:              Request acknowledgement details from data originator
Comment:                      Preconcentration MEDUSA, permapure nafion drier,trap material Hayesep D,routine sequence is working standard - sample - working standard, sample volume 2 liter
starttime endtime C2H6 C2H6 C2H6 flag
[from data line 582]
 80.000000  80.013889  2412.401  120.620  24.124 0.000
 80.125000  80.138889  2445.546  122.277  24.455 0.000
 80.250000  80.263889  2410.712  120.536  24.107 0.000
 80.375000  80.388889  2340.733  117.037  23.407 0.000
 80.500000  80.513889  2343.214  117.161  23.432 0.000
 81.125000  81.138889  2305.043  115.252  23.050 0.000
 81.250000  81.263889  2360.531  118.027  23.605 0.000
 81.375000  81.388889  2457.670  122.884  24.577 0.000
 81.500000  81.513889  2450.102  122.505  24.501 0.000
 81.625000  81.638889  2447.960  122.398  24.480 0.000
 81.750000  81.763889  2434.731  121.737  24.347 0.000
 82.125694  82.139583  2531.741  126.587  25.317 0.000
 82.250694  82.264583  2552.313  127.616  25.523 0.000
 82.375694  82.389583  2535.773  126.789  25.358 0.000
 82.500694  82.514583  2541.061  127.053  25.411 0.000
 82.625694  82.639583  2547.474  127.374  25.475 0.000
 82.750694  82.764583  2513.233  125.662  25.132 0.000
 82.875694  82.889583  2868.400  143.420  28.684 0.000
 83.000694  83.014583  2681.417  134.071  26.814 0.000
 83.125694  83.139583  2609.624  130.481  26.096 0.000
 83.250694  83.264583  2556.347  127.817  25.563 0.000
 83.375694  83.389583  2456.878  122.844  24.569 0.000
 83.500694  83.514583  2444.836  122.242  24.448 0.000
 83.625694  83.639583  2521.566  126.078  25.216 0.000
 83.750694  83.764583  2491.717  124.586  24.917 0.000
 83.875694  83.889583  2492.607  124.630  24.926 0.000
 84.000694  84.014583  2517.563  125.878  25.176 0.000
 84.125694  84.139583  2459.055  122.953  24.591 0.000
 84.250694  84.264583  2405.422  120.271  24.054 0.000
 84.375694  84.389583  2397.531  119.877  23.975 0.000
 84.500694  84.514583  2266.390  113.320  22.664 0.000
 84.625694  84.639583  2238.721  111.936  22.387 0.000
 84.750694  84.764583  2191.523  109.576  21.915 0.000
 84.875694  84.889583  2283.317  114.166  22.833 0.000
 85.000694  85.014583  2316.390  115.820  23.164 0.000
 85.125694  85.139583  2315.016  115.751  23.150 0.000
 85.250694  85.264583  2475.285  123.764  24.753 0.000
 85.375694  85.389583  2340.799  117.040  23.408 0.000
 85.500694  85.514583  2330.838  116.542  23.308 0.000
 85.625694  85.639583  2323.685  116.184  23.237 0.000
 85.750694  85.764583  2358.448  117.922  23.584 0.000
 85.875694  85.889583  2289.872  114.494  22.899 0.000
 86.000694  86.014583  2316.067  115.803  23.161 0.000
 86.125694  86.139583  2350.489  117.524  23.505 0.000
 86.250694  86.264583  2356.533  117.827  23.565 0.000
 86.375694  86.389583  2369.759  118.488  23.698 0.000
 86.500694  86.514583  2361.677  118.084  23.617 0.000
 86.625694  86.639583  2423.672  121.184  24.237 0.000
 86.750694  86.764583  2429.685  121.484  24.297 0.000
 86.875694  86.889583  2332.291  116.615  23.323 0.000
 87.001389  87.015278  2452.545  122.627  24.525 0.000
 87.126389  87.140278  2460.188  123.009  24.602 0.000
 87.251389  87.265278  2481.765  124.088  24.818 0.000
 87.376389  87.390278  2435.260  121.763  24.353 0.000
 87.501389  87.515278  2431.597  121.580  24.316 0.000
 88.126389  88.140278  2430.039  121.502  24.300 0.000
 88.251389  88.265278  2414.309  120.715  24.143 0.000
 88.376389  88.390278  2397.421  119.871  23.974 0.000
 88.501389  88.515278  2441.250  122.063  24.413 0.000
 88.626389  88.640278  2460.064  123.003  24.601 0.000
 88.751389  88.765278  2450.420  122.521  24.504 0.000
 89.126389  89.140278  2163.014  108.151  21.630 0.000
 89.251389  89.265278  2298.156  114.908  22.982 0.000
 89.376389  89.390278  2128.861  106.443  21.289 0.000
 89.501389  89.515278  1971.538   98.577  19.715 0.000
 89.626389  89.640278  1932.241   96.612  19.322 0.000
 89.751389  89.765278  1857.834   92.892  18.578 0.000
 89.876389  89.890278  1807.992   90.400  18.080 0.000
 90.001389  90.015278  1799.802   89.990  17.998 0.000
 90.126389  90.140278  1849.262   92.463  18.493 0.000
 90.251389  90.265278  1918.391   95.920  19.184 0.000
 90.376389  90.390278  2136.287  106.814  21.363 0.000
 90.501389  90.515278  2423.855  121.193  24.239 0.000
 90.626389  90.640278  2556.104  127.805  25.561 0.000
 90.751389  90.765278  2646.917  132.346  26.469 0.000
 90.876389  90.890278  2356.236  117.812  23.562 0.000
 91.001389  91.015278  2268.816  113.441  22.688 0.000
 91.126389  91.140278  2314.376  115.719  23.144 0.000
 91.251389  91.265278  2290.875  114.544  22.909 0.000
 91.376389  91.390278  2335.295  116.765  23.353 0.000
 91.501389  91.515278  2355.302  117.765  23.553 0.000
 91.626389  91.640278  2286.800  114.340  22.868 0.000
 91.752083  91.765972  2313.139  115.657  23.131 0.000
 91.877083  91.890972  2277.654  113.883  22.777 0.000
 92.002083  92.015972  2266.549  113.327  22.665 0.000
 92.127083  92.140972  2277.515  113.876  22.775 0.000
 92.252083  92.265972  2262.643  113.132  22.626 0.000
 92.377083  92.390972  2279.047  113.952  22.790 0.000
 92.502083  92.515972  2273.139  113.657  22.731 0.000
 92.627083  92.640972  2257.222  112.861  22.572 0.000
 92.752083  92.765972  2278.051  113.903  22.781 0.000
 92.877083  92.890972  2313.819  115.691  23.138 0.000
 93.002083  93.015972  2335.979  116.799  23.360 0.000
 93.127083  93.140972  2353.760  117.688  23.538 0.000
 93.252083  93.265972  2408.088  120.404  24.081 0.000
 93.377083  93.390972  2338.021  116.901  23.380 0.000
 93.502083  93.515972  2321.107  116.055  23.211 0.000
 93.887500  93.901389 99999.999 9999.999 999.999 0.999
 94.012500  94.026389  2476.585  123.829  24.766 0.000
 94.137500  94.151389  2317.765  115.888  23.178 0.000
 94.262500  94.276389  2200.197  110.010  22.002 0.000
 94.387500  94.401389  2269.528  113.476  22.695 0.000
 94.512500  94.526389  2317.744  115.887  23.177 0.000
 95.137500  95.151389  2377.812  118.891  23.778 0.000
 95.262500  95.276389  2553.261  127.663  25.533 0.000
 95.387500  95.401389  2575.605  128.780  25.756 0.000
 95.512500  95.526389  2429.792  121.490  24.298 0.000
 95.637500  95.651389  2407.114  120.356  24.071 0.000
 95.762500  95.776389  2437.961  121.898  24.380 0.000
 96.137500  96.151389  2514.417  125.721  25.144 0.000
 96.262500  96.276389  2526.607  126.330  25.266 0.000
 96.387500  96.401389 99999.999 9999.999 999.999 0.999
 96.512500  96.526389  2514.018  125.701  25.140 0.000
 96.637500  96.651389  2510.773  125.539  25.108 0.000
 96.762500  96.776389  2509.134  125.457  25.091 0.000
 96.887500  96.901389  2511.906  125.595  25.119 0.000
 97.012500  97.026389 99999.999 9999.999 999.999 0.999
 97.137500  97.151389 99999.999 9999.999 999.999 0.999
 97.262500  97.276389 99999.999 9999.999 999.999 0.999
 97.387500  97.401389 99999.999 9999.999 999.999 0.999
 97.512500  97.526389 99999.999 9999.999 999.999 0.999
 97.637500  97.651389 99999.999 9999.999 999.999 0.999
 97.762500  97.776389 99999.999 9999.999 999.999 0.999
 97.887500  97.901389 99999.999 9999.999 999.999 0.999
 98.012500  98.026389 99999.999 9999.999 999.999 0.999
 98.137500  98.151389 99999.999 9999.999 999.999 0.999
 98.262500  98.276389 99999.999 9999.999 999.999 0.999
 98.387500  98.401389 99999.999 9999.999 999.999 0.999
 98.512500  98.526389 99999.999 9999.999 999.999 0.999
 98.637500  98.651389 99999.999 9999.999 999.999 0.999
 98.762500  98.776389 99999.999 9999.999 999.999 0.999
 98.888194  98.902083 99999.999 9999.999 999.999 0.999
 99.013194  99.027083 99999.999 9999.999 999.999 0.999
 99.138194  99.152083 99999.999 9999.999 999.999 0.999
 99.263194  99.277083 99999.999 9999.999 999.999 0.999
 99.388194  99.402083 99999.999 9999.999 999.999 0.999
 99.513194  99.527083 99999.999 9999.999 999.999 0.999
 99.638194  99.652083 99999.999 9999.999 999.999 0.999
100.597222 100.611111 99999.999 9999.999 999.999 0.999
100.821528 100.835417  2319.736  115.987  23.197 0.000
100.946528 100.960417  2303.543  115.177  23.035 0.000
101.071528 101.085417  2306.364  115.318  23.064 0.000
101.196528 101.210417  2303.074  115.154  23.031 0.000
101.321528 101.335417  2315.305  115.765  23.153 0.000
101.446528 101.460417  2315.284  115.764  23.153 0.000
101.571528 101.585417  2301.045  115.052  23.010 0.000
102.196528 102.210417  2293.618  114.681  22.936 0.000
102.321528 102.335417  2252.653  112.633  22.527 0.000
102.446528 102.460417  2464.957  123.248  24.650 0.000
102.571528 102.585417  2304.931  115.247  23.049 0.000
102.696528 102.710417  2298.502  114.925  22.985 0.000
102.822222 102.836111  2287.159  114.358  22.872 0.000
103.197222 103.211111  1996.215   99.811  19.962 0.000
103.322222 103.336111  2054.021  102.701  20.540 0.000
103.447222 103.461111  2036.880  101.844  20.369 0.000
103.572222 103.586111  2059.106  102.955  20.591 0.000
103.697222 103.711111  2052.433  102.622  20.524 0.000
103.822222 103.836111  2066.523  103.326  20.665 0.000
103.947222 103.961111  2077.915  103.896  20.779 0.000
104.072222 104.086111  2134.558  106.728  21.346 0.000
104.197222 104.211111  2097.904  104.895  20.979 0.000
104.322222 104.336111  2050.099  102.505  20.501 0.000
104.447222 104.461111  2092.359  104.618  20.924 0.000
104.572222 104.586111  2106.665  105.333  21.067 0.000
104.697222 104.711111  2073.483  103.674  20.735 0.000
104.822222 104.836111  1977.199   98.860  19.772 0.000
104.947222 104.961111  2022.657  101.133  20.227 0.000
105.072222 105.086111  2135.271  106.764  21.353 0.000
105.197222 105.211111  1968.327   98.416  19.683 0.000
105.386111 105.400000  2139.763  106.988  21.398 0.000
105.511111 105.525000  2146.690  107.335  21.467 0.000
105.636111 105.650000  2125.895  106.295  21.259 0.000
105.761111 105.775000  2168.223  108.411  21.682 0.000
105.886111 105.900000  2172.159  108.608  21.722 0.000
106.011111 106.025000  2143.135  107.157  21.431 0.000
106.136111 106.150000  2135.166  106.758  21.352 0.000
106.261111 106.275000  2139.742  106.987  21.397 0.000
106.386111 106.400000  2139.216  106.961  21.392 0.000
106.511111 106.525000  2095.822  104.791  20.958 0.000
106.636111 106.650000  2096.675  104.834  20.967 0.000
106.761111 106.775000  2070.161  103.508  20.702 0.000
106.886111 106.900000  2055.083  102.754  20.551 0.000
107.011111 107.025000  2028.197  101.410  20.282 0.000
107.136111 107.150000 99999.999 9999.999 999.999 0.999
107.261111 107.275000  2193.396  109.670  21.934 0.000
107.386111 107.400000 99999.999 9999.999 999.999 0.999
107.670833 107.684722 99999.999 9999.999 999.999 0.999
107.795833 107.809722 99999.999 9999.999 999.999 0.999
107.920833 107.934722  1972.171   98.609  19.722 0.000
108.045833 108.059722  1977.696   98.885  19.777 0.000
108.170833 108.184722  1741.785   87.089  17.418 0.000
108.295833 108.309722 99999.999 9999.999 999.999 0.999
108.420833 108.434722 99999.999 9999.999 999.999 0.999
108.545833 108.559722 99999.999 9999.999 999.999 0.999
108.670833 108.684722 99999.999 9999.999 999.999 0.999
108.795833 108.809722  1879.098   93.955  18.791 0.000
108.920833 108.934722  2183.536  109.177  21.835 0.000
109.045833 109.059722  2180.135  109.007  21.801 0.000
109.170833 109.184722  1885.556   94.278  18.856 0.000
109.295833 109.309722  2008.332  100.417  20.083 0.000
109.421528 109.435417  1992.990   99.650  19.930 0.000
109.546528 109.560417  1975.213   98.761  19.752 0.000
110.171528 110.185417  1996.784   99.839  19.968 0.000
110.296528 110.310417  1830.811   91.541  18.308 0.000
110.421528 110.435417  1770.414   88.521  17.704 0.000
110.546528 110.560417  1789.405   89.470  17.894 0.000
110.671528 110.685417  1775.701   88.785  17.757 0.000
110.796528 110.810417  1743.238   87.162  17.432 0.000
111.171528 111.185417  1908.773   95.439  19.088 0.000
111.296528 111.310417 99999.999 9999.999 999.999 0.999
111.421528 111.435417  1812.746   90.637  18.127 0.000
111.546528 111.560417  1921.809   96.090  19.218 0.000
111.671528 111.685417  1911.960   95.598  19.120 0.000
111.796528 111.810417  1843.403   92.170  18.434 0.000
111.921528 111.935417  1816.032   90.802  18.160 0.000
112.046528 112.060417  1732.108   86.605  17.321 0.000
112.171528 112.185417  1733.007   86.650  17.330 0.000
112.296528 112.310417  1675.912   83.796  16.759 0.000
112.421528 112.435417  1732.713   86.636  17.327 0.000
112.546528 112.560417  1776.472   88.824  17.765 0.000
112.671528 112.685417  1745.090   87.255  17.451 0.000
112.796528 112.810417  1698.721   84.936  16.987 0.000
112.921528 112.935417  1693.968   84.698  16.940 0.000
113.046528 113.060417  1712.280   85.614  17.123 0.000
113.171528 113.185417  1647.638   82.382  16.476 0.000
113.296528 113.310417  1723.990   86.200  17.240 0.000
113.421528 113.435417 99999.999 9999.999 999.999 0.999
113.946528 113.960417 99999.999 9999.999 999.999 0.999
114.071528 114.085417 99999.999 9999.999 999.999 0.999
114.196528 114.210417 99999.999 9999.999 999.999 0.999
114.428472 114.442361 99999.999 9999.999 999.999 0.999
114.553472 114.567361  1825.822   91.291  18.258 0.000
114.678472 114.692361  1755.005   87.750  17.550 0.000
114.803472 114.817361  1514.488   75.724  15.145 0.000
114.928472 114.942361  1613.710   80.686  16.137 0.000
115.053472 115.067361  1641.258   82.063  16.413 0.000
115.178472 115.192361  1667.564   83.378  16.676 0.000
115.303472 115.317361 99999.999 9999.999 999.999 0.999
115.442361 115.456250  1633.287   81.664  16.333 0.000
115.567361 115.581250  1702.812   85.141  17.028 0.000
115.692361 115.706250  1688.521   84.426  16.885 0.000
115.817361 115.831250  1700.532   85.027  17.005 0.000
115.942361 115.956250  1754.146   87.707  17.541 0.000
116.067361 116.081250  1812.833   90.642  18.128 0.000
116.192361 116.206250  1725.064   86.253  17.251 0.000
116.317361 116.331250  1735.359   86.768  17.354 0.000
116.442361 116.456250  1729.192   86.460  17.292 0.000
116.567361 116.581250  1783.778   89.189  17.838 0.000
117.192361 117.206250  1790.508   89.525  17.905 0.000
117.317361 117.331250  1774.291   88.715  17.743 0.000
117.442361 117.456250  1756.468   87.823  17.565 0.000
117.567361 117.581250  1710.157   85.508  17.102 0.000
117.692361 117.706250  1709.326   85.466  17.093 0.000
117.817361 117.831250  1755.948   87.797  17.559 0.000
118.192361 118.206250  1765.692   88.285  17.657 0.000
118.317361 118.331250  1741.435   87.072  17.414 0.000
118.442361 118.456250  1501.787   75.089  15.018 0.000
118.567361 118.581250  1503.630   75.182  15.036 0.000
118.692361 118.706250  1365.734   68.287  13.657 0.000
118.817361 118.831250  1515.002   75.750  15.150 0.000
118.942361 118.956250  1603.739   80.187  16.037 0.000
119.067361 119.081250  1549.912   77.496  15.499 0.000
119.192361 119.206250  1455.717   72.786  14.557 0.000
119.317361 119.331250  1504.656   75.233  15.047 0.000
119.442361 119.456250  1517.298   75.865  15.173 0.000
119.567361 119.581250  1524.337   76.217  15.243 0.000
119.692361 119.706250  1539.261   76.963  15.393 0.000
119.817361 119.831250  1542.625   77.131  15.426 0.000
119.942361 119.956250  1544.363   77.218  15.444 0.000
120.067361 120.081250  1561.824   78.091  15.618 0.000
120.192361 120.206250  1564.794   78.240  15.648 0.000
120.317361 120.331250  1572.476   78.624  15.725 0.000
120.442361 120.456250  1575.683   78.784  15.757 0.000
120.567361 120.581250  1577.474   78.874  15.775 0.000
120.692361 120.706250  1588.260   79.413  15.883 0.000
120.817361 120.831250  1594.563   79.728  15.946 0.000
120.942361 120.956250  1517.141   75.857  15.171 0.000
121.067361 121.081250  1552.553   77.628  15.526 0.000
121.192361 121.206250  1469.933   73.497  14.699 0.000
121.317361 121.331250  1551.791   77.590  15.518 0.000
121.442361 121.456250 99999.999 9999.999 999.999 0.999
121.606250 121.620139  1548.736   77.437  15.487 0.000
121.731250 121.745139  1612.377   80.619  16.124 0.000
121.856250 121.870139  1983.459   99.173  19.835 0.000
121.981250 121.995139  1738.725   86.936  17.387 0.000
122.106250 122.120139  1551.448   77.572  15.514 0.000
122.231250 122.245139  1569.562   78.478  15.696 0.000
122.356250 122.370139  1557.261   77.863  15.573 0.000
122.481250 122.495139  1472.897   73.645  14.729 0.000
122.606250 122.620139  1541.977   77.099  15.420 0.000
