data/obs/c2h6/WDCGG/event/NO0042G.19930101120000.20181210133000.steel_canister.ethane.air.1y.1d.NO01L_sc_no42.NO01L_GC_FID_Chrompack_VOCAIR_Analyzer.lev2.nas
52 1001
Solberg, Sverre
NO01L, Norwegian Institute for Air Research, NILU, Atmosphere and Climate Department, Instituttveien 18, , 2007, Kjeller, Norway
Solberg, Sverre
EMEP NILU GAW-WDCRG
1 1
1993 01 01 2018 12 10
0
days from file reference point
3
1 1 1
999.999999 99999 9.999
end_time of measurement, days from the file reference point
ethane, pmol/mol
numflag ethane, no unit
0
35
Data definition:              EBAS_1.1
Set type code:                TI
Timezone:                     UTC
File name:                    NO0042G.19930101120000.20181210133000.steel_canister.ethane.air.1y.1d.NO01L_sc_no42.NO01L_GC_FID_Chrompack_VOCAIR_Analyzer.lev2.nas
File creation:                20190306184606
Startdate:                    19930101120000
Revision date:                20181210133000
Statistics:                   arithmetic mean
Data level:                   2
Period code:                  1y
Resolution code:              1d
Station code:                 NO0042G
Platform code:                NO0042S
Station name:                 Zeppelin mountain (Ny-Ålesund)
Station WDCA-ID:              GAWANO__ZEP
Station GAW-ID:               ZEP
Station GAW-Name:             Zeppelin Mountain (Ny Ålesund)
Station land use:             Gravel and stone
Station setting:              Polar
Station GAW type:             G
Station WMO region:           6
Station latitude:             78.90715
Station longitude:            11.88668
Station altitude:             474.0m
Regime:                       IMG
Component:                    ethane
Unit:                         pmol/mol
Matrix:                       air
Instrument type:              steel_canister
Laboratory code:              NO01L
Instrument name:              sc_no42
Method ref:                   NO01L_GC_FID_Chrompack_VOCAIR_Analyzer
Originator:                   Solberg, Sverre, sso@nilu.no, Norwegian Institute for Air Research, NILU, Atmosphere and Climate Department, Instituttveien 18, , 2007, Kjeller, Norway
Submitter:                    Solberg, Sverre, sso@nilu.no, Norwegian Institute for Air Research, NILU, Atmosphere and Climate Department, Instituttveien 18, , 2007, Kjeller, Norway
starttime endtime C2H6 flag_C2H6
  0.5   0.513889  2143 0.000
  4.5   4.513889  2471 0.000
 14.5  14.513889  2051 0.000
 17.5  17.513889  2100 0.000
 19.5  19.513889  2115 0.000
 21.5  21.513889  2841 0.000
 24.5  24.513889  2358 0.000
 26.5  26.513889  3207 0.000
 28.5  28.513889  2665 0.000
 31.5  31.513889  2853 0.000
 59.5  59.513889  2473 0.000
 61.5  61.513889  2814 0.000
 63.5  63.513889  2174 0.000
 66.5  66.513889  1607 0.000
 67.5  67.513889  3201 0.000
 69.5  69.513889  2322 0.000
 70.5  70.513889  2159 0.000
 72.5  72.513889  2379 0.000
 73.5  73.513889  2423 0.000
 74.5  74.513889  2502 0.000
 75.5  75.513889  2449 0.000
 76.5  76.513889  2567 0.000
 77.5  77.513889  2733 0.000
 78.5  78.513889  2530 0.000
 79.5  79.513889  2233 0.000
 80.5  80.513889  2201 0.000
 81.5  81.513889  2434 0.000
 82.5  82.513889  2660 0.000
 83.5  83.513889  2443 0.000
 84.5  84.513889  2298 0.000
 85.5  85.513889  1811 0.000
 86.5  86.513889  2690 0.000
 87.5  87.513889  2686 0.000
 88.5  88.513889  2595 0.000
 89.5  89.513889  2394 0.000
 90.5  90.513889  2382 0.000
 91.5  91.513889  2380 0.000
 92.5  92.513889  2223 0.000
 93.5  93.513889  2328 0.000
 94.5  94.513889  2251 0.000
 95.5  95.513889  2440 0.000
 96.5  96.513889  2453 0.000
 97.5  97.513889  2368 0.459
 98.5  98.513889  2495 0.000
 99.5  99.513889  2567 0.000
100.5 100.513889  2404 0.000
101.5 101.513889  2501 0.000
102.5 102.513889  2503 0.000
103.5 103.513889  1700 0.000
104.5 104.513889  2335 0.000
105.5 105.513889  2387 0.000
106.5 106.513889  2325 0.000
107.5 107.513889  2203 0.000
108.5 108.513889  2031 0.000
109.5 109.513889  1586 0.000
110.5 110.513889  1522 0.000
111.5 111.513889  1515 0.000
115.5 115.513889  2040 0.000
116.5 116.513889  2043 0.000
117.5 117.513889  1934 0.000
118.5 118.513889  1329 0.000
119.5 119.513889  1168 0.000
121.5 121.513889  1513 0.000
122.5 122.513889  1772 0.000
123.5 123.513889  1813 0.000
124.5 124.513889  1952 0.000
125.5 125.513889  1927 0.000
126.5 126.513889  1879 0.000
128.5 128.513889  1311 0.000
129.5 129.513889  1652 0.000
130.5 130.513889  1652 0.000
131.5 131.513889  1635 0.000
132.5 132.513889  1854 0.000
133.5 133.513889  1797 0.000
134.5 134.513889  1722 0.000
135.5 135.513889  1474 0.000
136.5 136.513889  1472 0.000
137.5 137.513889  1774 0.000
138.5 138.513889  1645 0.000
139.5 139.513889  1543 0.000
140.5 140.513889  1555 0.000
141.5 141.513889  1539 0.000
142.5 142.513889  1457 0.000
143.5 143.513889  1470 0.000
144.5 144.513889  1354 0.000
145.5 145.513889  1506 0.000
146.5 146.513889  1425 0.000
147.5 147.513889  1322 0.000
148.5 148.513889  1629 0.000
151.5 151.513889  1090 0.000
152.5 152.513889  1012 0.000
153.5 153.513889  1423 0.000
154.5 154.513889  1218 0.000
155.5 155.513889  1212 0.000
156.5 156.513889  1220 0.000
157.5 157.513889  1199 0.000
158.5 158.513889  1146 0.000
159.5 159.513889  1225 0.000
160.5 160.513889  1227 0.459
161.5 161.513889  1093 0.000
162.5 162.513889  1019 0.000
163.5 163.513889   999 0.000
164.5 164.513889  1262 0.000
165.5 165.513889  1118 0.000
166.5 166.513889  1090 0.000
167.5 167.513889  1094 0.000
168.5 168.513889  1229 0.000
170.5 170.513889  1220 0.000
171.5 171.513889  1089 0.000
172.5 172.513889  1056 0.000
173.5 173.513889  1043 0.000
174.5 174.513889   996 0.000
175.5 175.513889   963 0.000
176.5 176.513889   925 0.000
177.5 177.513889   918 0.000
180.5 180.513889   942 0.000
181.5 181.513889   919 0.000
182.5 182.513889   903 0.000
183.5 183.513889   876 0.000
184.5 184.513889   911 0.000
185.5 185.513889   856 0.000
186.5 186.513889   814 0.000
187.5 187.513889   804 0.000
189.5 189.513889   814 0.000
191.5 191.513889   799 0.000
193.5 193.513889   833 0.000
195.5 195.513889   865 0.000
197.5 197.513889   804 0.000
198.5 198.513889   800 0.000
199.5 199.513889   743 0.000
201.5 201.513889   733 0.000
203.5 203.513889   658 0.000
206.5 206.513889   648 0.000
208.5 208.513889   728 0.000
210.5 210.513889   788 0.000
213.5 213.513889  1210 0.459
215.5 215.513889   636 0.000
217.5 217.513889   759 0.000
219.5 219.513889   658 0.000
222.5 222.513889   729 0.000
224.5 224.513889   749 0.000
227.5 227.513889   791 0.000
229.5 229.513889  1673 0.459
231.5 231.513889  1484 0.459
234.5 234.513889   776 0.000
238.5 238.513889   842 0.000
240.5 240.513889   668 0.000
241.5 241.513889   749 0.000
243.5 243.513889   838 0.000
245.5 245.513889   691 0.000
248.5 248.513889   742 0.000
250.5 250.513889   764 0.000
252.5 252.513889   774 0.000
255.5 255.513889   655 0.000
257.5 257.513889   796 0.000
259.5 259.513889   860 0.000
262.5 262.513889   810 0.000
264.5 264.513889   883 0.000
267.5 267.513889   852 0.000
269.5 269.513889  1009 0.000
271.5 271.513889   853 0.000
273.5 273.513889   863 0.000
276.5 276.513889   916 0.000
278.5 278.513889   992 0.000
280.5 280.513889  1131 0.000
283.5 283.513889   988 0.000
285.5 285.513889  1351 0.000
287.5 287.513889  1203 0.000
290.5 290.513889  1144 0.000
292.5 292.513889  1137 0.000
295.5 295.513889  1133 0.000
297.5 297.513889  1301 0.000
299.5 299.513889  1327 0.000
301.5 301.513889  1201 0.000
304.5 304.513889  1190 0.000
305.5 305.513889  1230 0.000
306.5 306.513889  1274 0.000
308.5 308.513889  1384 0.000
311.5 311.513889  1854 0.000
313.5 313.513889  1368 0.000
315.5 315.513889  1708 0.000
318.5 318.513889  1347 0.000
320.5 320.513889  1471 0.000
330.5 330.513889  2322 0.000
332.5 332.513889  1452 0.000
334.5 334.513889  1450 0.000
336.5 336.513889  1512 0.000
339.5 339.513889  1646 0.000
341.5 341.513889  1695 0.000
343.5 343.513889  2342 0.000
346.5 346.513889  3088 0.000
348.5 348.513889  2245 0.000
350.5 350.513889  2559 0.000
353.5 353.513889  1857 0.000
355.5 355.513889  2639 0.000
357.5 357.513889  1551 0.000
360.5 360.513889  2146 0.000
362.5 362.513889  1729 0.000
364.5 364.513889  2036 0.000
