data/obs/c2h6/WDCGG/event/NO0042G.20100901142100.20160520000000.online_gc.ethane.air.5y.2h.NO01L_MEDUSA_ZEP.NO01L_ZEP_MEDUSA.lev2.nas
59 1001
Schmidbauer, Norbert; Lund-Myhre, Cathrine
NO01L, Norwegian Institute for Air Research, NILU, Atmosphere and Climate Department, Instituttveien 18, , 2007, Kjeller, Norway
Fjæraa, Ann Mari
ACTRIS EMEP GAW-WDCRG MOCA NILU
1 1
2010 01 01 2016 05 20
0
days from file reference point
3
1 1 1
9999.999999 99999.999 9.999
end_time of measurement, days from the file reference point
ethane, pmol/mol
numflag ethane, no unit
0
42
Data definition:              EBAS_1.1
Set type code:                TI
Timezone:                     UTC
File name:                    NO0042G.20100901142100.20160520000000.online_gc.ethane.air.5y.2h.NO01L_MEDUSA_ZEP.NO01L_ZEP_MEDUSA.lev2.nas
File creation:                20190306184604
Startdate:                    20100901142100
Revision date:                20160520000000
Version:                      2
Version description:          Manual revision by Chris Lunder
Statistics:                   arithmetic mean
Data level:                   2
Period code:                  5y
Resolution code:              2h
Station code:                 NO0042G
Platform code:                NO0042S
Station name:                 Zeppelin mountain (Ny-Ålesund)
Station WDCA-ID:              GAWANO__ZEP
Station GAW-ID:               ZEP
Station GAW-Name:             Zeppelin Mountain (Ny Ålesund)
Station land use:             Gravel and stone
Station setting:              Polar
Station GAW type:             G
Station WMO region:           6
Station latitude:             78.90715
Station longitude:            11.88668
Station altitude:             474.0m
Measurement height:           15.0m
Regime:                       IMG
Component:                    ethane
Unit:                         pmol/mol
Matrix:                       air
Instrument type:              online_gc
Laboratory code:              NO01L
Instrument name:              MEDUSA_ZEP
Method ref:                   NO01L_ZEP_MEDUSA
Inlet type:                   Hat or hood
Inlet description:            Insulated, heated, long line
Originator:                   Schmidbauer, Norbert, , Norwegian Institute for Air Research, NILU, Atmosphere and Climate Department, Instituttveien 18, , 2007, Kjeller, Norway
Originator:                   Lund-Myhre, Cathrine, clm@nilu.no, Norwegian Institute for Air Research, NILU, Atmosphere and Climate Department, Instituttveien 18, , 2007, Kjeller, Norway
Submitter:                    Fjæraa, Ann Mari, , Norwegian Institute for Air Research, NILU, Atmosphere and Climate Department, Instituttveien 18, , 2007, Kjeller, Norway
Acknowledgement:              Request acknowledgements from Chris Lunder, crl@nilu.no, Norbert Schmidbauer, ns@nilu.no and Ove Hermanssen, oh@nilu.no
starttime endtime C2H6 flag_C2H6
[from data line 11601]
1430.021528 1430.035417  1970.354 0.000
1430.104861 1430.118750  2003.868 0.000
1430.188194 1430.202084  1979.283 0.000
1430.271528 1430.285417  1872.635 0.000
1430.354861 1430.368750  1875.473 0.000
1430.438194 1430.452084  1689.131 0.000
1430.521528 1430.535417  1657.489 0.000
1430.604861 1430.618750  1703.413 0.000
1430.688194 1430.702084  1686.121 0.000
1430.771528 1430.785417  1691.091 0.000
1430.854861 1430.868750  1691.625 0.000
1430.938194 1430.952084  1690.654 0.000
1431.021528 1431.035417  1745.584 0.000
1431.104861 1431.118750  1807.655 0.000
1431.188194 1431.202084  1904.378 0.000
1431.271528 1431.285417  1890.489 0.000
1431.354861 1431.368750  1906.699 0.000
1431.438194 1431.452084  1849.628 0.000
1431.521528 1431.535417  1846.423 0.000
1432.104861 1432.118750  1834.624 0.000
1432.188194 1432.202084  1814.954 0.000
1432.271528 1432.285417  1787.714 0.000
1432.354861 1432.368750  1738.776 0.000
1432.438194 1432.452084  1735.853 0.000
1432.521528 1432.535417  1739.760 0.000
1432.604861 1432.618750  1755.885 0.000
1432.688194 1432.702084  1739.896 0.000
1432.771528 1432.785417  1715.103 0.000
1432.854861 1432.868750  1730.594 0.000
1432.938194 1432.952084  1728.695 0.000
1433.021528 1433.035417  1723.431 0.000
1433.104861 1433.118750  1714.199 0.000
1433.188194 1433.202084  1735.467 0.000
1433.271528 1433.285417  1803.043 0.000
1433.354861 1433.368750  1845.890 0.000
1433.438194 1433.452084  1879.609 0.000
1433.521528 1433.535417  1925.281 0.000
1433.604861 1433.618750  1983.867 0.000
1433.688194 1433.702084  1946.192 0.000
1433.771528 1433.785417  1977.713 0.000
1433.854861 1433.868750  1958.957 0.000
1433.938194 1433.952084  1905.019 0.000
1434.021528 1434.035417  1885.559 0.000
1434.104861 1434.118750  1810.718 0.000
1434.188194 1434.202084  1838.897 0.000
1434.271528 1434.285417  1816.304 0.000
1434.354861 1434.368750  1829.384 0.000
1434.438194 1434.452084  1823.281 0.000
1434.521528 1434.535417  1826.741 0.000
1434.604861 1434.618750  1992.910 0.000
1434.688194 1434.702084  2047.352 0.000
1434.771528 1434.785417  2120.791 0.000
1434.854861 1434.868750  2141.905 0.000
1435.146528 1435.160417  2005.321 0.000
1435.229861 1435.243750  2196.276 0.000
1435.313194 1435.327084  2155.594 0.000
1435.396528 1435.410417  2064.994 0.000
1435.479861 1435.493750  2017.294 0.000
1435.563194 1435.577084  2013.939 0.000
1435.646528 1435.660417  2021.767 0.000
1435.729861 1435.743750  2012.105 0.000
1435.813194 1435.827084  2026.587 0.000
1435.896528 1435.910417  2026.579 0.000
1435.979861 1435.993750  2030.389 0.000
1436.063194 1436.077084  2037.489 0.000
1436.146528 1436.160417  2031.899 0.000
1436.229861 1436.243750  2030.792 0.000
1436.313194 1436.327084  2135.311 0.000
1436.396528 1436.410417  2214.410 0.000
1436.479861 1436.493750  2358.896 0.000
1436.563194 1436.577084  2349.172 0.000
1436.646528 1436.660417  2305.604 0.000
1436.729861 1436.743750  2252.928 0.000
1436.813194 1436.827084  2159.158 0.000
1436.896528 1436.910417  2104.001 0.000
1436.979861 1436.993750  2120.536 0.000
1437.063194 1437.077084  2134.907 0.000
1437.146528 1437.160417  2115.300 0.000
1437.229861 1437.243750  2070.390 0.000
1437.313194 1437.327084  2084.724 0.000
1437.396528 1437.410417  2056.067 0.000
1437.479861 1437.493750  2025.813 0.000
1437.563194 1437.577084  2005.644 0.000
1437.646528 1437.660417  1995.504 0.000
1437.729861 1437.743750  1949.344 0.000
1437.813194 1437.827084  1949.505 0.000
1437.896528 1437.910417  1957.380 0.000
1437.979861 1437.993750  1960.637 0.000
1438.063194 1438.077084  1727.888 0.000
1438.146528 1438.160417  1769.527 0.000
1438.229861 1438.243750  1811.138 0.000
1438.313194 1438.327084  1802.187 0.000
1438.396528 1438.410417  1790.951 0.000
1438.479861 1438.493750  1820.338 0.000
1438.563194 1438.577084  1835.502 0.000
1439.146528 1439.160417  1856.620 0.000
1439.229861 1439.243750  1880.028 0.000
1439.313194 1439.327084  1887.731 0.000
1440.472223 1440.486112 99999.999 0.999
1440.555556 1440.569444 99999.999 0.999
1440.748611 1440.762500 99999.999 0.999
1440.831944 1440.845834 99999.999 0.999
1440.915278 1440.929167 99999.999 0.999
1440.998611 1441.012500 99999.999 0.999
1441.081944 1441.095834 99999.999 0.999
1441.165278 1441.179167 99999.999 0.999
1442.381250 1442.395139 99999.999 0.999
1442.464584 1442.478473  2004.001 0.000
1442.547917 1442.561806 99999.999 0.999
1442.631250 1442.645139  1887.558 0.000
1442.714584 1442.728473  1927.174 0.000
1442.797917 1442.811806  1981.403 0.000
1442.881250 1442.895139 99999.999 0.999
1442.964584 1442.978473 99999.999 0.999
1443.047917 1443.061806  1973.287 0.000
1443.131250 1443.145139  1955.054 0.000
1443.214584 1443.228473  1775.697 0.000
1443.297917 1443.311806  1753.019 0.000
1443.381250 1443.395139  1803.711 0.000
1443.464584 1443.478473  1836.305 0.000
1443.547917 1443.561806  1888.138 0.000
1443.631250 1443.645139  1915.140 0.000
1443.714584 1443.728473  1893.199 0.000
1443.797917 1443.811806  1916.904 0.000
1443.881250 1443.895139  1978.733 0.000
1443.964584 1443.978473  2022.644 0.000
1444.047917 1444.061806  1953.867 0.000
1444.131250 1444.145139 99999.999 0.999
1444.214584 1444.228473 99999.999 0.999
1444.297917 1444.311806 99999.999 0.999
1444.381250 1444.395139 99999.999 0.999
1444.464584 1444.478473 99999.999 0.999
1444.547917 1444.561806 99999.999 0.999
1444.631250 1444.645139 99999.999 0.999
1444.714584 1444.728473 99999.999 0.999
1444.797917 1444.811806 99999.999 0.999
1444.881250 1444.895139 99999.999 0.999
1444.964584 1444.978473 99999.999 0.999
1445.047917 1445.061806 99999.999 0.999
1445.131250 1445.145139 99999.999 0.999
1445.214584 1445.228473 99999.999 0.999
1445.297917 1445.311806 99999.999 0.999
1445.381250 1445.395139 99999.999 0.999
1445.464584 1445.478473 99999.999 0.999
1445.547917 1445.561806 99999.999 0.999
1446.131250 1446.145139 99999.999 0.999
1446.214584 1446.228473 99999.999 0.999
1446.297917 1446.311806 99999.999 0.999
1446.381250 1446.395139 99999.999 0.999
1446.464584 1446.478473 99999.999 0.999
1446.547917 1446.561806 99999.999 0.999
1446.631250 1446.645139 99999.999 0.999
1446.714584 1446.728473 99999.999 0.999
1446.797917 1446.811806 99999.999 0.999
1446.881250 1446.895139 99999.999 0.999
1446.964584 1446.978473  1917.142 0.000
1447.047917 1447.061806  1915.217 0.000
1447.131250 1447.145139  1907.803 0.000
1447.214584 1447.228473  1902.678 0.000
1447.297917 1447.311806  1907.594 0.000
1447.381250 1447.395139  1877.429 0.000
1447.464584 1447.478473  1888.398 0.000
1447.547917 1447.561806  1846.732 0.000
1447.631250 1447.645139  1838.729 0.000
1447.714584 1447.728473  1858.709 0.000
1447.797917 1447.811806  1845.649 0.000
1447.881250 1447.895139  1832.240 0.000
1447.964584 1447.978473  1831.236 0.000
1448.047917 1448.061806  1839.338 0.000
1448.131250 1448.145139  1841.053 0.000
1448.214584 1448.228473  1829.751 0.000
1448.297917 1448.311806  1832.776 0.000
1448.381250 1448.395139  1845.023 0.000
1448.506250 1448.520139  1833.628 0.000
1448.589584 1448.603473  1835.727 0.000
1448.672917 1448.686806  1829.495 0.000
1448.756250 1448.770139  1832.883 0.000
1448.839584 1448.853473  1840.773 0.000
1449.131250 1449.145139 99999.999 0.999
1449.214584 1449.228473  1790.448 0.000
1449.297917 1449.311806  1769.797 0.000
1449.381250 1449.395139  1751.025 0.000
1449.464584 1449.478473  1765.033 0.000
1449.547917 1449.561806  1779.942 0.000
1449.631250 1449.645139  1765.567 0.000
1449.714584 1449.728473  1761.627 0.000
1449.797917 1449.811806  1758.822 0.000
1449.881250 1449.895139  1767.536 0.000
1449.964584 1449.978473  1772.140 0.000
1450.047917 1450.061806  1793.191 0.000
1450.131250 1450.145139  1797.553 0.000
1450.214584 1450.228473  1797.858 0.000
1450.297917 1450.311806  1817.112 0.000
1450.381250 1450.395139  1837.259 0.000
1450.464584 1450.478473  1823.854 0.000
1450.547917 1450.561806  1870.653 0.000
1450.631250 1450.645139  1914.237 0.000
1450.714584 1450.728473  1901.138 0.000
1450.797917 1450.811806  1927.804 0.000
1450.881250 1450.895139  2235.736 0.000
1450.964584 1450.978473  2203.006 0.000
1451.047917 1451.061806  2203.382 0.000
1451.131250 1451.145139  2229.396 0.000
1451.214584 1451.228473  2254.241 0.000
1451.297917 1451.311806  2490.770 0.000
1451.381250 1451.395139  2402.251 0.000
1451.464584 1451.478473  2465.433 0.000
1451.547917 1451.561806  2558.009 0.000
1451.631250 1451.645139 99999.999 0.999
1451.714584 1451.728473  2844.104 0.000
1451.797917 1451.811806  2809.106 0.000
1451.881250 1451.895139  2722.623 0.000
1451.964584 1451.978473  3038.626 0.000
1452.047917 1452.061806  3245.504 0.000
1452.131250 1452.145139  3045.477 0.000
1452.214584 1452.228473  2899.926 0.000
1452.297917 1452.311806  2710.222 0.000
1452.381250 1452.395139  2689.226 0.000
1452.464584 1452.478473  2702.349 0.000
1452.547917 1452.561806  2668.865 0.000
1453.131250 1453.145139  2693.364 0.000
1453.214584 1453.228473  2692.434 0.000
1453.297917 1453.311806  2608.049 0.000
1453.381250 1453.395139  2535.294 0.000
1453.464584 1453.478473  2517.663 0.000
1453.547917 1453.561806  2496.855 0.000
1453.631250 1453.645139  2420.898 0.000
1453.714584 1453.728473  2570.590 0.000
1453.797917 1453.811806  2757.880 0.000
1453.881250 1453.895139  2735.501 0.000
1453.964584 1453.978473  2720.036 0.000
1454.047917 1454.061806  2681.194 0.000
1454.131250 1454.145139  2652.342 0.000
1454.214584 1454.228473  2611.759 0.000
1454.297917 1454.311806  2528.788 0.000
1454.381250 1454.395139  2531.920 0.000
1454.464584 1454.478473  2520.125 0.000
1454.547917 1454.561806  2464.084 0.000
1454.631250 1454.645139 99999.999 0.999
1454.714584 1454.728473  2574.322 0.000
1454.797917 1454.811806  2571.056 0.000
1454.881250 1454.895139  2582.779 0.000
1454.964584 1454.978473  2663.322 0.000
1455.047917 1455.061806  2643.506 0.000
1455.131250 1455.145139  2648.464 0.000
1455.214584 1455.228473  2650.434 0.000
1455.297917 1455.311806  2674.835 0.000
1455.381250 1455.395139  2634.397 0.000
1455.464584 1455.478473  2625.190 0.000
1455.547917 1455.561806  2637.586 0.000
1455.631250 1455.645139  2669.395 0.000
1455.714584 1455.728473  2671.999 0.000
1455.797917 1455.811806  2649.784 0.000
1456.089584 1456.103473 99999.999 0.999
1456.172917 1456.186806  2580.996 0.000
1456.256250 1456.270139  2561.978 0.000
1456.339584 1456.353473  2484.151 0.000
1456.422917 1456.436806  2485.768 0.000
1456.584723 1456.598612 99999.999 0.999
1456.668056 1456.681944  2469.832 0.000
1456.751389 1456.765278  2440.945 0.000
1456.834723 1456.848612  2475.334 0.000
1456.918056 1456.931944  2450.201 0.000
1457.001389 1457.015278  2410.592 0.000
1457.084723 1457.098612  2428.367 0.000
1457.168056 1457.181944  2415.441 0.000
1457.251389 1457.265278  2414.262 0.000
1457.334723 1457.348612  2453.790 0.000
1457.418056 1457.431944  2523.844 0.000
1457.501389 1457.515278  2533.490 0.000
1457.584723 1457.598612  2532.151 0.000
1457.668056 1457.681944  2515.933 0.000
1457.751389 1457.765278  2511.141 0.000
1457.834723 1457.848612  2521.147 0.000
1457.918056 1457.931944  2528.661 0.000
1458.001389 1458.015278  2542.543 0.000
1458.084723 1458.098612  2493.885 0.000
1458.168056 1458.181944  2454.619 0.000
1458.251389 1458.265278  2423.579 0.000
1458.334723 1458.348612  2386.993 0.000
1458.418056 1458.431944  2360.219 0.000
1458.501389 1458.515278  2357.881 0.000
1458.584723 1458.598612  2336.961 0.000
1458.668056 1458.681944  2341.680 0.000
1458.751389 1458.765278  2331.032 0.000
1458.834723 1458.848612  2315.368 0.000
1458.918056 1458.931944  2302.620 0.000
1459.001389 1459.015278  2317.302 0.000
1459.084723 1459.098612  2334.189 0.000
1459.168056 1459.181944  2343.085 0.000
1459.251389 1459.265278  2305.824 0.000
1459.334723 1459.348612  2309.011 0.000
1459.418056 1459.431944  2288.916 0.000
1459.501389 1459.515278  2286.425 0.000
1460.084723 1460.098612  2134.527 0.000
1460.168056 1460.181944  2220.930 0.000
1460.251389 1460.265278  2244.181 0.000
1460.334723 1460.348612  2220.289 0.000
1460.418056 1460.431944  2197.169 0.000
1460.501389 1460.515278  2190.419 0.000
1460.584723 1460.598612  2176.896 0.000
1460.668056 1460.681944  2184.259 0.000
1460.751389 1460.765278  2217.756 0.000
1460.834723 1460.848612  2239.350 0.000
1460.918056 1460.931944  2306.978 0.000
1461.001389 1461.015278 99999.999 0.999
1461.084723 1461.098612  2186.259 0.000
1461.168056 1461.181944  2154.260 0.000
1461.251389 1461.265278  2170.621 0.000
1461.334723 1461.348612  2179.228 0.000
1461.418056 1461.431944  2043.953 0.000
1461.501389 1461.515278  2115.672 0.000
1461.584723 1461.598612 99999.999 0.999
1461.668056 1461.681944  2136.128 0.000
1461.751389 1461.765278  2205.959 0.000
1461.834723 1461.848612  2200.145 0.000
1461.918056 1461.931944  2188.058 0.000
1462.001389 1462.015278  2174.167 0.000
1462.084723 1462.098612  2177.248 0.000
1462.168056 1462.181944  2184.619 0.000
1462.251389 1462.265278  2139.418 0.000
1462.334723 1462.348612  2069.355 0.000
1462.418056 1462.431944  2035.615 0.000
1462.501389 1462.515278  2048.576 0.000
1462.584723 1462.598612  2062.608 0.000
1462.668056 1462.681944  2040.060 0.000
1462.751389 1462.765278  2021.374 0.000
1462.834723 1462.848612  2027.755 0.000
1463.127084 1463.140973  2000.162 0.000
1463.210417 1463.224306  2013.109 0.000
1463.293750 1463.307639 99999.999 0.999
1463.377084 1463.390973  2020.254 0.000
1463.460417 1463.474306  2026.148 0.000
1463.543750 1463.557639  2011.840 0.000
1463.627084 1463.640973  1959.253 0.000
1463.710417 1463.724306  1967.248 0.000
1463.793750 1463.807639  1968.639 0.000
1463.877084 1463.890973  1958.802 0.000
1463.960417 1463.974306  1947.118 0.000
1464.043750 1464.057639  1950.281 0.000
1464.127084 1464.140973  1941.254 0.000
1464.210417 1464.224306  1923.920 0.000
1464.293750 1464.307639  1933.687 0.000
1464.377084 1464.390973  1936.930 0.000
1464.460417 1464.474306  1921.506 0.000
1464.543750 1464.557639  1907.613 0.000
1464.627084 1464.640973  1904.850 0.000
1464.710417 1464.724306  1915.941 0.000
1464.793750 1464.807639  1931.377 0.000
1464.877084 1464.890973  1958.501 0.000
1464.960417 1464.974306  1974.830 0.000
1465.043750 1465.057639  1993.360 0.000
1465.127084 1465.140973  2037.380 0.000
1465.210417 1465.224306  2059.499 0.000
1465.293750 1465.307639  2091.658 0.000
1465.377084 1465.390973  2071.770 0.000
1465.460417 1465.474306  2051.744 0.000
1465.543750 1465.557639  2026.729 0.000
1465.627084 1465.640973  2015.054 0.000
1465.710417 1465.724306  2026.654 0.000
1465.793750 1465.807639  1976.575 0.000
1465.877084 1465.890973  1994.906 0.000
1465.960417 1465.974306  1977.826 0.000
1466.043750 1466.057639  2005.443 0.000
1466.127084 1466.140973  2016.990 0.000
1466.210417 1466.224306  2028.102 0.000
1466.293750 1466.307639  2008.112 0.000
1466.377084 1466.390973  1991.461 0.000
1466.460417 1466.474306  1993.793 0.000
1466.543750 1466.557639  1990.443 0.000
1467.127084 1467.140973  1961.197 0.000
1467.210417 1467.224306  1969.578 0.000
1467.293750 1467.307639  1946.699 0.000
1467.377084 1467.390973 99999.999 0.999
1467.460417 1467.474306  1965.083 0.000
1467.543750 1467.557639  1951.255 0.000
1467.627084 1467.640973  1942.612 0.000
1467.710417 1467.724306  1897.653 0.000
1467.793750 1467.807639  1898.093 0.000
1467.877084 1467.890973  1893.323 0.000
1467.960417 1467.974306  1840.406 0.000
1468.043750 1468.057639  1835.550 0.000
1468.127084 1468.140973  1841.674 0.000
1468.210417 1468.224306  1754.990 0.000
1468.293750 1468.307639  1802.746 0.000
1468.377084 1468.390973  1789.393 0.000
1468.460417 1468.474306  1792.742 0.000
1468.543750 1468.557639  1797.845 0.000
1468.627084 1468.640973  1768.432 0.000
1468.710417 1468.724306 99999.999 0.999
1468.793750 1468.807639  1788.230 0.000
1468.877084 1468.890973  1790.062 0.000
1468.960417 1468.974306  1836.989 0.000
1469.043750 1469.057639  1846.197 0.000
1469.127084 1469.140973  1888.426 0.000
1469.210417 1469.224306  1869.553 0.000
1469.293750 1469.307639  1863.391 0.000
1469.377084 1469.390973  1816.794 0.000
1469.460417 1469.474306  1844.148 0.000
