data/obs/c2h6/WDCGG/event/NO0042G.20160308151300.20170327000000.online_gc.ethane.air.10mo.2h.NO01L_Medusa-9.NO01L_AGAGE.lev2.nas
75 1001
Schmidbauer, Norbert; Lund-Myhre, Cathrine
NO01L, Norwegian Institute for Air Research, NILU, Atmosphere and Climate Department, Instituttveien 18, , 2007, Kjeller, Norway
Schmidbauer, Norbert; Lunder, Chris
ACTRIS EMEP GAW-WDCRG
1 1
2016 01 01 2017 03 27
0
days from file reference point
5
1 1 1 1 1
999.999999 99999.999 9999.999 999.999 9.999
end_time of measurement, days from the file reference point
ethane, pmol/mol, Statistics=arithmetic mean, Detection limit=1.0 pmol/mol
ethane, pmol/mol, Statistics=expanded uncertainty 2sigma
ethane, pmol/mol, Statistics=precision
numflag, no unit
0
56
Data definition:              EBAS_1.1
Set type code:                TI
Timezone:                     UTC
File name:                    NO0042G.20160308151300.20170327000000.online_gc.ethane.air.10mo.2h.NO01L_Medusa-9.NO01L_AGAGE.lev2.nas
File creation:                20190306184605
Startdate:                    20160308151300
Revision date:                20170327000000
Version:                      1
Version description:          initial revision, manually inspected
Data level:                   2
Period code:                  10mo
Resolution code:              2h
Sample duration:              20mn
Orig. time res.:              20mn
Station code:                 NO0042G
Platform code:                NO0042S
Station name:                 Zeppelin mountain (Ny-Ålesund)
Station WDCA-ID:              GAWANO__ZEP
Station GAW-ID:               ZEP
Station GAW-Name:             Zeppelin Mountain (Ny Ålesund)
Station land use:             Gravel and stone
Station setting:              Polar
Station GAW type:             G
Station WMO region:           6
Station latitude:             78.90715
Station longitude:            11.88668
Station altitude:             474.0m
Measurement altitude:         474.0m
Measurement height:           10.0m
Regime:                       IMG
Component:                    ethane
Unit:                         pmol/mol
Matrix:                       air
Instrument type:              online_gc
Laboratory code:              NO01L
Instrument name:              Medusa-9
Instrument manufacturer:      AGAGE+Agilent+Agilent
Instrument model:             MEDUSA+6890N+5975B
Instrument serial number:     70810508
Method ref:                   NO01L_AGAGE
Standard method:              SOP=ACTRIS_VOC_2014
Calibration scale:            SIO2005
Calibration standard ID:      Scipps NMHC Gold
Inlet type:                   Hat or hood
Inlet description:            heated inlet line from 15m tower,stainless steel line,large flow
Detection limit expl.:        Detection limit determined by peak area statistics
Measurement uncertainty expl.: "Includes reproducibility (precision) + systematic errors (accuracy).Zeppelin Medusa did not participate at Actris Round Robin - but Kjeller Medusa Ref:http://www.atmos-meas-tech.net/8/2715/2015/"
Zero/negative values code:    Zero/negative impossible
Zero/negative values:         Zero and neg. values do not appear , background air will allways have hihger mixing ratios than the detection limits of the reported hydrocarbons
Originator:                   Schmidbauer, Norbert, , Norwegian Institute for Air Research, NILU, Atmosphere and Climate Department, Instituttveien 18, , 2007, Kjeller, Norway
Originator:                   Lund-Myhre, Cathrine, clm@nilu.no, Norwegian Institute for Air Research, NILU, Atmosphere and Climate Department, Instituttveien 18, , 2007, Kjeller, Norway
Submitter:                    Schmidbauer, Norbert, , Norwegian Institute for Air Research, NILU, Atmosphere and Climate Department, Instituttveien 18, , 2007, Kjeller, Norway
Submitter:                    Lunder, Chris, crl@nilu.no, Norwegian Institute for Air Research, NILU, Atmosphere and Climate Department, Instituttveien 18, , 2007, Kjeller, Norway
Acknowledgement:              Request acknowledgement details from data originator
Comment:                      Preconcentration MEDUSA, permapure nafion drier,trap material Hayesep D,routine sequence is working standard - sample - working standard, sample volume 2 liter
starttime endtime C2H6 C2H6 C2H6 flag
[from data line 582]
150.395833 150.409722  1223.787   61.189  12.238 0.000
150.479167 150.493056  1221.164   61.058  12.212 0.000
150.562500 150.576389  1225.112   61.256  12.251 0.000
150.645833 150.659722  1227.009   61.350  12.270 0.000
150.729167 150.743056  1232.930   61.647  12.329 0.000
150.812500 150.826389  1249.282   62.464  12.493 0.000
150.895833 150.909722  1263.611   63.181  12.636 0.000
150.979167 150.993056  1273.130   63.657  12.731 0.000
151.062500 151.076389  1278.498   63.925  12.785 0.000
151.145833 151.159722  1274.827   63.741  12.748 0.000
151.229167 151.243056  1274.514   63.726  12.745 0.000
151.312500 151.326389  1272.039   63.602  12.720 0.000
151.395833 151.409722  1269.799   63.490  12.698 0.000
151.479167 151.493056  1269.511   63.476  12.695 0.000
151.562500 151.576389  1270.263   63.513  12.703 0.000
151.645833 151.659722  1264.738   63.237  12.647 0.000
151.729167 151.743056  1265.025   63.251  12.650 0.000
151.812500 151.826389  1260.361   63.018  12.604 0.000
151.895833 151.909722  1255.830   62.792  12.558 0.000
151.979167 151.993056  1256.052   62.803  12.561 0.000
152.062500 152.076389  1251.908   62.595  12.519 0.000
152.146528 152.160417  1246.170   62.309  12.462 0.000
152.229861 152.243750  1229.980   61.499  12.300 0.000
152.313194 152.327083  1224.751   61.238  12.248 0.000
152.396528 152.410417  1237.083   61.854  12.371 0.000
152.979861 152.993750  1228.257   61.413  12.283 0.000
153.063194 153.077083  1221.778   61.089  12.218 0.000
153.146528 153.160417  1207.631   60.382  12.076 0.000
153.229861 153.243750  1200.979   60.049  12.010 0.000
153.313194 153.327083  1199.376   59.969  11.994 0.000
153.396528 153.410417  1214.263   60.713  12.143 0.000
153.479861 153.493750  1201.733   60.087  12.017 0.000
153.563194 153.577083  1190.082   59.504  11.901 0.000
153.646528 153.660417  1185.198   59.260  11.852 0.000
153.729861 153.743750  1173.217   58.661  11.732 0.000
153.813194 153.827083  1168.164   58.408  11.682 0.000
154.063194 154.077083  1113.177   55.659  11.132 0.000
154.146528 154.160417  1101.708   55.085  11.017 0.000
154.229861 154.243750  1092.221   54.611  10.922 0.000
154.313194 154.327083  1075.421   53.771  10.754 0.000
154.396528 154.410417  1070.206   53.510  10.702 0.000
154.479861 154.493750  1085.697   54.285  10.857 0.000
155.568750 155.582639  1044.425   52.221  10.444 0.000
155.652083 155.665972  1032.437   51.622  10.324 0.000
155.735417 155.749306  1031.284   51.564  10.313 0.000
155.818750 155.832639  1036.139   51.807  10.361 0.000
155.902083 155.915972  1039.684   51.984  10.397 0.000
155.985417 155.999306  1043.185   52.159  10.432 0.000
156.068750 156.082639  1049.999   52.500  10.500 0.000
156.152083 156.165972  1058.901   52.945  10.589 0.000
156.235417 156.249306  1067.248   53.362  10.672 0.000
156.318750 156.332639  1063.148   53.157  10.631 0.000
156.402083 156.415972  1082.686   54.134  10.827 0.000
156.485417 156.499306  1085.225   54.261  10.852 0.000
156.568750 156.582639  1071.347   53.567  10.713 0.000
156.652778 156.666667  1077.808   53.890  10.778 0.000
156.736111 156.750000  1073.692   53.685  10.737 0.000
156.819444 156.833333  1060.407   53.020  10.604 0.000
156.902778 156.916667  1051.155   52.558  10.512 0.000
156.986111 157.000000  1040.307   52.015  10.403 0.000
157.069444 157.083333  1052.021   52.601  10.520 0.000
157.152778 157.166667  1055.777   52.789  10.558 0.000
157.236111 157.250000  1048.654   52.433  10.487 0.000
157.319444 157.333333 99999.999 9999.999 999.999 0.999
162.460417 162.474306 99999.999 9999.999 999.999 0.999
163.662500 163.676389 99999.999 9999.999 999.999 0.999
163.752778 163.766667 99999.999 9999.999 999.999 0.999
163.843056 163.856944 99999.999 9999.999 999.999 0.999
163.933333 163.947222  1080.779   54.039  10.808 0.000
164.023611 164.037500  1071.308   53.565  10.713 0.000
164.113889 164.127778  1056.153   52.808  10.562 0.000
164.204167 164.218056  1033.610   51.681  10.336 0.000
164.294444 164.308333  1049.451   52.473  10.495 0.000
164.384722 164.398611  1050.698   52.535  10.507 0.000
164.475000 164.488889  1084.628   54.231  10.846 0.000
164.565278 164.579167  1094.323   54.716  10.943 0.000
164.655556 164.669444  1083.005   54.150  10.830 0.000
164.745833 164.759722  1072.649   53.632  10.726 0.000
164.836111 164.850000  1068.619   53.431  10.686 0.000
164.926389 164.940278  1070.223   53.511  10.702 0.000
165.016667 165.030556  1082.781   54.139  10.828 0.000
165.106944 165.120833  1089.139   54.457  10.891 0.000
165.197222 165.211111  1091.755   54.588  10.918 0.000
165.287500 165.301389  1098.247   54.912  10.982 0.000
165.377778 165.391667 99999.999 9999.999 999.999 0.999
165.468056 165.481944  1097.848   54.892  10.978 0.000
165.558333 165.572222  1052.687   52.634  10.527 0.000
165.648611 165.662500  1053.067   52.653  10.531 0.000
165.738889 165.752778  1055.758   52.788  10.558 0.000
165.829167 165.843056  1060.052   53.003  10.601 0.000
165.919444 165.933333  1057.556   52.878  10.576 0.000
166.009722 166.023611  1061.579   53.079  10.616 0.000
166.100000 166.113889  1057.461   52.873  10.575 0.000
166.190278 166.204167  1079.790   53.990  10.798 0.000
166.280556 166.294444  1089.021   54.451  10.890 0.000
166.370833 166.384722  1111.523   55.576  11.115 0.000
166.461111 166.475000  1104.482   55.224  11.045 0.000
168.527778 168.541667 99999.999 9999.999 999.999 0.999
168.618056 168.631944 99999.999 9999.999 999.999 0.999
168.708333 168.722222  1022.789   51.139  10.228 0.000
168.798611 168.812500  1013.476   50.674  10.135 0.000
168.888889 168.902778   995.847   49.792   9.958 0.000
168.979167 168.993056   981.688   49.084   9.817 0.000
169.069444 169.083333   982.074   49.104   9.821 0.000
169.159722 169.173611   993.445   49.672   9.934 0.000
169.250000 169.263889   983.369   49.168   9.834 0.000
169.340278 169.354167   987.071   49.354   9.871 0.000
169.430556 169.444444   995.877   49.794   9.959 0.000
169.520833 169.534722   992.838   49.642   9.928 0.000
169.611111 169.625000  1000.440   50.022  10.004 0.000
169.701389 169.715278  1017.967   50.898  10.180 0.000
169.791667 169.805556  1000.455   50.023  10.005 0.000
169.881944 169.895833   992.412   49.621   9.924 0.000
169.972222 169.986111  1004.703   50.235  10.047 0.000
170.062500 170.076389  1026.520   51.326  10.265 0.000
170.152778 170.166667  1019.312   50.966  10.193 0.000
170.243056 170.256944  1016.359   50.818  10.164 0.000
170.333333 170.347222  1016.458   50.823  10.165 0.000
170.423611 170.437500  1012.130   50.607  10.121 0.000
170.875000 170.888889  1023.482   51.174  10.235 0.000
170.965278 170.979167  1053.897   52.695  10.539 0.000
171.056250 171.070139  1051.205   52.560  10.512 0.000
171.146528 171.160417  1024.600   51.230  10.246 0.000
171.236806 171.250694   965.247   48.262   9.652 0.000
171.327083 171.340972   944.112   47.206   9.441 0.000
171.417361 171.431250   933.480   46.674   9.335 0.000
171.507639 171.521528   932.135   46.607   9.321 0.000
171.597917 171.611806 99999.999 9999.999 999.999 0.999
171.688194 171.702083 99999.999 9999.999 999.999 0.999
174.668750 174.682639 99999.999 9999.999 999.999 0.999
174.759028 174.772917   926.228   46.311   9.262 0.000
174.849306 174.863194   922.812   46.141   9.228 0.000
174.939583 174.953472   923.061   46.153   9.231 0.000
175.029861 175.043750   941.391   47.070   9.414 0.000
175.120139 175.134028   943.325   47.166   9.433 0.000
175.210417 175.224306   944.691   47.235   9.447 0.000
175.300694 175.314583   946.533   47.327   9.465 0.000
175.390972 175.404861   936.294   46.815   9.363 0.000
175.481250 175.495139   949.596   47.480   9.496 0.000
175.571528 175.585417   962.723   48.136   9.627 0.000
175.661806 175.675694   964.800   48.240   9.648 0.000
175.752083 175.765972   955.279   47.764   9.553 0.000
175.842361 175.856250   931.958   46.598   9.320 0.000
175.932639 175.946528   902.294   45.115   9.023 0.000
176.022917 176.036806   907.042   45.352   9.070 0.000
176.113194 176.127083   908.523   45.426   9.085 0.000
176.203472 176.217361   904.640   45.232   9.046 0.000
176.293750 176.307639   907.249   45.362   9.072 0.000
176.384028 176.397917   897.413   44.871   8.974 0.000
176.474306 176.488194   906.971   45.349   9.070 0.000
176.564583 176.578472   904.285   45.214   9.043 0.000
176.654861 176.668750   911.953   45.598   9.120 0.000
176.745139 176.759028   899.656   44.983   8.997 0.000
176.835417 176.849306   880.816   44.041   8.808 0.000
176.925694 176.939583   880.424   44.021   8.804 0.000
177.015972 177.029861   898.134   44.907   8.981 0.000
177.106250 177.120139   889.189   44.459   8.892 0.000
177.196528 177.210417   877.281   43.864   8.773 0.000
177.286806 177.300694   874.089   43.704   8.741 0.000
177.377083 177.390972   866.857   43.343   8.669 0.000
177.467361 177.481250   864.991   43.250   8.650 0.000
177.918750 177.932639   861.914   43.096   8.619 0.000
178.009028 178.022917   848.932   42.447   8.489 0.000
178.099306 178.113194   843.875   42.194   8.439 0.000
178.189583 178.203472   857.798   42.890   8.578 0.000
178.279861 178.293750   860.717   43.036   8.607 0.000
178.370139 178.384028   861.841   43.092   8.618 0.000
178.460417 178.474306   869.310   43.466   8.693 0.000
178.550694 178.564583   879.256   43.963   8.793 0.000
178.640972 178.654861   876.413   43.821   8.764 0.000
178.731250 178.745139   867.471   43.374   8.675 0.000
178.821528 178.835417   863.788   43.189   8.638 0.000
178.911806 178.925694   846.397   42.320   8.464 0.000
179.002083 179.015972   839.706   41.985   8.397 0.000
179.092361 179.106250   838.667   41.933   8.387 0.000
179.182639 179.196528   845.919   42.296   8.459 0.000
179.272917 179.286806   860.634   43.032   8.606 0.000
179.363194 179.377083   843.083   42.154   8.431 0.000
179.453472 179.467361   842.950   42.148   8.430 0.000
179.543750 179.557639   843.162   42.158   8.432 0.000
179.634028 179.647917   841.674   42.084   8.417 0.000
179.724306 179.738194   841.400   42.070   8.414 0.000
179.814583 179.828472   854.545   42.727   8.545 0.000
179.904861 179.918750   856.466   42.823   8.565 0.000
179.995139 180.009028   849.049   42.452   8.490 0.000
180.085417 180.099306   866.699   43.335   8.667 0.000
180.175694 180.189583   858.493   42.925   8.585 0.000
180.265972 180.279861   850.864   42.543   8.509 0.000
180.356250 180.370139   843.285   42.164   8.433 0.000
180.446528 180.460417   836.432   41.822   8.364 0.000
180.536806 180.550694   834.030   41.702   8.340 0.000
180.627083 180.640972   833.140   41.657   8.331 0.000
180.717361 180.731250   834.650   41.733   8.347 0.000
180.807639 180.821528   837.594   41.880   8.376 0.000
181.079167 181.093056   818.431   40.922   8.184 0.000
181.169444 181.183333   833.079   41.654   8.331 0.000
181.259722 181.273611   840.391   42.020   8.404 0.000
181.350000 181.363889   842.753   42.138   8.428 0.000
181.440278 181.454167   842.802   42.140   8.428 0.000
181.530556 181.544444   850.417   42.521   8.504 0.000
181.620833 181.634722   846.643   42.332   8.466 0.000
181.711111 181.725000   863.463   43.173   8.635 0.000
181.801389 181.815278   848.495   42.425   8.485 0.000
181.891667 181.905556   847.055   42.353   8.471 0.000
181.981944 181.995833   859.869   42.993   8.599 0.000
182.072222 182.086111   857.629   42.881   8.576 0.000
182.162500 182.176389   857.442   42.872   8.574 0.000
182.252778 182.266667   851.581   42.579   8.516 0.000
182.343056 182.356944   855.512   42.776   8.555 0.000
182.433333 182.447222   859.806   42.990   8.598 0.000
182.523611 182.537500   864.696   43.235   8.647 0.000
182.613889 182.627778   857.174   42.859   8.572 0.000
182.704167 182.718056   855.691   42.785   8.557 0.000
182.794444 182.808333   853.173   42.659   8.532 0.000
182.884722 182.898611   855.214   42.761   8.552 0.000
182.975000 182.988889   847.784   42.389   8.478 0.000
183.065278 183.079167   832.440   41.622   8.324 0.000
183.155556 183.169444   832.148   41.607   8.321 0.000
183.245833 183.259722   843.242   42.162   8.432 0.000
183.336111 183.350000   840.160   42.008   8.402 0.000
183.426389 183.440278   840.519   42.026   8.405 0.000
183.516667 183.530556   838.914   41.946   8.389 0.000
183.606944 183.620833   835.589   41.779   8.356 0.000
183.697222 183.711111   831.769   41.588   8.318 0.000
183.787500 183.801389   833.823   41.691   8.338 0.000
183.877778 183.891667   841.244   42.062   8.412 0.000
183.968056 183.981944   840.588   42.029   8.406 0.000
184.058333 184.072222   834.004   41.700   8.340 0.000
184.148611 184.162500   823.730   41.187   8.237 0.000
184.238889 184.252778   810.120   40.506   8.101 0.000
184.329167 184.343056   802.600   40.130   8.026 0.000
184.419444 184.433333   801.792   40.090   8.018 0.000
184.870833 184.884722   817.882   40.894   8.179 0.000
184.961111 184.975000   814.676   40.734   8.147 0.000
185.051389 185.065278   820.839   41.042   8.208 0.000
185.141667 185.155556   831.475   41.574   8.315 0.000
185.231944 185.245833   840.470   42.024   8.405 0.000
185.322222 185.336111   862.003   43.100   8.620 0.000
185.412500 185.426389   873.216   43.661   8.732 0.000
185.502778 185.516667   858.622   42.931   8.586 0.000
185.593056 185.606944   847.098   42.355   8.471 0.000
185.683333 185.697222   850.863   42.543   8.509 0.000
185.773611 185.787500   850.266   42.513   8.503 0.000
185.863889 185.877778   845.829   42.291   8.458 0.000
185.954167 185.968056   842.038   42.102   8.420 0.000
186.044444 186.058333   838.915   41.946   8.389 0.000
186.134722 186.148611   837.925   41.896   8.379 0.000
186.225000 186.238889   841.862   42.093   8.419 0.000
186.315278 186.329167   841.945   42.097   8.419 0.000
186.405556 186.419444   841.430   42.072   8.414 0.000
186.495833 186.509722   846.099   42.305   8.461 0.000
186.586111 186.600000   844.217   42.211   8.442 0.000
186.676389 186.690278   835.915   41.796   8.359 0.000
186.766667 186.780556   837.000   41.850   8.370 0.000
186.856944 186.870833   836.823   41.841   8.368 0.000
186.947222 186.961111   836.557   41.828   8.366 0.000
187.037500 187.051389   833.935   41.697   8.339 0.000
187.127778 187.141667   833.782   41.689   8.338 0.000
187.218750 187.232639   830.323   41.516   8.303 0.000
187.309028 187.322917   835.882   41.794   8.359 0.000
187.399306 187.413194   833.471   41.674   8.335 0.000
187.489583 187.503472   831.015   41.551   8.310 0.000
187.579861 187.593750   830.751   41.538   8.308 0.000
187.670139 187.684028   825.067   41.253   8.251 0.000
187.760417 187.774306   830.529   41.526   8.305 0.000
188.031250 188.045139   823.791   41.190   8.238 0.000
188.121528 188.135417   828.729   41.436   8.287 0.000
188.211806 188.225694   827.181   41.359   8.272 0.000
188.302083 188.315972   830.727   41.536   8.307 0.000
188.392361 188.406250   834.812   41.741   8.348 0.000
188.482639 188.496528   832.158   41.608   8.322 0.000
188.572917 188.586806   832.151   41.608   8.322 0.000
188.663194 188.677083   834.849   41.742   8.348 0.000
188.753472 188.767361   834.279   41.714   8.343 0.000
188.843750 188.857639   833.821   41.691   8.338 0.000
188.934028 188.947917   831.850   41.593   8.319 0.000
189.024306 189.038194   831.173   41.559   8.312 0.000
189.114583 189.128472   827.920   41.396   8.279 0.000
189.204861 189.218750   824.440   41.222   8.244 0.000
189.295139 189.309028   823.145   41.157   8.231 0.000
189.385417 189.399306   827.528   41.376   8.275 0.000
189.475694 189.489583   821.800   41.090   8.218 0.000
189.565972 189.579861   823.102   41.155   8.231 0.000
189.656250 189.670139   820.379   41.019   8.204 0.000
189.746528 189.760417   826.683   41.334   8.267 0.000
189.836806 189.850694   818.177   40.909   8.182 0.000
189.927083 189.940972   824.357   41.218   8.244 0.000
190.017361 190.031250   821.575   41.079   8.216 0.000
190.107639 190.121528   809.474   40.474   8.095 0.000
190.198611 190.212500   820.842   41.042   8.208 0.000
