data/obs/c2h6/WDCGG/event/NO0042G.19940103120000.20181210133000.steel_canister.ethane.air.1y.1d.NO01L_sc_no42.NO01L_GC_FID_Chrompack_VOCAIR_Analyzer.lev2.nas
52 1001
Solberg, Sverre
NO01L, Norwegian Institute for Air Research, NILU, Atmosphere and Climate Department, Instituttveien 18, , 2007, Kjeller, Norway
Solberg, Sverre
EMEP NILU GAW-WDCRG
1 1
1994 01 01 2018 12 10
0
days from file reference point
3
1 1 1
999.999999 99999 9.999
end_time of measurement, days from the file reference point
ethane, pmol/mol
numflag ethane, no unit
0
35
Data definition:              EBAS_1.1
Set type code:                TI
Timezone:                     UTC
File name:                    NO0042G.19940103120000.20181210133000.steel_canister.ethane.air.1y.1d.NO01L_sc_no42.NO01L_GC_FID_Chrompack_VOCAIR_Analyzer.lev2.nas
File creation:                20190306184606
Startdate:                    19940103120000
Revision date:                20181210133000
Statistics:                   arithmetic mean
Data level:                   2
Period code:                  1y
Resolution code:              1d
Station code:                 NO0042G
Platform code:                NO0042S
Station name:                 Zeppelin mountain (Ny-Ålesund)
Station WDCA-ID:              GAWANO__ZEP
Station GAW-ID:               ZEP
Station GAW-Name:             Zeppelin Mountain (Ny Ålesund)
Station land use:             Gravel and stone
Station setting:              Polar
Station GAW type:             G
Station WMO region:           6
Station latitude:             78.90715
Station longitude:            11.88668
Station altitude:             474.0m
Regime:                       IMG
Component:                    ethane
Unit:                         pmol/mol
Matrix:                       air
Instrument type:              steel_canister
Laboratory code:              NO01L
Instrument name:              sc_no42
Method ref:                   NO01L_GC_FID_Chrompack_VOCAIR_Analyzer
Originator:                   Solberg, Sverre, sso@nilu.no, Norwegian Institute for Air Research, NILU, Atmosphere and Climate Department, Instituttveien 18, , 2007, Kjeller, Norway
Submitter:                    Solberg, Sverre, sso@nilu.no, Norwegian Institute for Air Research, NILU, Atmosphere and Climate Department, Instituttveien 18, , 2007, Kjeller, Norway
starttime endtime C2H6 flag_C2H6
  2.5   2.513889  2378 0.000
  4.5   4.513889  2565 0.000
  6.5   6.513889  3072 0.000
  9.5   9.513889  2147 0.000
 11.5  11.513889  2182 0.000
 13.5  13.513889  2380 0.000
 16.5  16.513889  2047 0.000
 18.5  18.513889  2150 0.000
 20.5  20.513889  2193 0.000
 23.5  23.513889  3121 0.000
 25.5  25.513889  4305 0.000
 27.5  27.513889  2340 0.000
 30.5  30.513889  2196 0.000
 32.5  32.513889  2155 0.000
 34.5  34.513889  2288 0.000
 37.5  37.513889  2195 0.000
 39.5  39.513889  1996 0.000
 41.5  41.513889  2304 0.000
 44.5  44.513889  2385 0.000
 46.5  46.513889  2384 0.000
 48.5  48.513889  2497 0.000
 51.5  51.513889  2323 0.000
 56.5  56.513889  2014 0.000
 59.5  59.513889  2373 0.000
 60.5  60.513889  2195 0.000
 62.5  62.513889  2298 0.000
 65.5  65.513889  2696 0.000
 69.5  69.513889  2517 0.000
 72.5  72.513889  2697 0.000
 74.5  74.513889  2390 0.000
 75.5  75.513889  3532 0.000
 76.5  76.513889  2775 0.000
 77.5  77.513889  3948 0.000
 78.5  78.513889  2492 0.000
 79.5  79.513889  2852 0.000
 80.5  80.513889  3140 0.000
 81.5  81.513889  2924 0.000
 82.5  82.513889  3046 0.000
 83.5  83.513889  3034 0.000
 84.5  84.513889  2617 0.000
 85.5  85.513889  2901 0.000
 86.5  86.513889  2722 0.000
 87.5  87.513889  2670 0.000
 88.5  88.513889  3007 0.000
 89.5  89.513889  2834 0.000
 90.5  90.513889  2765 0.000
 91.5  91.513889  2210 0.000
 92.5  92.513889  2382 0.000
 93.5  93.513889  2303 0.000
 94.5  94.513889  2632 0.000
 95.5  95.513889  2406 0.000
 96.5  96.513889  2446 0.000
 97.5  97.513889  2302 0.000
 98.5  98.513889  2227 0.000
 99.5  99.513889  2487 0.000
100.5 100.513889  2349 0.000
101.5 101.513889  2205 0.000
102.5 102.513889  2330 0.000
103.5 103.513889  2259 0.000
104.5 104.513889  2207 0.000
105.5 105.513889  2176 0.000
106.5 106.513889  1793 0.000
107.5 107.513889  1806 0.000
108.5 108.513889  1902 0.000
109.5 109.513889  2198 0.000
110.5 110.513889  2180 0.000
111.5 111.513889  2164 0.000
112.5 112.513889  2225 0.000
113.5 113.513889  2244 0.000
114.5 114.513889  2205 0.000
115.5 115.513889  2307 0.000
116.5 116.513889  2280 0.000
117.5 117.513889  2224 0.000
118.5 118.513889  2148 0.000
119.5 119.513889  1935 0.000
120.5 120.513889  1784 0.000
122.5 122.513889  1621 0.000
123.5 123.513889  1445 0.000
124.5 124.513889  1371 0.000
125.5 125.513889  1734 0.000
126.5 126.513889  1680 0.000
130.5 130.513889  1935 0.000
131.5 131.513889  2161 0.000
132.5 132.513889  1621 0.000
133.5 133.513889  1329 0.000
134.5 134.513889  1309 0.000
135.5 135.513889  1504 0.000
136.5 136.513889  1549 0.000
137.5 137.513889  1454 0.000
138.5 138.513889  1363 0.000
139.5 139.513889  1331 0.000
140.5 140.513889  1390 0.000
141.5 141.513889  1495 0.000
142.5 142.513889  1553 0.000
143.5 143.513889  1518 0.000
144.5 144.513889  1543 0.000
145.5 145.513889  1503 0.000
146.5 146.513889  1453 0.000
147.5 147.513889  1393 0.000
148.5 148.513889  1091 0.000
150.5 150.513889  1054 0.000
151.5 151.513889  1058 0.000
152.5 152.513889  1079 0.000
153.5 153.513889  1002 0.000
154.5 154.513889  1371 0.000
155.5 155.513889  1291 0.000
156.5 156.513889  1267 0.000
157.5 157.513889  1223 0.000
158.5 158.513889  1252 0.000
159.5 159.513889  1232 0.000
160.5 160.513889  1255 0.000
163.5 163.513889  1135 0.000
164.5 164.513889  1170 0.000
165.5 165.513889  1169 0.000
166.5 166.513889  1171 0.000
167.5 167.513889  1161 0.000
170.5 170.513889  1108 0.000
172.5 172.513889  1082 0.000
174.5 174.513889  1076 0.000
177.5 177.513889  1205 0.000
181.5 181.513889  1111 0.000
184.5 184.513889  1004 0.000
186.5 186.513889   927 0.000
188.5 188.513889   924 0.000
191.5 191.513889   875 0.459
203.5 203.513889   761 0.000
205.5 205.513889   842 0.000
207.5 207.513889   805 0.000
209.5 209.513889   776 0.000
212.5 212.513889   942 0.000
214.5 214.513889   740 0.000
216.5 216.513889   791 0.000
219.5 219.513889   767 0.000
221.5 221.513889   777 0.000
223.5 223.513889   763 0.000
226.5 226.513889   776 0.000
228.5 228.513889   797 0.000
230.5 230.513889   843 0.000
233.5 233.513889   841 0.000
235.5 235.513889   888 0.000
237.5 237.513889   855 0.000
240.5 240.513889   775 0.000
242.5 242.513889   817 0.000
244.5 244.513889   918 0.000
247.5 247.513889   836 0.000
249.5 249.513889   911 0.000
251.5 251.513889  1042 0.000
254.5 254.513889  1132 0.000
256.5 256.513889  1040 0.000
258.5 258.513889  1133 0.000
259.5 259.513889  1132 0.000
261.5 261.513889   999 0.000
263.5 263.513889  1033 0.000
265.5 265.513889  1150 0.000
268.5 268.513889  1132 0.459
272.5 272.513889  1241 0.000
275.5 275.513889  1239 0.000
277.5 277.513889  1279 0.000
279.5 279.513889  1458 0.000
282.5 282.513889  1296 0.000
284.5 284.513889  1362 0.000
286.5 286.513889  1368 0.000
289.5 289.513889  1361 0.000
291.5 291.513889  1268 0.000
293.5 293.513889  1270 0.000
296.5 296.513889  1319 0.000
298.5 298.513889  1334 0.000
300.5 300.513889  1391 0.000
303.5 303.513889  1422 0.000
305.5 305.513889  1483 0.000
307.5 307.513889  1503 0.000
310.5 310.513889  1443 0.000
312.5 312.513889  1498 0.000
314.5 314.513889  1502 0.000
317.5 317.513889  1582 0.000
319.5 319.513889  1624 0.000
321.5 321.513889  1553 0.000
324.5 324.513889  1693 0.000
326.5 326.513889  1859 0.000
328.5 328.513889  1892 0.000
331.5 331.513889  2094 0.000
334.5 334.513889  1894 0.459
335.5 335.513889  1970 0.000
338.5 338.513889  1480 0.000
340.5 340.513889  1838 0.000
342.5 342.513889  2003 0.000
345.5 345.513889  2002 0.000
347.5 347.513889  1900 0.000
349.5 349.513889  2165 0.000
352.5 352.513889  2585 0.000
354.5 354.513889  2514 0.000
356.5 356.513889  2198 0.000
361.5 361.513889  3008 0.000
363.5 363.513889  2771 0.000
