data/obs/c2h6/WDCGG/event/NO0042G.20160308151300.20170327000000.online_gc.ethane.air.10mo.2h.NO01L_Medusa-9.NO01L_AGAGE.lev2.nas
75 1001
Schmidbauer, Norbert; Lund-Myhre, Cathrine
NO01L, Norwegian Institute for Air Research, NILU, Atmosphere and Climate Department, Instituttveien 18, , 2007, Kjeller, Norway
Schmidbauer, Norbert; Lunder, Chris
ACTRIS EMEP GAW-WDCRG
1 1
2016 01 01 2017 03 27
0
days from file reference point
5
1 1 1 1 1
999.999999 99999.999 9999.999 999.999 9.999
end_time of measurement, days from the file reference point
ethane, pmol/mol, Statistics=arithmetic mean, Detection limit=1.0 pmol/mol
ethane, pmol/mol, Statistics=expanded uncertainty 2sigma
ethane, pmol/mol, Statistics=precision
numflag, no unit
0
56
Data definition:              EBAS_1.1
Set type code:                TI
Timezone:                     UTC
File name:                    NO0042G.20160308151300.20170327000000.online_gc.ethane.air.10mo.2h.NO01L_Medusa-9.NO01L_AGAGE.lev2.nas
File creation:                20190306184605
Startdate:                    20160308151300
Revision date:                20170327000000
Version:                      1
Version description:          initial revision, manually inspected
Data level:                   2
Period code:                  10mo
Resolution code:              2h
Sample duration:              20mn
Orig. time res.:              20mn
Station code:                 NO0042G
Platform code:                NO0042S
Station name:                 Zeppelin mountain (Ny-Ålesund)
Station WDCA-ID:              GAWANO__ZEP
Station GAW-ID:               ZEP
Station GAW-Name:             Zeppelin Mountain (Ny Ålesund)
Station land use:             Gravel and stone
Station setting:              Polar
Station GAW type:             G
Station WMO region:           6
Station latitude:             78.90715
Station longitude:            11.88668
Station altitude:             474.0m
Measurement altitude:         474.0m
Measurement height:           10.0m
Regime:                       IMG
Component:                    ethane
Unit:                         pmol/mol
Matrix:                       air
Instrument type:              online_gc
Laboratory code:              NO01L
Instrument name:              Medusa-9
Instrument manufacturer:      AGAGE+Agilent+Agilent
Instrument model:             MEDUSA+6890N+5975B
Instrument serial number:     70810508
Method ref:                   NO01L_AGAGE
Standard method:              SOP=ACTRIS_VOC_2014
Calibration scale:            SIO2005
Calibration standard ID:      Scipps NMHC Gold
Inlet type:                   Hat or hood
Inlet description:            heated inlet line from 15m tower,stainless steel line,large flow
Detection limit expl.:        Detection limit determined by peak area statistics
Measurement uncertainty expl.: "Includes reproducibility (precision) + systematic errors (accuracy).Zeppelin Medusa did not participate at Actris Round Robin - but Kjeller Medusa Ref:http://www.atmos-meas-tech.net/8/2715/2015/"
Zero/negative values code:    Zero/negative impossible
Zero/negative values:         Zero and neg. values do not appear , background air will allways have hihger mixing ratios than the detection limits of the reported hydrocarbons
Originator:                   Schmidbauer, Norbert, , Norwegian Institute for Air Research, NILU, Atmosphere and Climate Department, Instituttveien 18, , 2007, Kjeller, Norway
Originator:                   Lund-Myhre, Cathrine, clm@nilu.no, Norwegian Institute for Air Research, NILU, Atmosphere and Climate Department, Instituttveien 18, , 2007, Kjeller, Norway
Submitter:                    Schmidbauer, Norbert, , Norwegian Institute for Air Research, NILU, Atmosphere and Climate Department, Instituttveien 18, , 2007, Kjeller, Norway
Submitter:                    Lunder, Chris, crl@nilu.no, Norwegian Institute for Air Research, NILU, Atmosphere and Climate Department, Instituttveien 18, , 2007, Kjeller, Norway
Acknowledgement:              Request acknowledgement details from data originator
Comment:                      Preconcentration MEDUSA, permapure nafion drier,trap material Hayesep D,routine sequence is working standard - sample - working standard, sample volume 2 liter
starttime endtime C2H6 C2H6 C2H6 flag
[from data line 1164]
220.179861 220.193750   654.665   32.733   6.547 0.000
220.270139 220.284028   653.586   32.679   6.536 0.000
220.360417 220.374306   657.235   32.862   6.572 0.000
220.450694 220.464583   655.883   32.794   6.559 0.000
220.540972 220.554861   654.007   32.700   6.540 0.000
220.631250 220.645139   654.747   32.737   6.547 0.000
220.721528 220.735417   656.205   32.810   6.562 0.000
220.811806 220.825694   656.153   32.808   6.562 0.000
220.902083 220.915972   658.647   32.932   6.586 0.000
220.992361 221.006250   649.324   32.466   6.493 0.000
221.082639 221.096528   654.762   32.738   6.548 0.000
221.172917 221.186806   652.535   32.627   6.525 0.000
221.263194 221.277083   660.802   33.040   6.608 0.000
221.353472 221.367361   664.320   33.216   6.643 0.000
221.443750 221.457639   664.909   33.245   6.649 0.000
221.534028 221.547917   668.773   33.439   6.688 0.000
221.625000 221.638889   666.913   33.346   6.669 0.000
221.715278 221.729167   667.519   33.376   6.675 0.000
221.805556 221.819444   660.675   33.034   6.607 0.000
221.895833 221.909722   660.807   33.040   6.608 0.000
221.986111 222.000000   662.932   33.147   6.629 0.000
222.076389 222.090278   663.433   33.172   6.634 0.000
222.166667 222.180556   663.334   33.167   6.633 0.000
222.256944 222.270833   654.518   32.726   6.545 0.000
222.347222 222.361111 99999.999 9999.999 999.999 0.999
222.437500 222.451389   665.934   33.297   6.659 0.000
222.527778 222.541667   686.982   34.349   6.870 0.000
222.618056 222.631944   720.833   36.042   7.208 0.000
222.708333 222.722222   707.832   35.392   7.078 0.000
222.798611 222.812500   726.440   36.322   7.264 0.000
223.069444 223.083333   726.542   36.327   7.265 0.000
223.159722 223.173611   697.117   34.856   6.971 0.000
223.250000 223.263889   695.413   34.771   6.954 0.000
223.340278 223.354167   684.848   34.242   6.848 0.000
223.430556 223.444444   666.952   33.348   6.670 0.000
223.520833 223.534722   664.513   33.226   6.645 0.000
223.611111 223.625000   661.764   33.088   6.618 0.000
223.701389 223.715278   659.809   32.990   6.598 0.000
223.791667 223.805556   661.393   33.070   6.614 0.000
223.881944 223.895833   668.293   33.415   6.683 0.000
223.972222 223.986111   667.317   33.366   6.673 0.000
224.062500 224.076389   672.134   33.607   6.721 0.000
224.152778 224.166667   673.231   33.662   6.732 0.000
224.243056 224.256944   660.933   33.047   6.609 0.000
224.333333 224.347222   667.438   33.372   6.674 0.000
224.423611 224.437500   668.487   33.424   6.685 0.000
224.513889 224.527778   671.096   33.555   6.711 0.000
224.604167 224.618056   676.167   33.808   6.762 0.000
224.694444 224.708333   691.734   34.587   6.917 0.000
224.784722 224.798611   695.143   34.757   6.951 0.000
224.875000 224.888889   695.033   34.752   6.950 0.000
224.965278 224.979167   695.619   34.781   6.956 0.000
225.055556 225.069444   697.091   34.855   6.971 0.000
225.145833 225.159722   692.835   34.642   6.928 0.000
225.236111 225.250000   694.511   34.726   6.945 0.000
225.326389 225.340278   696.991   34.850   6.970 0.000
225.417361 225.431250   699.742   34.987   6.997 0.000
225.507639 225.521528   699.392   34.970   6.994 0.000
225.597917 225.611806   698.607   34.930   6.986 0.000
225.688194 225.702083   708.182   35.409   7.082 0.000
225.778472 225.792361   696.740   34.837   6.967 0.000
225.868750 225.882639   683.750   34.188   6.838 0.000
225.959028 225.972917   684.911   34.246   6.849 0.000
226.049306 226.063194   688.243   34.412   6.882 0.000
226.139583 226.153472   680.409   34.020   6.804 0.000
226.229861 226.243750   703.467   35.173   7.035 0.000
226.320139 226.334028   704.132   35.207   7.041 0.000
226.410417 226.424306   681.812   34.091   6.818 0.000
226.861806 226.875694   668.455   33.423   6.685 0.000
226.952083 226.965972   664.943   33.247   6.649 0.000
227.042361 227.056250   671.065   33.553   6.711 0.000
227.132639 227.146528   674.248   33.712   6.742 0.000
227.222917 227.236806   671.792   33.590   6.718 0.000
227.313194 227.327083   670.212   33.511   6.702 0.000
227.403472 227.417361   669.374   33.469   6.694 0.000
227.493750 227.507639   669.160   33.458   6.692 0.000
227.584028 227.597917   670.608   33.530   6.706 0.000
227.674306 227.688194   674.838   33.742   6.748 0.000
227.764583 227.778472   676.019   33.801   6.760 0.000
227.854861 227.868750   678.453   33.923   6.785 0.000
227.945139 227.959028   684.177   34.209   6.842 0.000
228.035417 228.049306   685.570   34.279   6.856 0.000
228.125694 228.139583   688.181   34.409   6.882 0.000
228.215972 228.229861   687.950   34.398   6.880 0.000
228.306250 228.320139   684.734   34.237   6.847 0.000
228.396528 228.410417   687.674   34.384   6.877 0.000
228.486806 228.500694   674.421   33.721   6.744 0.000
228.577083 228.590972   678.184   33.909   6.782 0.000
228.667361 228.681250   683.392   34.170   6.834 0.000
228.757639 228.771528   682.944   34.147   6.829 0.000
228.847917 228.861806   682.695   34.135   6.827 0.000
228.938194 228.952083   683.658   34.183   6.837 0.000
229.028472 229.042361   684.092   34.205   6.841 0.000
229.118750 229.132639   679.785   33.989   6.798 0.000
229.209028 229.222917   675.889   33.794   6.759 0.000
229.300000 229.313889   692.506   34.625   6.925 0.000
229.390278 229.404167   690.326   34.516   6.903 0.000
229.480556 229.494444   683.075   34.154   6.831 0.000
229.570833 229.584722   654.288   32.714   6.543 0.000
229.661111 229.675000   609.014   30.451   6.090 0.000
229.751389 229.765278   599.364   29.968   5.994 0.000
230.022222 230.036111   679.312   33.966   6.793 0.000
230.112500 230.126389   697.176   34.859   6.972 0.000
230.202778 230.216667   694.643   34.732   6.946 0.000
230.293056 230.306944   702.128   35.106   7.021 0.000
230.383333 230.397222   695.242   34.762   6.952 0.000
230.473611 230.487500   664.130   33.207   6.641 0.000
230.563889 230.577778   684.033   34.202   6.840 0.000
230.654167 230.668056   788.825   39.441   7.888 0.000
230.744444 230.758333   778.272   38.914   7.783 0.000
230.834722 230.848611   704.501   35.225   7.045 0.000
230.925000 230.938889   663.405   33.170   6.634 0.000
231.015278 231.029167   727.692   36.385   7.277 0.000
231.105556 231.119444   765.647   38.282   7.656 0.000
231.195833 231.209722   816.966   40.848   8.170 0.000
231.286111 231.300000   832.834   41.642   8.328 0.000
231.376389 231.390278   830.585   41.529   8.306 0.000
231.466667 231.480556 99999.999 9999.999 999.999 0.999
231.579167 231.593056 99999.999 9999.999 999.999 0.999
231.669444 231.683333   800.140   40.007   8.001 0.000
231.759722 231.773611   766.740   38.337   7.667 0.000
231.850000 231.863889   756.335   37.817   7.563 0.000
231.940278 231.954167   737.256   36.863   7.373 0.000
232.030556 232.044444   730.796   36.540   7.308 0.000
232.120833 232.134722   725.585   36.279   7.256 0.000
232.211111 232.225000   718.614   35.931   7.186 0.000
232.301389 232.315278   728.611   36.431   7.286 0.000
232.391667 232.405556   728.604   36.430   7.286 0.000
232.481944 232.495833   728.977   36.449   7.290 0.000
232.572222 232.586111   732.002   36.600   7.320 0.000
232.662500 232.676389   740.443   37.022   7.404 0.000
232.752778 232.766667   731.523   36.576   7.315 0.000
232.843056 232.856944   690.716   34.536   6.907 0.000
232.933333 232.947222   692.597   34.630   6.926 0.000
233.023611 233.037500   702.393   35.120   7.024 0.000
233.113889 233.127778   690.940   34.547   6.909 0.000
233.204167 233.218056   691.158   34.558   6.912 0.000
233.294444 233.308333   692.292   34.615   6.923 0.000
233.384722 233.398611   692.128   34.606   6.921 0.000
233.475000 233.488889   690.964   34.548   6.910 0.000
233.926389 233.940278   698.308   34.915   6.983 0.000
234.016667 234.030556   694.877   34.744   6.949 0.000
234.106944 234.120833   695.915   34.796   6.959 0.000
234.197222 234.211111   697.651   34.883   6.977 0.000
234.287500 234.301389   697.617   34.881   6.976 0.000
234.377778 234.391667   698.942   34.947   6.989 0.000
234.468056 234.481944   701.237   35.062   7.012 0.000
234.558333 234.572222   711.772   35.589   7.118 0.000
234.648611 234.662500   716.713   35.836   7.167 0.000
234.738889 234.752778   721.805   36.090   7.218 0.000
234.829861 234.843750   730.868   36.543   7.309 0.000
234.920139 234.934028   731.229   36.561   7.312 0.000
235.010417 235.024306   715.902   35.795   7.159 0.000
235.100694 235.114583   710.386   35.519   7.104 0.000
235.190972 235.204861   694.965   34.748   6.950 0.000
235.281250 235.295139   684.435   34.222   6.844 0.000
235.371528 235.385417   674.443   33.722   6.744 0.000
236.444444 236.458333   699.343   34.967   6.993 0.000
236.534722 236.548611   703.522   35.176   7.035 0.000
236.625000 236.638889   701.528   35.076   7.015 0.000
236.715278 236.729167   697.739   34.887   6.977 0.000
236.805556 236.819444   704.343   35.217   7.043 0.000
237.076389 237.090278   712.612   35.631   7.126 0.000
237.166667 237.180556   725.807   36.290   7.258 0.000
237.256944 237.270833   723.803   36.190   7.238 0.000
237.347222 237.361111   710.447   35.522   7.104 0.000
237.437500 237.451389   703.852   35.193   7.039 0.000
237.527778 237.541667   686.025   34.301   6.860 0.000
237.618056 237.631944   680.287   34.014   6.803 0.000
237.708333 237.722222   668.261   33.413   6.683 0.000
237.798611 237.812500   669.864   33.493   6.699 0.000
237.888889 237.902778   686.126   34.306   6.861 0.000
237.979167 237.993056   669.522   33.476   6.695 0.000
238.069444 238.083333   667.611   33.381   6.676 0.000
238.159722 238.173611   674.959   33.748   6.750 0.000
238.250000 238.263889   679.612   33.981   6.796 0.000
238.340278 238.354167   684.800   34.240   6.848 0.000
238.431250 238.445139   681.534   34.077   6.815 0.000
238.521528 238.535417   682.016   34.101   6.820 0.000
238.611806 238.625694   682.798   34.140   6.828 0.000
238.702083 238.715972   683.878   34.194   6.839 0.000
238.792361 238.806250   687.007   34.350   6.870 0.000
238.882639 238.896528   694.500   34.725   6.945 0.000
238.972917 238.986806   699.948   34.997   6.999 0.000
239.063194 239.077083   702.596   35.130   7.026 0.000
239.153472 239.167361   707.083   35.354   7.071 0.000
239.243750 239.257639   712.229   35.611   7.122 0.000
239.334028 239.347917   714.426   35.721   7.144 0.000
239.424306 239.438194   717.945   35.897   7.179 0.000
239.514583 239.528472   721.167   36.058   7.212 0.000
239.604861 239.618750   713.197   35.660   7.132 0.000
239.695139 239.709028   716.416   35.821   7.164 0.000
239.785417 239.799306   711.781   35.589   7.118 0.000
239.875694 239.889583   751.538   37.577   7.515 0.000
239.965972 239.979861   748.520   37.426   7.485 0.000
240.056250 240.070139   735.181   36.759   7.352 0.000
240.146528 240.160417   727.800   36.390   7.278 0.000
240.236806 240.250694   723.478   36.174   7.235 0.000
240.327083 240.340972   734.423   36.721   7.344 0.000
240.417361 240.431250   734.518   36.726   7.345 0.000
240.868750 240.882639   746.605   37.330   7.466 0.000
240.959028 240.972917   745.101   37.255   7.451 0.000
241.049306 241.063194   731.123   36.556   7.311 0.000
241.139583 241.153472   728.486   36.424   7.285 0.000
241.229861 241.243750   728.793   36.440   7.288 0.000
241.320139 241.334028   734.049   36.702   7.340 0.000
241.410417 241.424306   730.460   36.523   7.305 0.000
241.500694 241.514583   727.336   36.367   7.273 0.000
241.590972 241.604861   724.359   36.218   7.244 0.000
241.681250 241.695139   727.006   36.350   7.270 0.000
241.771528 241.785417   729.802   36.490   7.298 0.000
241.861806 241.875694   727.006   36.350   7.270 0.000
241.952083 241.965972   727.434   36.372   7.274 0.000
242.042361 242.056250   733.081   36.654   7.331 0.000
242.132639 242.146528   738.725   36.936   7.387 0.000
242.222917 242.236806   735.367   36.768   7.354 0.000
242.313194 242.327083   733.123   36.656   7.331 0.000
242.403472 242.417361   736.275   36.814   7.363 0.000
242.493750 242.507639   741.299   37.065   7.413 0.000
242.584028 242.597917   732.427   36.621   7.324 0.000
242.674306 242.688194   717.611   35.881   7.176 0.000
242.764583 242.778472   722.127   36.106   7.221 0.000
242.854861 242.868750   718.901   35.945   7.189 0.000
242.945139 242.959028   720.220   36.011   7.202 0.000
243.035417 243.049306   725.461   36.273   7.255 0.000
243.125694 243.139583   725.309   36.265   7.253 0.000
243.215972 243.229861   731.830   36.592   7.318 0.000
243.306250 243.320139   726.045   36.302   7.260 0.000
243.396528 243.410417   729.024   36.451   7.290 0.000
243.486806 243.500694   722.938   36.147   7.229 0.000
243.577083 243.590972   719.702   35.985   7.197 0.000
243.667361 243.681250   720.593   36.030   7.206 0.000
243.757639 243.771528   724.232   36.212   7.242 0.000
244.028472 244.042361   732.102   36.605   7.321 0.000
244.118750 244.132639   729.531   36.477   7.295 0.000
244.209028 244.222917   729.811   36.491   7.298 0.000
244.299306 244.313194   733.036   36.652   7.330 0.000
244.389583 244.403472   734.133   36.707   7.341 0.000
244.479861 244.493750   734.708   36.735   7.347 0.000
244.570139 244.584028   736.139   36.807   7.361 0.000
244.660417 244.674306   731.686   36.584   7.317 0.000
244.750694 244.764583   729.712   36.486   7.297 0.000
244.840972 244.854861   727.039   36.352   7.270 0.000
244.931250 244.945139   727.911   36.396   7.279 0.000
245.021528 245.035417   729.247   36.462   7.292 0.000
245.111806 245.125694   727.691   36.385   7.277 0.000
245.202083 245.215972   721.821   36.091   7.218 0.000
245.292361 245.306250   721.606   36.080   7.216 0.000
245.382639 245.396528   743.557   37.178   7.436 0.000
245.472917 245.486806   742.238   37.112   7.422 0.000
245.563889 245.577778   730.086   36.504   7.301 0.000
245.654167 245.668056   719.045   35.952   7.190 0.000
245.744444 245.758333   718.392   35.920   7.184 0.000
245.834722 245.848611   764.077   38.204   7.641 0.000
245.925000 245.938889   766.371   38.319   7.664 0.000
246.015278 246.029167   752.123   37.606   7.521 0.000
246.105556 246.119444   742.639   37.132   7.426 0.000
246.195833 246.209722   734.051   36.703   7.341 0.000
246.286111 246.300000   740.277   37.014   7.403 0.000
246.376389 246.390278   744.350   37.218   7.444 0.000
246.466667 246.480556   745.296   37.265   7.453 0.000
246.556944 246.570833   743.206   37.160   7.432 0.000
246.647222 246.661111   735.922   36.796   7.359 0.000
246.737500 246.751389   742.358   37.118   7.424 0.000
246.827778 246.841667   739.389   36.969   7.394 0.000
246.918056 246.931944   742.080   37.104   7.421 0.000
247.008333 247.022222   743.685   37.184   7.437 0.000
247.098611 247.112500   741.830   37.092   7.418 0.000
247.188889 247.202778   745.469   37.273   7.455 0.000
247.279167 247.293056   748.834   37.442   7.488 0.000
247.369444 247.383333   747.537   37.377   7.475 0.000
247.459722 247.473611   750.270   37.514   7.503 0.000
247.911111 247.925000   755.977   37.799   7.560 0.000
248.001389 248.015278   756.260   37.813   7.563 0.000
248.091667 248.105556   756.138   37.807   7.561 0.000
248.181944 248.195833   749.316   37.466   7.493 0.000
248.272222 248.286111   754.578   37.729   7.546 0.000
248.362500 248.376389   755.737   37.787   7.557 0.000
248.452778 248.466667   757.402   37.870   7.574 0.000
248.543056 248.556944 99999.999 9999.999 999.999 0.999
248.633333 248.647222   753.620   37.681   7.536 0.000
248.723611 248.737500   749.456   37.473   7.495 0.000
248.813889 248.827778   754.446   37.722   7.544 0.000
248.904167 248.918056   754.982   37.749   7.550 0.000
248.994444 249.008333   752.899   37.645   7.529 0.000
249.084722 249.098611   752.213   37.611   7.522 0.000
249.175000 249.188889   752.756   37.638   7.528 0.000
249.265278 249.279167   755.064   37.753   7.551 0.000
249.355556 249.369444   756.148   37.807   7.561 0.000
249.445833 249.459722   758.409   37.920   7.584 0.000
